0 -18682.7 -0.00190847
-0.010101 -19528.5 -7.19834
-0.020202 -19502.5 -14.4006
-0.030303 -19480.9 -21.9785
-0.040404 -19459.4 -29.5597
-0.0505051 -19441.9 -37.2187
-0.0606061 -19424.7 -44.8859
-0.0707071 -19411.1 -52.6812
-0.0808081 -19397.7 -60.4866
-0.0909091 -19387.6 -68.4073
-0.10101 -19377.7 -76.338
-0.111111 -19370.5 -84.3581
-0.121212 -19363.5 -92.3873
-0.131313 -19358.8 -100.483
-0.141414 -19354.3 -108.587
-0.151515 -19351.5 -116.74
-0.161616 -19349 -124.9
-0.171717 -19347.8 -133.098
-0.181818 -19346.9 -141.302
-0.191919 -19346.9 -149.534
-0.20202 -19347 -157.771
-0.212121 -19347.9 -166.028
-0.222222 -19348.9 -174.288
-0.232323 -19350.3 -182.56
-0.242424 -19351.9 -190.833
-0.252525 -19353.7 -199.111
-0.262626 -19355.6 -207.388
-0.272727 -19357.7 -215.662
-0.282828 -19359.7 -223.933
-0.292929 -19361.8 -232.195
-0.30303 -19363.9 -240.45
-0.313131 -19366 -248.69
-0.323232 -19368.1 -256.922
-0.333333 -19370.1 -265.134
-0.343434 -19372 -273.333
-0.353535 -19373.9 -281.51
-0.363636 -19375.8 -289.671
-0.373737 -19377.5 -297.805
-0.383838 -19379.2 -305.921
-0.393939 -19380.8 -314.008
-0.40404 -19382.3 -322.074
-0.414141 -19383.8 -330.109
-0.424242 -19385.2 -338.12
-0.434343 -19386.5 -346.098
-0.444444 -19387.8 -354.049
-0.454545 -19389 -361.966
-0.464646 -19390.1 -369.853
-0.474747 -19391.2 -377.705
-0.484848 -19392.3 -385.524
-0.494949 -19393.4 -393.307
-0.505051 -19394.4 -401.054
-0.515152 -19395.4 -408.765
-0.525253 -19396.4 -416.435
-0.535354 -19397.3 -424.07
-0.545455 -19398.3 -431.661
-0.555556 -19399.2 -439.215
-0.565657 -19400.2 -446.722
-0.575758 -19401.1 -454.193
-0.585859 -19402.1 -461.612
-0.59596 -19403 -468.995
-0.606061 -19404 -476.322
-0.616162 -19405 -483.613
-0.626263 -19406 -490.845
-0.636364 -19407.1 -498.041
-0.646465 -19408.1 -505.172
-0.656566 -19409.2 -512.268
-0.666667 -19410.4 -519.296
-0.676768 -19411.5 -526.288
-0.686869 -19412.7 -533.207
-0.69697 -19413.9 -540.092
-0.707071 -19415.2 -546.899
-0.717172 -19416.4 -553.673
-0.727273 -19417.8 -560.364
-0.737374 -19419.1 -567.023
-0.747475 -19420.5 -573.595
-0.757576 -19421.9 -580.136
-0.767677 -19423.4 -586.585
-0.777778 -19424.9 -593.006
-0.787879 -19426.4 -599.329
-0.79798 -19428 -605.626
-0.808081 -19429.5 -611.822
-0.818182 -19431.1 -617.993
-0.828283 -19432.7 -624.059
-0.838384 -19434.3 -630.102
-0.848485 -19436 -636.037
-0.858586 -19437.6 -641.951
-0.868687 -19439.2 -647.754
-0.878788 -19440.8 -653.538
-0.888889 -19442.3 -659.207
-0.89899 -19443.8 -664.86
-0.909091 -19445.2 -670.396
-0.919192 -19446.6 -675.919
-0.929293 -19447.8 -681.323
-0.939394 -19449.1 -686.717
-0.949495 -19450 -691.995
-0.959596 -19451 -697.265
-0.969697 -19451.7 -702.434
-0.979798 -19452.3 -707.599
-0.989899 -19452.6 -712.622
-1 -19452.8 -717.642
