0 1494.67 0.000175305
-0.010101 2953.79 12.9249
-0.020202 2935.1 25.8682
-0.030303 2922.25 39.7391
-0.040404 2909.59 53.618
-0.0505051 2901.57 67.6923
-0.0606061 2893.77 81.7789
-0.0707071 2889.54 96.0572
-0.0808081 2885.55 110.348
-0.0909091 2884.2 124.782
-0.10101 2883.06 139.227
-0.111111 2883.79 153.771
-0.121212 2884.7 168.324
-0.131313 2886.86 182.943
-0.141414 2889.14 197.569
-0.151515 2892.19 212.239
-0.161616 2895.31 226.914
-0.171717 2898.82 241.616
-0.181818 2902.37 256.321
-0.191919 2906.03 271.039
-0.20202 2909.68 285.756
-0.212121 2913.26 300.475
-0.222222 2916.79 315.191
-0.232323 2920.13 329.896
-0.242424 2923.39 344.595
-0.252525 2926.4 359.273
-0.262626 2929.3 373.942
-0.272727 2931.92 388.582
-0.282828 2934.42 403.209
-0.292929 2936.63 417.799
-0.30303 2938.72 432.373
-0.313131 2940.54 446.904
-0.323232 2942.24 461.415
-0.333333 2943.69 475.88
-0.343434 2945.03 490.319
-0.353535 2946.15 504.709
-0.363636 2947.16 519.07
-0.373737 2948 533.379
-0.383838 2948.74 547.654
-0.393939 2949.33 561.876
-0.40404 2949.84 576.06
-0.414141 2950.24 590.188
-0.424242 2950.56 604.275
-0.434343 2950.8 618.304
-0.444444 2950.99 632.288
-0.454545 2951.11 646.213
-0.464646 2951.19 660.087
-0.474747 2951.22 673.902
-0.484848 2951.23 687.661
-0.494949 2951.2 701.36
-0.505051 2951.15 714.998
-0.515152 2951.09 728.575
-0.525253 2951.02 742.085
-0.535354 2950.94 755.534
-0.545455 2950.85 768.911
-0.555556 2950.77 782.225
-0.565657 2950.69 795.46
-0.575758 2950.61 808.633
-0.585859 2950.55 821.719
-0.59596 2950.49 834.743
-0.606061 2950.45 847.674
-0.616162 2950.42 860.542
-0.626263 2950.4 873.309
-0.636364 2950.4 886.014
-0.646465 2950.43 898.609
-0.656566 2950.47 911.142
-0.666667 2950.54 923.556
-0.676768 2950.62 935.909
-0.686869 2950.74 948.135
-0.69697 2950.87 960.3
-0.707071 2951.05 972.327
-0.717172 2951.24 984.296
-0.727273 2951.47 996.117
-0.737374 2951.72 1007.88
-0.747475 2952.03 1019.49
-0.757576 2952.35 1031.04
-0.767677 2952.73 1042.42
-0.777778 2953.12 1053.74
-0.787879 2953.58 1064.89
-0.79798 2954.05 1075.99
-0.808081 2954.59 1086.9
-0.818182 2955.14 1097.76
-0.828283 2955.76 1108.42
-0.838384 2956.39 1119.04
-0.848485 2957.08 1129.44
-0.858586 2957.79 1139.81
-0.868687 2958.55 1149.95
-0.878788 2959.31 1160.06
-0.888889 2960.11 1169.94
-0.89899 2960.92 1179.79
-0.909091 2961.73 1189.39
-0.919192 2962.54 1198.98
-0.929293 2963.31 1208.32
-0.939394 2964.08 1217.64
-0.949495 2964.76 1226.72
-0.959596 2965.43 1235.78
-0.969697 2965.92 1244.62
-0.979798 2966.4 1253.46
-0.989899 2966.6 1262.06
-1 2966.78 1270.67
