0 16904.5 0.00172306
-0.010101 17881.9 8.39646
-0.020202 17855.9 16.7992
-0.030303 17834.6 25.6788
-0.040404 17813.5 34.5624
-0.0505051 17796.7 43.5454
-0.0606061 17780.1 52.5375
-0.0707071 17767.3 61.6732
-0.0808081 17754.8 70.8197
-0.0909091 17745.5 80.0911
-0.10101 17736.5 89.373
-0.111111 17730.2 98.7497
-0.121212 17724.1 108.136
-0.131313 17720.2 117.591
-0.141414 17716.6 127.055
-0.151515 17714.6 136.57
-0.161616 17712.8 146.092
-0.171717 17712.3 155.651
-0.181818 17711.9 165.217
-0.191919 17712.5 174.809
-0.20202 17713.2 184.406
-0.212121 17714.5 194.02
-0.222222 17716 203.637
-0.232323 17717.8 213.263
-0.242424 17719.6 222.889
-0.252525 17721.7 232.516
-0.262626 17723.9 242.141
-0.272727 17726.1 251.759
-0.282828 17728.3 261.372
-0.292929 17730.5 270.971
-0.30303 17732.7 280.562
-0.313131 17734.9 290.133
-0.323232 17737 299.693
-0.333333 17739 309.229
-0.343434 17740.9 318.749
-0.353535 17742.8 328.242
-0.363636 17744.6 337.716
-0.373737 17746.2 347.158
-0.383838 17747.9 356.58
-0.393939 17749.4 365.966
-0.40404 17750.8 375.329
-0.414141 17752.2 384.655
-0.424242 17753.5 393.953
-0.434343 17754.7 403.213
-0.444444 17755.9 412.442
-0.454545 17757 421.632
-0.464646 17758 430.787
-0.474747 17759 439.902
-0.484848 17760 448.979
-0.494949 17760.9 458.015
-0.505051 17761.8 467.009
-0.515152 17762.7 475.962
-0.525253 17763.5 484.868
-0.535354 17764.4 493.733
-0.545455 17765.2 502.548
-0.555556 17766.1 511.321
-0.565657 17766.9 520.04
-0.575758 17767.7 528.716
-0.585859 17768.6 537.334
-0.59596 17769.4 545.909
-0.606061 17770.3 554.421
-0.616162 17771.2 562.89
-0.626263 17772.1 571.292
-0.636364 17773 579.651
-0.646465 17774 587.937
-0.656566 17774.9 596.181
-0.666667 17776 604.346
-0.676768 17777 612.471
-0.686869 17778.1 620.51
-0.69697 17779.2 628.51
-0.707071 17780.3 636.42
-0.717172 17781.5 644.29
-0.727273 17782.7 652.065
-0.737374 17784 659.802
-0.747475 17785.3 667.437
-0.757576 17786.6 675.036
-0.767677 17787.9 682.527
-0.777778 17789.3 689.985
-0.787879 17790.8 697.329
-0.79798 17792.2 704.641
-0.808081 17793.7 711.834
-0.818182 17795.2 718.997
-0.828283 17796.7 726.037
-0.838384 17798.3 733.049
-0.848485 17799.8 739.932
-0.858586 17801.4 746.791
-0.868687 17802.9 753.516
-0.878788 17804.4 760.22
-0.888889 17805.9 766.785
-0.89899 17807.4 773.332
-0.909091 17808.8 779.738
-0.919192 17810.2 786.128
-0.929293 17811.4 792.375
-0.939394 17812.6 798.61
-0.949495 17813.6 804.705
-0.959596 17814.5 810.79
-0.969697 17815.2 816.751
-0.979798 17815.8 822.707
-0.989899 17816.1 828.503
-1 17816.3 834.295
