0 23519.1 0.00275989
-0.010101 23310.5 -2.23648
-0.020202 23293 -4.48537
-0.030303 23275.9 -7.08283
-0.040404 23258.9 -9.68343
-0.0505051 23243 -12.3593
-0.0606061 23227.1 -15.0355
-0.0707071 23212.9 -17.7167
-0.0808081 23198.8 -20.3961
-0.0909091 23186.5 -23.053
-0.10101 23174.4 -25.7068
-0.111111 23164.1 -28.3319
-0.121212 23154 -30.9532
-0.131313 23145.7 -33.5469
-0.141414 23137.7 -36.1363
-0.151515 23131.2 -38.6998
-0.161616 23125 -41.2585
-0.171717 23120.2 -43.792
-0.181818 23115.6 -46.32
-0.191919 23112.3 -48.8226
-0.20202 23109.2 -51.3188
-0.212121 23107 -53.7894
-0.222222 23105.1 -56.2529
-0.232323 23104 -58.6911
-0.242424 23103.1 -61.1216
-0.252525 23102.8 -63.5279
-0.262626 23102.7 -65.9263
-0.272727 23103 -68.3021
-0.282828 23103.4 -70.6701
-0.292929 23104.2 -73.0177
-0.30303 23105.1 -75.3576
-0.313131 23106.2 -77.6795
-0.323232 23107.4 -79.994
-0.333333 23108.8 -82.2928
-0.343434 23110.1 -84.5845
-0.353535 23111.6 -86.8626
-0.363636 23113.1 -89.134
-0.373737 23114.7 -91.3935
-0.383838 23116.3 -93.6467
-0.393939 23117.8 -95.8893
-0.40404 23119.4 -98.1258
-0.414141 23121 -100.353
-0.424242 23122.6 -102.574
-0.434343 23124.1 -104.786
-0.444444 23125.6 -106.992
-0.454545 23127.1 -109.191
-0.464646 23128.6 -111.382
-0.474747 23130.1 -113.566
-0.484848 23131.5 -115.743
-0.494949 23132.9 -117.913
-0.505051 23134.3 -120.075
-0.515152 23135.7 -122.23
-0.525253 23137.1 -124.377
-0.535354 23138.4 -126.516
-0.545455 23139.8 -128.646
-0.555556 23141.1 -130.769
-0.565657 23142.4 -132.882
-0.575758 23143.8 -134.987
-0.585859 23145.1 -137.081
-0.59596 23146.4 -139.167
-0.606061 23147.8 -141.241
-0.616162 23149.1 -143.306
-0.626263 23150.5 -145.358
-0.636364 23151.9 -147.401
-0.646465 23153.3 -149.429
-0.656566 23154.7 -151.447
-0.666667 23156.1 -153.449
-0.676768 23157.6 -155.441
-0.686869 23159.1 -157.413
-0.69697 23160.6 -159.376
-0.707071 23162.1 -161.317
-0.717172 23163.6 -163.248
-0.727273 23165.2 -165.155
-0.737374 23166.7 -167.051
-0.747475 23168.3 -168.919
-0.757576 23169.9 -170.777
-0.767677 23171.5 -172.604
-0.777778 23173.1 -174.42
-0.787879 23174.8 -176.2
-0.79798 23176.4 -177.971
-0.808081 23178 -179.702
-0.818182 23179.6 -181.422
-0.828283 23181.2 -183.099
-0.838384 23182.7 -184.766
-0.848485 23184.3 -186.385
-0.858586 23185.8 -187.994
-0.868687 23187.2 -189.55
-0.878788 23188.6 -191.098
-0.888889 23189.9 -192.588
-0.89899 23191.2 -194.071
-0.909091 23192.3 -195.493
-0.919192 23193.5 -196.909
-0.929293 23194.4 -198.26
-0.939394 23195.3 -199.606
-0.949495 23196 -200.887
-0.959596 23196.7 -202.163
-0.969697 23197.1 -203.371
-0.979798 23197.5 -204.577
-0.989899 23197.7 -205.767
-1 23197.8 -206.957
