0 -23460.1 -0.00240885
-0.010101 -23218.2 2.53255
-0.020202 -23201.2 5.07725
-0.030303 -23184.4 7.9912
-0.040404 -23167.7 10.9085
-0.0505051 -23151.9 13.9051
-0.0606061 -23136.3 16.9024
-0.0707071 -23122.2 19.9089
-0.0808081 -23108.2 22.9137
-0.0909091 -23095.9 25.8994
-0.10101 -23083.9 28.8821
-0.111111 -23073.6 31.8382
-0.121212 -23063.5 34.7908
-0.131313 -23055.1 37.7171
-0.141414 -23047 40.6393
-0.151515 -23040.5 43.5365
-0.161616 -23034.2 46.4291
-0.171717 -23029.3 49.297
-0.181818 -23024.7 52.1593
-0.191919 -23021.3 54.9966
-0.20202 -23018.1 57.8274
-0.212121 -23015.9 60.6325
-0.222222 -23013.9 63.4305
-0.232323 -23012.7 66.2029
-0.242424 -23011.7 68.9674
-0.252525 -23011.3 71.7072
-0.262626 -23011.1 74.4388
-0.272727 -23011.4 77.1472
-0.282828 -23011.8 79.8474
-0.292929 -23012.5 82.5263
-0.30303 -23013.4 85.1971
-0.313131 -23014.4 87.8489
-0.323232 -23015.6 90.4928
-0.333333 -23016.9 93.1199
-0.343434 -23018.3 95.7393
-0.353535 -23019.7 98.344
-0.363636 -23021.2 100.941
-0.373737 -23022.7 103.525
-0.383838 -23024.3 106.102
-0.393939 -23025.8 108.668
-0.40404 -23027.4 111.226
-0.414141 -23029 113.773
-0.424242 -23030.5 116.313
-0.434343 -23032.1 118.844
-0.444444 -23033.6 121.367
-0.454545 -23035.1 123.881
-0.464646 -23036.5 126.387
-0.474747 -23038 128.884
-0.484848 -23039.4 131.373
-0.494949 -23040.9 133.853
-0.505051 -23042.2 136.324
-0.515152 -23043.6 138.786
-0.525253 -23045 141.239
-0.535354 -23046.4 143.683
-0.545455 -23047.7 146.116
-0.555556 -23049 148.541
-0.565657 -23050.4 150.953
-0.575758 -23051.7 153.356
-0.585859 -23053 155.747
-0.59596 -23054.4 158.127
-0.606061 -23055.7 160.494
-0.616162 -23057.1 162.85
-0.626263 -23058.4 165.191
-0.636364 -23059.8 167.521
-0.646465 -23061.2 169.834
-0.656566 -23062.6 172.136
-0.666667 -23064.1 174.418
-0.676768 -23065.5 176.69
-0.686869 -23067 178.939
-0.69697 -23068.5 181.177
-0.707071 -23070 183.39
-0.717172 -23071.5 185.592
-0.727273 -23073 187.765
-0.737374 -23074.6 189.927
-0.747475 -23076.2 192.058
-0.757576 -23077.8 194.177
-0.767677 -23079.4 196.26
-0.777778 -23081 198.333
-0.787879 -23082.6 200.365
-0.79798 -23084.2 202.386
-0.808081 -23085.8 204.363
-0.818182 -23087.4 206.33
-0.828283 -23089 208.247
-0.838384 -23090.5 210.154
-0.848485 -23092 212.007
-0.858586 -23093.5 213.85
-0.868687 -23094.9 215.635
-0.878788 -23096.3 217.411
-0.888889 -23097.6 219.125
-0.89899 -23098.9 220.83
-0.909091 -23100 222.469
-0.919192 -23101.1 224.1
-0.929293 -23102 225.663
-0.939394 -23102.9 227.219
-0.949495 -23103.6 228.703
-0.959596 -23104.2 230.184
-0.969697 -23104.6 231.591
-0.979798 -23105 232.996
-0.989899 -23105.2 234.38
-1 -23105.3 235.764
