0 8598.58 0.00107087
-0.010101 7208.88 -12.4671
-0.020202 7218.19 -24.9561
-0.030303 7222.46 -38.4221
-0.040404 7226.57 -51.8969
-0.0505051 7227.02 -65.5807
-0.0606061 7227.31 -79.2758
-0.0707071 7225.08 -93.1468
-0.0808081 7222.71 -107.028
-0.0909091 7218.73 -121.031
-0.10101 7214.65 -135.042
-0.111111 7209.66 -149.131
-0.121212 7204.62 -163.227
-0.131313 7199.19 -177.372
-0.141414 7193.77 -191.522
-0.151515 7188.33 -205.701
-0.161616 7182.94 -219.884
-0.171717 7177.79 -234.08
-0.181818 7172.72 -248.277
-0.191919 7168.04 -262.476
-0.20202 7163.49 -276.673
-0.212121 7159.4 -290.859
-0.222222 7155.46 -305.041
-0.232323 7152.02 -319.202
-0.242424 7148.73 -333.355
-0.252525 7145.92 -347.48
-0.262626 7143.28 -361.592
-0.272727 7141.08 -375.67
-0.282828 7139.05 -389.732
-0.292929 7137.41 -403.753
-0.30303 7135.92 -417.756
-0.313131 7134.78 -431.714
-0.323232 7133.77 -445.649
-0.333333 7133.04 -459.537
-0.343434 7132.44 -473.4
-0.353535 7132.07 -487.212
-0.363636 7131.8 -500.995
-0.373737 7131.71 -514.727
-0.383838 7131.71 -528.426
-0.393939 7131.85 -542.072
-0.40404 7132.05 -555.683
-0.414141 7132.36 -569.239
-0.424242 7132.72 -582.755
-0.434343 7133.15 -596.216
-0.444444 7133.62 -609.633
-0.454545 7134.15 -622.995
-0.464646 7134.69 -636.309
-0.474747 7135.27 -649.566
-0.484848 7135.87 -662.77
-0.494949 7136.48 -675.917
-0.505051 7137.1 -689.006
-0.515152 7137.73 -702.038
-0.525253 7138.37 -715.006
-0.535354 7139 -727.916
-0.545455 7139.63 -740.758
-0.555556 7140.26 -753.54
-0.565657 7140.89 -766.248
-0.575758 7141.51 -778.896
-0.585859 7142.12 -791.462
-0.59596 7142.73 -803.97
-0.606061 7143.32 -816.388
-0.616162 7143.91 -828.746
-0.626263 7144.49 -841.008
-0.636364 7145.06 -853.211
-0.646465 7145.62 -865.309
-0.656566 7146.17 -877.348
-0.666667 7146.7 -889.273
-0.676768 7147.22 -901.139
-0.686869 7147.73 -912.883
-0.69697 7148.23 -924.568
-0.707071 7148.7 -936.122
-0.717172 7149.17 -947.618
-0.727273 7149.6 -958.971
-0.737374 7150.03 -970.269
-0.747475 7150.42 -981.414
-0.757576 7150.79 -992.504
-0.767677 7151.13 -1003.43
-0.777778 7151.45 -1014.3
-0.787879 7151.72 -1025
-0.79798 7151.97 -1035.65
-0.808081 7152.16 -1046.12
-0.818182 7152.34 -1056.53
-0.828283 7152.45 -1066.75
-0.838384 7152.54 -1076.92
-0.848485 7152.55 -1086.89
-0.858586 7152.56 -1096.81
-0.868687 7152.48 -1106.52
-0.878788 7152.38 -1116.19
-0.888889 7152.22 -1125.63
-0.89899 7152.03 -1135.04
-0.909091 7151.79 -1144.21
-0.919192 7151.53 -1153.36
-0.929293 7151.23 -1162.26
-0.939394 7150.93 -1171.14
-0.949495 7150.62 -1179.78
-0.959596 7150.3 -1188.4
-0.969697 7150.04 -1196.8
-0.979798 7149.78 -1205.19
-0.989899 7149.67 -1213.37
-1 7149.56 -1221.55
