0 -21911.9 -0.00205666
-0.010101 -22399.9 -3.96833
-0.020202 -22375.5 -7.93502
-0.030303 -22354.1 -12.0176
-0.040404 -22332.8 -16.1011
-0.0505051 -22314.8 -20.2079
-0.0606061 -22296.9 -24.3202
-0.0707071 -22282.1 -28.5172
-0.0808081 -22267.5 -32.7218
-0.0909091 -22255.8 -37.0135
-0.10101 -22244.3 -41.3132
-0.111111 -22235.3 -45.6848
-0.121212 -22226.7 -50.0641
-0.131313 -22220.2 -54.4996
-0.141414 -22214 -58.9422
-0.151515 -22209.6 -63.4288
-0.161616 -22205.4 -67.9221
-0.171717 -22202.7 -72.4509
-0.181818 -22200.2 -76.9861
-0.191919 -22198.9 -81.5505
-0.20202 -22197.8 -86.1208
-0.212121 -22197.5 -90.7148
-0.222222 -22197.4 -95.3139
-0.232323 -22198 -99.9312
-0.242424 -22198.7 -104.553
-0.252525 -22199.8 -109.187
-0.262626 -22201 -113.823
-0.272727 -22202.5 -118.467
-0.282828 -22204.1 -123.112
-0.292929 -22205.8 -127.759
-0.30303 -22207.6 -132.404
-0.313131 -22209.4 -137.047
-0.323232 -22211.3 -141.687
-0.333333 -22213.2 -146.32
-0.343434 -22215 -150.947
-0.353535 -22216.9 -155.564
-0.363636 -22218.7 -160.174
-0.373737 -22220.5 -164.77
-0.383838 -22222.3 -169.357
-0.393939 -22224 -173.928
-0.40404 -22225.6 -178.487
-0.414141 -22227.2 -183.029
-0.424242 -22228.8 -187.558
-0.434343 -22230.3 -192.067
-0.444444 -22231.7 -196.561
-0.454545 -22233.2 -201.035
-0.464646 -22234.5 -205.492
-0.474747 -22235.9 -209.928
-0.484848 -22237.2 -214.344
-0.494949 -22238.4 -218.739
-0.505051 -22239.7 -223.113
-0.515152 -22240.9 -227.465
-0.525253 -22242.1 -231.793
-0.535354 -22243.3 -236.1
-0.545455 -22244.4 -240.381
-0.555556 -22245.6 -244.64
-0.565657 -22246.8 -248.872
-0.575758 -22247.9 -253.082
-0.585859 -22249.1 -257.261
-0.59596 -22250.3 -261.419
-0.606061 -22251.5 -265.545
-0.616162 -22252.7 -269.649
-0.626263 -22253.9 -273.719
-0.636364 -22255.2 -277.767
-0.646465 -22256.4 -281.779
-0.656566 -22257.7 -285.77
-0.666667 -22259.1 -289.722
-0.676768 -22260.4 -293.653
-0.686869 -22261.8 -297.543
-0.69697 -22263.2 -301.414
-0.707071 -22264.6 -305.241
-0.717172 -22266.1 -309.049
-0.727273 -22267.6 -312.812
-0.737374 -22269.1 -316.556
-0.747475 -22270.7 -320.253
-0.757576 -22272.3 -323.933
-0.767677 -22273.9 -327.564
-0.777778 -22275.6 -331.179
-0.787879 -22277.2 -334.743
-0.79798 -22278.9 -338.293
-0.808081 -22280.6 -341.791
-0.818182 -22282.3 -345.276
-0.828283 -22284.1 -348.708
-0.838384 -22285.8 -352.127
-0.848485 -22287.5 -355.494
-0.858586 -22289.1 -358.849
-0.868687 -22290.8 -362.151
-0.878788 -22292.4 -365.443
-0.888889 -22294 -368.68
-0.89899 -22295.5 -371.91
-0.909091 -22296.9 -375.085
-0.919192 -22298.3 -378.254
-0.929293 -22299.5 -381.367
-0.939394 -22300.7 -384.476
-0.949495 -22301.6 -387.534
-0.959596 -22302.5 -390.587
-0.969697 -22303.1 -393.599
-0.979798 -22303.7 -396.61
-0.989899 -22304 -399.53
-1 -22304.2 -402.449
