0 -953.5 -0.000106009
-0.010101 -2415.87 -12.9591
-0.020202 -2397.6 -25.937
-0.030303 -2385.15 -39.8501
-0.040404 -2372.89 -53.7714
-0.0505051 -2365.24 -67.8906
-0.0606061 -2357.81 -82.022
-0.0707071 -2353.91 -96.3461
-0.0808081 -2350.24 -110.683
-0.0909091 -2349.17 -125.163
-0.10101 -2348.31 -139.654
-0.111111 -2349.27 -154.243
-0.121212 -2350.41 -168.842
-0.131313 -2352.75 -183.507
-0.141414 -2355.21 -198.179
-0.151515 -2358.4 -212.895
-0.161616 -2361.66 -227.616
-0.171717 -2365.28 -242.363
-0.181818 -2368.92 -257.114
-0.191919 -2372.66 -271.877
-0.20202 -2376.37 -286.641
-0.212121 -2379.99 -301.405
-0.222222 -2383.56 -316.166
-0.232323 -2386.92 -330.916
-0.242424 -2390.2 -345.66
-0.252525 -2393.21 -360.384
-0.262626 -2396.11 -375.097
-0.272727 -2398.71 -389.782
-0.282828 -2401.2 -404.452
-0.292929 -2403.39 -419.087
-0.30303 -2405.46 -433.704
-0.313131 -2407.25 -448.28
-0.323232 -2408.91 -462.834
-0.333333 -2410.33 -477.342
-0.343434 -2411.63 -491.825
-0.353535 -2412.71 -506.258
-0.363636 -2413.69 -520.662
-0.373737 -2414.49 -535.013
-0.383838 -2415.19 -549.331
-0.393939 -2415.74 -563.595
-0.40404 -2416.22 -577.822
-0.414141 -2416.58 -591.993
-0.424242 -2416.87 -606.121
-0.434343 -2417.07 -620.193
-0.444444 -2417.22 -634.218
-0.454545 -2417.3 -648.185
-0.464646 -2417.35 -662.101
-0.474747 -2417.35 -675.957
-0.484848 -2417.32 -689.758
-0.494949 -2417.26 -703.498
-0.505051 -2417.18 -717.177
-0.515152 -2417.08 -730.795
-0.525253 -2416.98 -744.346
-0.535354 -2416.87 -757.836
-0.545455 -2416.75 -771.252
-0.555556 -2416.64 -784.607
-0.565657 -2416.53 -797.882
-0.575758 -2416.42 -811.095
-0.585859 -2416.32 -824.221
-0.59596 -2416.24 -837.285
-0.606061 -2416.16 -850.255
-0.616162 -2416.1 -863.163
-0.626263 -2416.06 -875.969
-0.636364 -2416.02 -888.713
-0.646465 -2416.02 -901.346
-0.656566 -2416.02 -913.918
-0.666667 -2416.06 -926.37
-0.676768 -2416.11 -938.762
-0.686869 -2416.19 -951.025
-0.69697 -2416.29 -963.227
-0.707071 -2416.43 -975.292
-0.717172 -2416.59 -987.298
-0.727273 -2416.79 -999.155
-0.737374 -2417 -1010.96
-0.747475 -2417.27 -1022.6
-0.757576 -2417.55 -1034.18
-0.767677 -2417.89 -1045.6
-0.777778 -2418.25 -1056.96
-0.787879 -2418.67 -1068.15
-0.79798 -2419.1 -1079.28
-0.808081 -2419.6 -1090.22
-0.818182 -2420.12 -1101.11
-0.828283 -2420.7 -1111.81
-0.838384 -2421.3 -1122.46
-0.848485 -2421.96 -1132.89
-0.858586 -2422.63 -1143.29
-0.868687 -2423.35 -1153.46
-0.878788 -2424.08 -1163.6
-0.888889 -2424.85 -1173.51
-0.89899 -2425.63 -1183.39
-0.909091 -2426.41 -1193.03
-0.919192 -2427.19 -1202.64
-0.929293 -2427.95 -1212.01
-0.939394 -2428.7 -1221.35
-0.949495 -2429.35 -1230.46
-0.959596 -2430.01 -1239.55
-0.969697 -2430.49 -1248.42
-0.979798 -2430.96 -1257.27
-0.989899 -2431.15 -1265.91
-1 -2431.33 -1274.54
