0 21590.2 0.00195214
-0.010101 20933.8 -6.17586
-0.020202 20923.3 -12.3681
-0.030303 20911.3 -19.1814
-0.040404 20899.4 -26.0002
-0.0505051 20887 -32.953
-0.0606061 20874.6 -39.9101
-0.0707071 20862.6 -46.9341
-0.0808081 20850.6 -53.9603
-0.0909091 20839.5 -61.0123
-0.10101 20828.5 -68.0649
-0.111111 20818.6 -75.1232
-0.121212 20808.9 -82.1809
-0.131313 20800.4 -89.2347
-0.141414 20792.2 -96.287
-0.151515 20785.1 -103.33
-0.161616 20778.4 -110.37
-0.171717 20772.7 -117.396
-0.181818 20767.4 -124.417
-0.191919 20763.1 -131.42
-0.20202 20759 -138.416
-0.212121 20755.9 -145.39
-0.222222 20753 -152.355
-0.232323 20750.9 -159.295
-0.242424 20749 -166.225
-0.252525 20747.8 -173.126
-0.262626 20746.7 -180.016
-0.272727 20746.2 -186.877
-0.282828 20745.8 -193.726
-0.292929 20745.9 -200.544
-0.30303 20746.1 -207.35
-0.313131 20746.5 -214.126
-0.323232 20747.1 -220.888
-0.333333 20747.9 -227.621
-0.343434 20748.8 -234.339
-0.353535 20749.9 -241.028
-0.363636 20750.9 -247.702
-0.373737 20752.1 -254.348
-0.383838 20753.4 -260.978
-0.393939 20754.7 -267.581
-0.40404 20756 -274.165
-0.414141 20757.3 -280.724
-0.424242 20758.7 -287.263
-0.434343 20760.1 -293.776
-0.444444 20761.4 -300.268
-0.454545 20762.8 -306.735
-0.464646 20764.2 -313.179
-0.474747 20765.5 -319.597
-0.484848 20766.9 -325.991
-0.494949 20768.2 -332.359
-0.505051 20769.5 -338.7
-0.515152 20770.8 -345.015
-0.525253 20772.1 -351.301
-0.535354 20773.4 -357.561
-0.545455 20774.7 -363.789
-0.555556 20776 -369.991
-0.565657 20777.3 -376.158
-0.575758 20778.5 -382.298
-0.585859 20779.8 -388.4
-0.59596 20781.1 -394.475
-0.606061 20782.3 -400.508
-0.616162 20783.6 -406.514
-0.626263 20784.9 -412.475
-0.636364 20786.2 -418.409
-0.646465 20787.5 -424.292
-0.656566 20788.8 -430.148
-0.666667 20790.1 -435.95
-0.676768 20791.5 -441.724
-0.686869 20792.8 -447.439
-0.69697 20794.1 -453.126
-0.707071 20795.5 -458.748
-0.717172 20796.9 -464.343
-0.727273 20798.3 -469.868
-0.737374 20799.6 -475.365
-0.747475 20801 -480.785
-0.757576 20802.4 -486.179
-0.767677 20803.8 -491.489
-0.777778 20805.2 -496.773
-0.787879 20806.6 -501.967
-0.79798 20807.9 -507.135
-0.808081 20809.3 -512.206
-0.818182 20810.6 -517.252
-0.828283 20811.9 -522.194
-0.838384 20813.2 -527.113
-0.848485 20814.4 -531.919
-0.858586 20815.6 -536.704
-0.868687 20816.6 -541.369
-0.878788 20817.7 -546.016
-0.888889 20818.7 -550.536
-0.89899 20819.6 -555.039
-0.909091 20820.5 -559.409
-0.919192 20821.2 -563.766
-0.929293 20821.9 -567.985
-0.939394 20822.5 -572.193
-0.949495 20822.9 -576.263
-0.959596 20823.3 -580.325
-0.969697 20823.6 -584.253
-0.979798 20823.8 -588.176
-0.989899 20823.9 -592.014
-1 20824 -595.85
