0 13377 0.00165331
-0.010101 12131 -11.2766
-0.020202 12134.5 -22.5752
-0.030303 12133.8 -34.7993
-0.040404 12133 -47.0315
-0.0505051 12129.3 -59.4598
-0.0606061 12125.5 -71.8976
-0.0707071 12119.9 -84.4855
-0.0808081 12114.3 -97.0817
-0.0909091 12107.7 -109.774
-0.10101 12101.1 -122.473
-0.111111 12094.2 -135.229
-0.121212 12087.3 -147.99
-0.131313 12080.5 -160.785
-0.141414 12073.8 -173.583
-0.151515 12067.4 -186.398
-0.161616 12061.2 -199.214
-0.171717 12055.6 -212.035
-0.181818 12050 -224.855
-0.191919 12045.2 -237.669
-0.20202 12040.4 -250.48
-0.212121 12036.4 -263.275
-0.222222 12032.5 -276.063
-0.232323 12029.3 -288.828
-0.242424 12026.2 -301.584
-0.252525 12023.7 -314.309
-0.262626 12021.4 -327.021
-0.272727 12019.6 -339.698
-0.282828 12018 -352.359
-0.292929 12016.7 -364.981
-0.30303 12015.7 -377.584
-0.313131 12015 -390.145
-0.323232 12014.4 -402.684
-0.333333 12014.2 -415.179
-0.343434 12014 -427.65
-0.353535 12014 -440.075
-0.363636 12014.2 -452.474
-0.373737 12014.5 -464.825
-0.383838 12014.9 -477.147
-0.393939 12015.4 -489.421
-0.40404 12016 -501.663
-0.414141 12016.7 -513.856
-0.424242 12017.4 -526.014
-0.434343 12018.2 -538.122
-0.444444 12019 -550.192
-0.454545 12019.8 -562.211
-0.464646 12020.7 -574.188
-0.474747 12021.5 -586.115
-0.484848 12022.4 -597.995
-0.494949 12023.3 -609.824
-0.505051 12024.2 -621.602
-0.515152 12025.1 -633.329
-0.525253 12026 -644.999
-0.535354 12026.9 -656.618
-0.545455 12027.8 -668.176
-0.555556 12028.7 -679.682
-0.565657 12029.6 -691.121
-0.575758 12030.5 -702.507
-0.585859 12031.3 -713.821
-0.59596 12032.2 -725.082
-0.606061 12033.1 -736.264
-0.616162 12033.9 -747.393
-0.626263 12034.8 -758.435
-0.636364 12035.6 -769.425
-0.646465 12036.5 -780.321
-0.656566 12037.3 -791.165
-0.666667 12038.2 -801.907
-0.676768 12039 -812.596
-0.686869 12039.8 -823.175
-0.69697 12040.6 -833.703
-0.707071 12041.4 -844.111
-0.717172 12042.2 -854.469
-0.727273 12043 -864.697
-0.737374 12043.8 -874.876
-0.747475 12044.5 -884.916
-0.757576 12045.3 -894.908
-0.767677 12046 -904.751
-0.777778 12046.7 -914.547
-0.787879 12047.3 -924.183
-0.79798 12048 -933.775
-0.808081 12048.6 -943.197
-0.818182 12049.1 -952.576
-0.828283 12049.6 -961.774
-0.838384 12050.1 -970.933
-0.848485 12050.5 -979.9
-0.858586 12050.9 -988.831
-0.868687 12051.2 -997.56
-0.878788 12051.5 -1006.26
-0.888889 12051.7 -1014.74
-0.89899 12051.9 -1023.2
-0.909091 12052 -1031.44
-0.919192 12052 -1039.65
-0.929293 12052 -1047.64
-0.939394 12052 -1055.6
-0.949495 12051.9 -1063.35
-0.959596 12051.8 -1071.08
-0.969697 12051.7 -1078.59
-0.979798 12051.6 -1086.1
-0.989899 12051.5 -1093.43
-1 12051.5 -1100.75
