0 23519.1 0.00275989
-0.010101 23310.5 -2.23665
-0.020202 23293 -4.48571
-0.030303 23275.9 -7.08331
-0.040404 23258.9 -9.68405
-0.0505051 23243 -12.36
-0.0606061 23227.1 -15.0363
-0.0707071 23212.9 -17.7176
-0.0808081 23198.8 -20.397
-0.0909091 23186.5 -23.054
-0.10101 23174.4 -25.7078
-0.111111 23164.1 -28.3329
-0.121212 23154 -30.9542
-0.131313 23145.7 -33.5478
-0.141414 23137.7 -36.1371
-0.151515 23131.2 -38.7006
-0.161616 23125 -41.2592
-0.171717 23120.2 -43.7926
-0.181818 23115.6 -46.3205
-0.191919 23112.3 -48.8229
-0.20202 23109.2 -51.319
-0.212121 23107 -53.7895
-0.222222 23105.1 -56.2528
-0.232323 23104 -58.6908
-0.242424 23103.1 -61.1211
-0.252525 23102.8 -63.5272
-0.262626 23102.6 -65.9253
-0.272727 23103 -68.301
-0.282828 23103.4 -70.6687
-0.292929 23104.2 -73.016
-0.30303 23105.1 -75.3557
-0.313131 23106.2 -77.6773
-0.323232 23107.4 -79.9915
-0.333333 23108.8 -82.29
-0.343434 23110.1 -84.5814
-0.353535 23111.6 -86.8592
-0.363636 23113.1 -89.1303
-0.373737 23114.7 -91.3895
-0.383838 23116.3 -93.6423
-0.393939 23117.8 -95.8847
-0.40404 23119.4 -98.1208
-0.414141 23121 -100.348
-0.424242 23122.5 -102.568
-0.434343 23124.1 -104.78
-0.444444 23125.6 -106.986
-0.454545 23127.1 -109.184
-0.464646 23128.6 -111.375
-0.474747 23130.1 -113.559
-0.484848 23131.5 -115.736
-0.494949 23132.9 -117.905
-0.505051 23134.3 -120.067
-0.515152 23135.7 -122.221
-0.525253 23137.1 -124.368
-0.535354 23138.4 -126.507
-0.545455 23139.8 -128.637
-0.555556 23141.1 -130.759
-0.565657 23142.4 -132.872
-0.575758 23143.8 -134.976
-0.585859 23145.1 -137.07
-0.59596 23146.4 -139.156
-0.606061 23147.8 -141.229
-0.616162 23149.1 -143.294
-0.626263 23150.5 -145.346
-0.636364 23151.9 -147.388
-0.646465 23153.3 -149.416
-0.656566 23154.7 -151.434
-0.666667 23156.1 -153.435
-0.676768 23157.6 -155.427
-0.686869 23159.1 -157.399
-0.69697 23160.5 -159.362
-0.707071 23162.1 -161.302
-0.717172 23163.6 -163.233
-0.727273 23165.1 -165.139
-0.737374 23166.7 -167.035
-0.747475 23168.3 -168.903
-0.757576 23169.9 -170.761
-0.767677 23171.5 -172.587
-0.777778 23173.1 -174.403
-0.787879 23174.7 -176.184
-0.79798 23176.4 -177.954
-0.808081 23178 -179.684
-0.818182 23179.6 -181.405
-0.828283 23181.2 -183.081
-0.838384 23182.7 -184.748
-0.848485 23184.3 -186.366
-0.858586 23185.8 -187.975
-0.868687 23187.2 -189.531
-0.878788 23188.6 -191.079
-0.888889 23189.9 -192.569
-0.89899 23191.2 -194.052
-0.909091 23192.3 -195.473
-0.919192 23193.5 -196.889
-0.929293 23194.4 -198.24
-0.939394 23195.3 -199.586
-0.949495 23196 -200.866
-0.959596 23196.7 -202.141
-0.969697 23197.1 -203.35
-0.979798 23197.5 -204.555
-0.989899 23197.7 -205.745
-1 23197.8 -206.934
