0 -23460.1 -0.00240885
-0.010101 -23218.2 2.53291
-0.020202 -23201.2 5.07799
-0.030303 -23184.4 7.99225
-0.040404 -23167.7 10.9098
-0.0505051 -23151.9 13.9067
-0.0606061 -23136.3 16.9042
-0.0707071 -23122.2 19.9108
-0.0808081 -23108.2 22.9158
-0.0909091 -23095.9 25.9015
-0.10101 -23083.8 28.8842
-0.111111 -23073.5 31.8403
-0.121212 -23063.5 34.7928
-0.131313 -23055.1 37.719
-0.141414 -23047 40.6411
-0.151515 -23040.5 43.5381
-0.161616 -23034.2 46.4305
-0.171717 -23029.3 49.2981
-0.181818 -23024.7 52.1602
-0.191919 -23021.3 54.9971
-0.20202 -23018.1 57.8276
-0.212121 -23015.9 60.6324
-0.222222 -23013.9 63.4299
-0.232323 -23012.7 66.2018
-0.242424 -23011.7 68.9659
-0.252525 -23011.3 71.7052
-0.262626 -23011.1 74.4363
-0.272727 -23011.4 77.1442
-0.282828 -23011.8 79.8438
-0.292929 -23012.5 82.5221
-0.30303 -23013.3 85.1924
-0.313131 -23014.4 87.8435
-0.323232 -23015.6 90.4868
-0.333333 -23016.9 93.1132
-0.343434 -23018.2 95.732
-0.353535 -23019.7 98.3359
-0.363636 -23021.2 100.932
-0.373737 -23022.7 103.516
-0.383838 -23024.3 106.092
-0.393939 -23025.8 108.657
-0.40404 -23027.4 111.214
-0.414141 -23029 113.761
-0.424242 -23030.5 116.3
-0.434343 -23032 118.83
-0.444444 -23033.6 121.352
-0.454545 -23035.1 123.865
-0.464646 -23036.5 126.371
-0.474747 -23038 128.867
-0.484848 -23039.4 131.355
-0.494949 -23040.8 133.835
-0.505051 -23042.2 136.305
-0.515152 -23043.6 138.767
-0.525253 -23045 141.219
-0.535354 -23046.3 143.662
-0.545455 -23047.7 146.094
-0.555556 -23049 148.518
-0.565657 -23050.4 150.93
-0.575758 -23051.7 153.332
-0.585859 -23053 155.722
-0.59596 -23054.4 158.102
-0.606061 -23055.7 160.468
-0.616162 -23057.1 162.824
-0.626263 -23058.4 165.163
-0.636364 -23059.8 167.493
-0.646465 -23061.2 169.805
-0.656566 -23062.6 172.107
-0.666667 -23064 174.388
-0.676768 -23065.5 176.659
-0.686869 -23067 178.907
-0.69697 -23068.4 181.145
-0.707071 -23070 183.357
-0.717172 -23071.5 185.559
-0.727273 -23073 187.731
-0.737374 -23074.6 189.893
-0.747475 -23076.2 192.023
-0.757576 -23077.8 194.142
-0.767677 -23079.4 196.225
-0.777778 -23081 198.296
-0.787879 -23082.6 200.328
-0.79798 -23084.2 202.349
-0.808081 -23085.8 204.326
-0.818182 -23087.4 206.291
-0.828283 -23088.9 208.208
-0.838384 -23090.5 210.114
-0.848485 -23092 211.967
-0.858586 -23093.5 213.81
-0.868687 -23094.9 215.595
-0.878788 -23096.3 217.37
-0.888889 -23097.6 219.083
-0.89899 -23098.8 220.788
-0.909091 -23099.9 222.426
-0.919192 -23101 224.057
-0.929293 -23102 225.619
-0.939394 -23102.9 227.175
-0.949495 -23103.5 228.659
-0.959596 -23104.2 230.138
-0.969697 -23104.6 231.546
-0.979798 -23105 232.95
-0.989899 -23105.2 234.333
-1 -23105.3 235.717
