0 -23621.9 -0.00265312
-0.010101 -23513.7 1.34847
-0.020202 -23494.9 2.70786
-0.030303 -23476.9 4.3519
-0.040404 -23459 5.99852
-0.0505051 -23442.5 7.70682
-0.0606061 -23426.2 9.41459
-0.0707071 -23411.6 11.1141
-0.0808081 -23397.3 12.8108
-0.0909091 -23384.9 14.4752
-0.10101 -23372.7 16.1357
-0.111111 -23362.4 17.7606
-0.121212 -23352.4 19.3811
-0.131313 -23344.3 20.9692
-0.141414 -23336.4 22.5526
-0.151515 -23330.1 24.107
-0.161616 -23324.1 25.6563
-0.171717 -23319.6 27.1785
-0.181818 -23315.3 28.6949
-0.191919 -23312.2 30.1849
-0.20202 -23309.3 31.6685
-0.212121 -23307.4 33.1264
-0.222222 -23305.8 34.5774
-0.232323 -23304.9 36.0037
-0.242424 -23304.2 37.4228
-0.252525 -23304.1 38.819
-0.262626 -23304.1 40.2079
-0.272727 -23304.6 41.5762
-0.282828 -23305.2 42.9376
-0.292929 -23306.2 44.281
-0.30303 -23307.2 45.6178
-0.313131 -23308.5 46.9395
-0.323232 -23309.8 48.2552
-0.333333 -23311.2 49.5582
-0.343434 -23312.7 50.856
-0.353535 -23314.3 52.1435
-0.363636 -23315.8 53.4262
-0.373737 -23317.5 54.7006
-0.383838 -23319.1 55.9709
-0.393939 -23320.7 57.2345
-0.40404 -23322.3 58.4943
-0.414141 -23323.9 59.7486
-0.424242 -23325.5 60.9996
-0.434343 -23327 62.2459
-0.444444 -23328.6 63.4892
-0.454545 -23330.1 64.7284
-0.464646 -23331.6 65.9646
-0.474747 -23333 67.1973
-0.484848 -23334.5 68.4268
-0.494949 -23335.9 69.6531
-0.505051 -23337.3 70.8761
-0.515152 -23338.7 72.0958
-0.525253 -23340 73.312
-0.535354 -23341.4 74.525
-0.545455 -23342.7 75.734
-0.555556 -23344 76.9397
-0.565657 -23345.4 78.1408
-0.575758 -23346.7 79.3385
-0.585859 -23348 80.5311
-0.59596 -23349.4 81.7199
-0.606061 -23350.7 82.9028
-0.616162 -23352.1 84.0817
-0.626263 -23353.4 85.2538
-0.636364 -23354.8 86.4216
-0.646465 -23356.2 87.5814
-0.656566 -23357.6 88.7366
-0.666667 -23359.1 89.8825
-0.676768 -23360.5 91.0236
-0.686869 -23362 92.1536
-0.69697 -23363.5 93.2785
-0.707071 -23365 94.3906
-0.717172 -23366.6 95.4972
-0.727273 -23368.1 96.5888
-0.737374 -23369.7 97.6745
-0.747475 -23371.3 98.7428
-0.757576 -23373 99.805
-0.767677 -23374.6 100.847
-0.777778 -23376.2 101.882
-0.787879 -23377.9 102.895
-0.79798 -23379.5 103.9
-0.808081 -23381.2 104.879
-0.818182 -23382.8 105.851
-0.828283 -23384.5 106.793
-0.838384 -23386.1 107.728
-0.848485 -23387.6 108.629
-0.858586 -23389.2 109.524
-0.868687 -23390.7 110.381
-0.878788 -23392.1 111.231
-0.888889 -23393.5 112.041
-0.89899 -23394.8 112.845
-0.909091 -23396 113.604
-0.919192 -23397.2 114.358
-0.929293 -23398.2 115.066
-0.939394 -23399.2 115.769
-0.949495 -23399.9 116.423
-0.959596 -23400.6 117.073
-0.969697 -23401.1 117.672
-0.979798 -23401.5 118.268
-0.989899 -23401.7 118.864
-1 -23401.8 119.461
