0 -23492.3 -0.00193258
-0.010101 -23585.8 -0.441011
-0.020202 -23564.8 -0.875171
-0.030303 -23545.3 -1.15651
-0.040404 -23525.9 -1.43646
-0.0505051 -23508.6 -1.68288
-0.0606061 -23491.4 -1.93154
-0.0707071 -23476.4 -2.21499
-0.0808081 -23461.7 -2.50296
-0.0909091 -23449.3 -2.84276
-0.10101 -23437.1 -3.18799
-0.111111 -23427.1 -3.58205
-0.121212 -23417.4 -3.98174
-0.131313 -23409.6 -4.42264
-0.141414 -23402.2 -4.8692
-0.151515 -23396.4 -5.35054
-0.161616 -23390.9 -5.83771
-0.171717 -23386.9 -6.35546
-0.181818 -23383.2 -6.87934
-0.191919 -23380.6 -7.43112
-0.20202 -23378.3 -7.98929
-0.212121 -23376.9 -8.57304
-0.222222 -23375.8 -9.16328
-0.232323 -23375.4 -9.77651
-0.242424 -23375.1 -10.396
-0.252525 -23375.4 -11.0355
-0.262626 -23375.9 -11.6808
-0.272727 -23376.7 -12.3426
-0.282828 -23377.7 -13.0094
-0.292929 -23378.9 -13.6891
-0.30303 -23380.2 -14.3728
-0.313131 -23381.7 -15.066
-0.323232 -23383.2 -15.7621
-0.333333 -23384.9 -16.4645
-0.343434 -23386.5 -17.1686
-0.353535 -23388.2 -17.8762
-0.363636 -23389.9 -18.5844
-0.373737 -23391.6 -19.2938
-0.383838 -23393.3 -20.0027
-0.393939 -23395 -20.7108
-0.40404 -23396.6 -21.4175
-0.414141 -23398.3 -22.122
-0.424242 -23399.9 -22.8241
-0.434343 -23401.4 -23.523
-0.444444 -23403 -24.2186
-0.454545 -23404.5 -24.9101
-0.464646 -23405.9 -25.5976
-0.474747 -23407.4 -26.2805
-0.484848 -23408.8 -26.9589
-0.494949 -23410.2 -27.6322
-0.505051 -23411.6 -28.3004
-0.515152 -23412.9 -28.9634
-0.525253 -23414.2 -29.6207
-0.535354 -23415.6 -30.2728
-0.545455 -23416.9 -30.9188
-0.555556 -23418.2 -31.5596
-0.565657 -23419.5 -32.1939
-0.575758 -23420.8 -32.8231
-0.585859 -23422.1 -33.4455
-0.59596 -23423.4 -34.063
-0.606061 -23424.7 -34.6735
-0.616162 -23426 -35.2794
-0.626263 -23427.4 -35.878
-0.636364 -23428.7 -36.4724
-0.646465 -23430.1 -37.0595
-0.656566 -23431.5 -37.6426
-0.666667 -23432.9 -38.2187
-0.676768 -23434.4 -38.7911
-0.686869 -23435.9 -39.3567
-0.69697 -23437.4 -39.9192
-0.707071 -23438.9 -40.4754
-0.717172 -23440.4 -41.029
-0.727273 -23442 -41.577
-0.737374 -23443.6 -42.1229
-0.747475 -23445.2 -42.6643
-0.757576 -23446.9 -43.2041
-0.767677 -23448.5 -43.7407
-0.777778 -23450.2 -44.2763
-0.787879 -23451.9 -44.8104
-0.79798 -23453.6 -45.3439
-0.808081 -23455.3 -45.8778
-0.818182 -23457 -46.4118
-0.828283 -23458.7 -46.9481
-0.838384 -23460.4 -47.485
-0.848485 -23462 -48.0265
-0.858586 -23463.6 -48.5688
-0.868687 -23465.2 -49.1181
-0.878788 -23466.8 -49.6686
-0.888889 -23468.2 -50.2281
-0.89899 -23469.6 -50.789
-0.909091 -23470.9 -51.361
-0.919192 -23472.2 -51.9344
-0.929293 -23473.3 -52.5209
-0.939394 -23474.3 -53.1086
-0.949495 -23475.1 -53.712
-0.959596 -23476 -54.3165
-0.969697 -23476.5 -54.942
-0.979798 -23477 -55.5684
-0.989899 -23477.2 -56.1641
-1 -23477.3 -56.7592
