0 18346 0.0017122
-0.010101 19219 7.44904
-0.020202 19193 14.9028
-0.030303 19171.4 22.7522
-0.040404 19150 30.605
-0.0505051 19132.7 38.5391
-0.0606061 19115.5 46.4815
-0.0707071 19102.1 54.5543
-0.0808081 19088.9 62.6372
-0.0909091 19078.9 70.8367
-0.10101 19069.2 79.0461
-0.111111 19062.2 87.3453
-0.121212 19055.4 95.6536
-0.131313 19050.8 104.028
-0.141414 19046.5 112.411
-0.151515 19043.9 120.843
-0.161616 19041.5 129.282
-0.171717 19040.5 137.758
-0.181818 19039.6 146.24
-0.191919 19039.7 154.749
-0.20202 19040 163.263
-0.212121 19041 171.796
-0.222222 19042.1 180.332
-0.232323 19043.6 188.879
-0.242424 19045.2 197.427
-0.252525 19047.1 205.979
-0.262626 19049 214.529
-0.272727 19051.1 223.075
-0.282828 19053.2 231.618
-0.292929 19055.3 240.151
-0.30303 19057.5 248.676
-0.313131 19059.6 257.186
-0.323232 19061.6 265.687
-0.333333 19063.7 274.166
-0.343434 19065.6 282.633
-0.353535 19067.5 291.075
-0.363636 19069.3 299.502
-0.373737 19071.1 307.901
-0.383838 19072.7 316.281
-0.393939 19074.3 324.631
-0.40404 19075.8 332.959
-0.414141 19077.3 341.255
-0.424242 19078.7 349.526
-0.434343 19080 357.764
-0.444444 19081.2 365.973
-0.454545 19082.4 374.148
-0.464646 19083.5 382.291
-0.474747 19084.6 390.399
-0.484848 19085.7 398.472
-0.494949 19086.7 406.509
-0.505051 19087.7 414.508
-0.515152 19088.7 422.47
-0.525253 19089.6 430.391
-0.535354 19090.6 438.274
-0.545455 19091.5 446.113
-0.555556 19092.4 453.914
-0.565657 19093.4 461.666
-0.575758 19094.3 469.38
-0.585859 19095.2 477.043
-0.59596 19096.2 484.667
-0.606061 19097.1 492.234
-0.616162 19098.1 499.763
-0.626263 19099.1 507.232
-0.636364 19100.1 514.663
-0.646465 19101.2 522.028
-0.656566 19102.2 529.356
-0.666667 19103.3 536.614
-0.676768 19104.5 543.835
-0.686869 19105.6 550.981
-0.69697 19106.8 558.092
-0.707071 19108 565.122
-0.717172 19109.3 572.117
-0.727273 19110.6 579.028
-0.737374 19111.9 585.905
-0.747475 19113.3 592.691
-0.757576 19114.7 599.446
-0.767677 19116.2 606.106
-0.777778 19117.6 612.736
-0.787879 19119.1 619.265
-0.79798 19120.7 625.767
-0.808081 19122.2 632.164
-0.818182 19123.8 638.535
-0.828283 19125.4 644.798
-0.838384 19127 651.036
-0.848485 19128.6 657.162
-0.858586 19130.2 663.266
-0.868687 19131.8 669.254
-0.878788 19133.4 675.223
-0.888889 19134.9 681.073
-0.89899 19136.4 686.905
-0.909091 19137.8 692.616
-0.919192 19139.2 698.313
-0.929293 19140.4 703.886
-0.939394 19141.6 709.448
-0.949495 19142.6 714.889
-0.959596 19143.6 720.322
-0.969697 19144.3 725.649
-0.979798 19144.9 730.972
-0.989899 19145.1 736.149
-1 19145.4 741.323
