0 -20878.6 -0.00235091
-0.010101 -20133.5 6.95531
-0.020202 -20124.7 13.9288
-0.030303 -20114 21.5727
-0.040404 -20103.3 29.2226
-0.0505051 -20091.8 37.0151
-0.0606061 -20080.3 44.8126
-0.0707071 -20069 52.6875
-0.0808081 -20057.6 60.5654
-0.0909091 -20046.9 68.4772
-0.10101 -20036.3 76.3902
-0.111111 -20026.6 84.3145
-0.121212 -20017.1 92.2387
-0.131313 -20008.7 100.163
-0.141414 -20000.5 108.086
-0.151515 -19993.4 116.001
-0.161616 -19986.6 123.915
-0.171717 -19980.9 131.815
-0.181818 -19975.4 139.712
-0.191919 -19970.9 147.59
-0.20202 -19966.7 155.462
-0.212121 -19963.4 163.311
-0.222222 -19960.3 171.153
-0.232323 -19958 178.967
-0.242424 -19956 186.772
-0.252525 -19954.5 194.548
-0.262626 -19953.3 202.312
-0.272727 -19952.6 210.044
-0.282828 -19952.1 217.765
-0.292929 -19951.9 225.453
-0.30303 -19951.9 233.127
-0.313131 -19952.3 240.769
-0.323232 -19952.7 248.396
-0.333333 -19953.4 255.991
-0.343434 -19954.2 263.571
-0.353535 -19955.1 271.119
-0.363636 -19956.1 278.65
-0.373737 -19957.2 286.15
-0.383838 -19958.3 293.631
-0.393939 -19959.5 301.083
-0.40404 -19960.8 308.515
-0.414141 -19962.1 315.916
-0.424242 -19963.4 323.297
-0.434343 -19964.7 330.648
-0.444444 -19966 337.975
-0.454545 -19967.3 345.273
-0.464646 -19968.6 352.546
-0.474747 -19970 359.789
-0.484848 -19971.3 367.005
-0.494949 -19972.6 374.191
-0.505051 -19973.9 381.347
-0.515152 -19975.1 388.473
-0.525253 -19976.4 395.567
-0.535354 -19977.7 402.63
-0.545455 -19978.9 409.657
-0.555556 -19980.2 416.654
-0.565657 -19981.4 423.612
-0.575758 -19982.7 430.539
-0.585859 -19983.9 437.423
-0.59596 -19985.2 444.276
-0.606061 -19986.4 451.082
-0.616162 -19987.7 457.857
-0.626263 -19988.9 464.581
-0.636364 -19990.2 471.274
-0.646465 -19991.4 477.91
-0.656566 -19992.7 484.515
-0.666667 -19994 491.059
-0.676768 -19995.3 497.571
-0.686869 -19996.6 504.017
-0.69697 -19997.9 510.431
-0.707071 -19999.2 516.773
-0.717172 -20000.5 523.083
-0.727273 -20001.9 529.315
-0.737374 -20003.2 535.515
-0.747475 -20004.5 541.63
-0.757576 -20005.8 547.715
-0.767677 -20007.2 553.706
-0.777778 -20008.5 559.668
-0.787879 -20009.8 565.53
-0.79798 -20011.1 571.363
-0.808081 -20012.4 577.087
-0.818182 -20013.6 582.784
-0.828283 -20014.8 588.365
-0.838384 -20016 593.92
-0.848485 -20017.1 599.351
-0.858586 -20018.3 604.758
-0.868687 -20019.3 610.033
-0.878788 -20020.3 615.286
-0.888889 -20021.1 620.4
-0.89899 -20022 625.495
-0.909091 -20022.7 630.444
-0.919192 -20023.5 635.377
-0.929293 -20024 640.159
-0.939394 -20024.6 644.929
-0.949495 -20024.9 649.546
-0.959596 -20025.3 654.154
-0.969697 -20025.5 658.616
-0.979798 -20025.7 663.072
-0.989899 -20025.7 667.43
-1 -20025.8 671.785
