0 13608.3 0.00151084
-0.010101 14769.1 10.0782
-0.020202 14743.7 20.1662
-0.030303 14723.6 30.879
-0.040404 14703.6 41.5973
-0.0505051 14688.3 52.4463
-0.0606061 14673.2 63.3057
-0.0707071 14662.1 74.3295
-0.0808081 14651.3 85.3652
-0.0909091 14643.6 96.5374
-0.10101 14636.3 107.721
-0.111111 14631.6 119.005
-0.121212 14627.1 130.299
-0.131313 14624.6 141.665
-0.141414 14622.4 153.04
-0.151515 14621.7 164.467
-0.161616 14621.1 175.9
-0.171717 14621.7 187.37
-0.181818 14622.4 198.845
-0.191919 14623.8 210.345
-0.20202 14625.4 221.849
-0.212121 14627.4 233.366
-0.222222 14629.4 244.885
-0.232323 14631.8 256.407
-0.242424 14634.1 267.929
-0.252525 14636.6 279.445
-0.262626 14639 290.957
-0.272727 14641.5 302.456
-0.282828 14643.9 313.947
-0.292929 14646.2 325.417
-0.30303 14648.5 336.877
-0.313131 14650.7 348.309
-0.323232 14652.8 359.727
-0.333333 14654.7 371.114
-0.343434 14656.6 382.482
-0.353535 14658.4 393.814
-0.363636 14660.1 405.125
-0.373737 14661.6 416.396
-0.383838 14663.1 427.642
-0.393939 14664.4 438.846
-0.40404 14665.7 450.021
-0.414141 14666.8 461.152
-0.424242 14667.9 472.251
-0.434343 14669 483.303
-0.444444 14669.9 494.32
-0.454545 14670.8 505.289
-0.464646 14671.6 516.218
-0.474747 14672.4 527.099
-0.484848 14673.2 537.935
-0.494949 14673.9 548.723
-0.505051 14674.6 559.461
-0.515152 14675.3 570.151
-0.525253 14675.9 580.786
-0.535354 14676.6 591.372
-0.545455 14677.2 601.899
-0.555556 14677.8 612.377
-0.565657 14678.5 622.79
-0.575758 14679.1 633.154
-0.585859 14679.7 643.448
-0.59596 14680.4 653.693
-0.606061 14681 663.862
-0.616162 14681.7 673.981
-0.626263 14682.4 684.019
-0.636364 14683.2 694.008
-0.646465 14683.9 703.909
-0.656566 14684.7 713.761
-0.666667 14685.5 723.518
-0.676768 14686.3 733.228
-0.686869 14687.2 742.836
-0.69697 14688.1 752.397
-0.707071 14689 761.85
-0.717172 14690 771.256
-0.727273 14691 780.547
-0.737374 14692.1 789.793
-0.747475 14693.2 798.917
-0.757576 14694.3 807.997
-0.767677 14695.4 816.947
-0.777778 14696.6 825.856
-0.787879 14697.9 834.628
-0.79798 14699.1 843.361
-0.808081 14700.4 851.949
-0.818182 14701.8 860.502
-0.828283 14703.1 868.902
-0.838384 14704.5 877.27
-0.848485 14705.9 885.479
-0.858586 14707.3 893.659
-0.868687 14708.7 901.674
-0.878788 14710.1 909.662
-0.888889 14711.5 917.48
-0.89899 14712.9 925.274
-0.909091 14714.2 932.894
-0.919192 14715.5 940.495
-0.929293 14716.6 947.917
-0.939394 14717.8 955.325
-0.949495 14718.7 962.557
-0.959596 14719.7 969.778
-0.969697 14720.3 976.841
-0.979798 14721 983.898
-0.989899 14721.2 990.769
-1 14721.4 997.636
