0 12469.8 0.00154317
-0.010101 11189.5 -11.5658
-0.020202 11194.2 -23.1537
-0.030303 11194.5 -35.6808
-0.040404 11194.7 -48.2162
-0.0505051 11191.8 -60.9505
-0.0606061 11188.8 -73.6948
-0.0707071 11183.9 -86.5943
-0.0808081 11178.9 -99.5026
-0.0909091 11172.8 -112.512
-0.10101 11166.7 -125.528
-0.111111 11160.1 -138.606
-0.121212 11153.5 -151.688
-0.131313 11147 -164.808
-0.141414 11140.5 -177.931
-0.151515 11134.3 -191.073
-0.161616 11128.2 -204.217
-0.171717 11122.7 -217.367
-0.181818 11117.2 -230.516
-0.191919 11112.4 -243.661
-0.20202 11107.7 -256.803
-0.212121 11103.6 -269.93
-0.222222 11099.7 -283.05
-0.232323 11096.4 -296.148
-0.242424 11093.2 -309.236
-0.252525 11090.7 -322.295
-0.262626 11088.3 -335.34
-0.272727 11086.4 -348.35
-0.282828 11084.7 -361.344
-0.292929 11083.4 -374.299
-0.30303 11082.2 -387.234
-0.313131 11081.4 -400.127
-0.323232 11080.8 -412.998
-0.333333 11080.4 -425.824
-0.343434 11080.1 -438.626
-0.353535 11080.1 -451.38
-0.363636 11080.2 -464.108
-0.373737 11080.4 -476.787
-0.383838 11080.7 -489.436
-0.393939 11081.2 -502.036
-0.40404 11081.7 -514.603
-0.414141 11082.3 -527.12
-0.424242 11082.9 -539.601
-0.434343 11083.6 -552.031
-0.444444 11084.4 -564.421
-0.454545 11085.2 -576.759
-0.464646 11086 -589.054
-0.474747 11086.8 -601.297
-0.484848 11087.6 -613.492
-0.494949 11088.5 -625.635
-0.505051 11089.3 -637.725
-0.515152 11090.2 -649.763
-0.525253 11091 -661.742
-0.535354 11091.9 -673.669
-0.545455 11092.7 -685.533
-0.555556 11093.5 -697.343
-0.565657 11094.4 -709.084
-0.575758 11095.2 -720.771
-0.585859 11096 -732.384
-0.59596 11096.9 -743.942
-0.606061 11097.7 -755.419
-0.616162 11098.5 -766.842
-0.626263 11099.3 -778.176
-0.636364 11100.1 -789.455
-0.646465 11100.9 -800.639
-0.656566 11101.7 -811.768
-0.666667 11102.5 -822.793
-0.676768 11103.2 -833.764
-0.686869 11104 -844.621
-0.69697 11104.8 -855.426
-0.707071 11105.5 -866.109
-0.717172 11106.2 -876.739
-0.727273 11107 -887.237
-0.737374 11107.7 -897.684
-0.747475 11108.3 -907.989
-0.757576 11109 -918.244
-0.767677 11109.7 -928.346
-0.777778 11110.3 -938.401
-0.787879 11110.9 -948.292
-0.79798 11111.4 -958.138
-0.808081 11111.9 -967.809
-0.818182 11112.4 -977.437
-0.828283 11112.9 -986.88
-0.838384 11113.3 -996.282
-0.848485 11113.6 -1005.49
-0.858586 11113.9 -1014.66
-0.868687 11114.1 -1023.62
-0.878788 11114.4 -1032.55
-0.888889 11114.5 -1041.26
-0.89899 11114.6 -1049.95
-0.909091 11114.6 -1058.41
-0.919192 11114.6 -1066.85
-0.929293 11114.5 -1075.05
-0.939394 11114.4 -1083.24
-0.949495 11114.3 -1091.2
-0.959596 11114.2 -1099.14
-0.969697 11114 -1106.86
-0.979798 11113.9 -1114.58
-0.989899 11113.8 -1122.11
-1 11113.8 -1129.64
