0 16129.6 0.00164394
-0.010101 17156.2 8.84555
-0.020202 17130.3 17.6983
-0.030303 17109.2 27.0667
-0.040404 17088.3 36.4395
-0.0505051 17071.8 45.9198
-0.0606061 17055.6 55.4096
-0.0707071 17043.2 65.0488
-0.0808081 17031 74.699
-0.0909091 17022.1 84.4774
-0.10101 17013.5 94.2666
-0.111111 17007.6 104.152
-0.121212 17001.9 114.048
-0.131313 16998.3 124.013
-0.141414 16995 133.988
-0.151515 16993.3 144.013
-0.161616 16991.9 154.045
-0.171717 16991.6 164.115
-0.181818 16991.5 174.191
-0.191919 16992.3 184.293
-0.20202 16993.2 194.399
-0.212121 16994.7 204.522
-0.222222 16996.3 214.648
-0.232323 16998.3 224.781
-0.242424 17000.3 234.914
-0.252525 17002.5 245.046
-0.262626 17004.7 255.176
-0.272727 17007 265.297
-0.282828 17009.2 275.412
-0.292929 17011.5 285.512
-0.30303 17013.7 295.603
-0.313131 17015.9 305.673
-0.323232 17018 315.73
-0.333333 17020 325.761
-0.343434 17021.9 335.776
-0.353535 17023.8 345.761
-0.363636 17025.5 355.726
-0.373737 17027.2 365.658
-0.383838 17028.8 375.568
-0.393939 17030.2 385.442
-0.40404 17031.7 395.289
-0.414141 17033 405.099
-0.424242 17034.2 414.879
-0.434343 17035.4 424.619
-0.444444 17036.5 434.326
-0.454545 17037.6 443.992
-0.464646 17038.6 453.623
-0.474747 17039.5 463.21
-0.484848 17040.4 472.758
-0.494949 17041.3 482.263
-0.505051 17042.2 491.724
-0.515152 17043 501.141
-0.525253 17043.8 510.511
-0.535354 17044.6 519.836
-0.545455 17045.4 529.11
-0.555556 17046.2 538.339
-0.565657 17046.9 547.511
-0.575758 17047.7 556.639
-0.585859 17048.5 565.706
-0.59596 17049.3 574.728
-0.606061 17050.2 583.683
-0.616162 17051 592.594
-0.626263 17051.9 601.434
-0.636364 17052.7 610.229
-0.646465 17053.6 618.947
-0.656566 17054.6 627.621
-0.666667 17055.5 636.213
-0.676768 17056.5 644.761
-0.686869 17057.6 653.221
-0.69697 17058.6 661.638
-0.707071 17059.7 669.961
-0.717172 17060.8 678.243
-0.727273 17062 686.423
-0.737374 17063.2 694.564
-0.747475 17064.4 702.597
-0.757576 17065.7 710.593
-0.767677 17067 718.475
-0.777778 17068.4 726.32
-0.787879 17069.8 734.047
-0.79798 17071.2 741.739
-0.808081 17072.6 749.306
-0.818182 17074.1 756.841
-0.828283 17075.6 764.245
-0.838384 17077.1 771.62
-0.848485 17078.6 778.859
-0.858586 17080.1 786.071
-0.868687 17081.6 793.142
-0.878788 17083.1 800.189
-0.888889 17084.6 807.091
-0.89899 17086.1 813.972
-0.909091 17087.4 820.704
-0.919192 17088.8 827.418
-0.929293 17090 833.981
-0.939394 17091.2 840.53
-0.949495 17092.2 846.93
-0.959596 17093.1 853.32
-0.969697 17093.8 859.577
-0.979798 17094.4 865.829
-0.989899 17094.7 871.913
-1 17094.9 877.994
