0 -8355.78 -0.00100678
-0.010101 -9703.98 -11.8241
-0.020202 -9680.79 -23.6623
-0.030303 -9663.34 -36.2949
-0.040404 -9646.1 -48.9345
-0.0505051 -9633.66 -61.7421
-0.0606061 -9621.48 -74.5614
-0.0707071 -9613.2 -87.5657
-0.0808081 -9605.2 -100.583
-0.0909091 -9600.27 -113.746
-0.10101 -9595.6 -126.921
-0.111111 -9593.28 -140.2
-0.121212 -9591.2 -153.489
-0.131313 -9590.83 -166.852
-0.141414 -9590.67 -180.223
-0.151515 -9591.71 -193.644
-0.161616 -9592.9 -207.072
-0.171717 -9594.88 -220.534
-0.181818 -9596.96 -234
-0.191919 -9599.51 -247.487
-0.20202 -9602.12 -260.976
-0.212121 -9604.95 -274.474
-0.222222 -9607.79 -287.971
-0.232323 -9610.69 -301.466
-0.242424 -9613.57 -314.957
-0.252525 -9616.38 -328.436
-0.262626 -9619.14 -341.908
-0.272727 -9621.76 -355.359
-0.282828 -9624.3 -368.799
-0.292929 -9626.67 -382.211
-0.30303 -9628.95 -395.608
-0.313131 -9631.03 -408.971
-0.323232 -9633.02 -422.315
-0.333333 -9634.82 -435.62
-0.343434 -9636.52 -448.902
-0.353535 -9638.03 -462.141
-0.363636 -9639.46 -475.353
-0.373737 -9640.72 -488.519
-0.383838 -9641.89 -501.655
-0.393939 -9642.93 -514.741
-0.40404 -9643.88 -527.793
-0.414141 -9644.73 -540.793
-0.424242 -9645.5 -553.756
-0.434343 -9646.18 -566.665
-0.444444 -9646.81 -579.532
-0.454545 -9647.37 -592.345
-0.464646 -9647.88 -605.11
-0.474747 -9648.34 -617.82
-0.484848 -9648.77 -630.479
-0.494949 -9649.16 -643.081
-0.505051 -9649.52 -655.627
-0.515152 -9649.87 -668.116
-0.525253 -9650.2 -680.543
-0.535354 -9650.52 -692.913
-0.545455 -9650.84 -705.215
-0.555556 -9651.15 -717.459
-0.565657 -9651.46 -729.629
-0.575758 -9651.78 -741.742
-0.585859 -9652.11 -753.775
-0.59596 -9652.45 -765.75
-0.606061 -9652.81 -777.638
-0.616162 -9653.18 -789.468
-0.626263 -9653.57 -801.204
-0.636364 -9653.97 -812.882
-0.646465 -9654.41 -824.459
-0.656566 -9654.87 -835.979
-0.666667 -9655.35 -847.389
-0.676768 -9655.86 -858.743
-0.686869 -9656.41 -869.979
-0.69697 -9656.98 -881.16
-0.707071 -9657.59 -892.214
-0.717172 -9658.23 -903.214
-0.727273 -9658.91 -914.079
-0.737374 -9659.62 -924.891
-0.747475 -9660.38 -935.559
-0.757576 -9661.16 -946.176
-0.767677 -9662 -956.64
-0.777778 -9662.85 -967.055
-0.787879 -9663.77 -977.307
-0.79798 -9664.71 -987.514
-0.808081 -9665.7 -997.549
-0.818182 -9666.71 -1007.54
-0.828283 -9667.77 -1017.35
-0.838384 -9668.85 -1027.12
-0.848485 -9669.96 -1036.7
-0.858586 -9671.09 -1046.25
-0.868687 -9672.24 -1055.6
-0.878788 -9673.4 -1064.91
-0.888889 -9674.55 -1074.03
-0.89899 -9675.71 -1083.11
-0.909091 -9676.83 -1091.98
-0.919192 -9677.94 -1100.83
-0.929293 -9678.96 -1109.46
-0.939394 -9679.97 -1118.07
-0.949495 -9680.83 -1126.47
-0.959596 -9681.68 -1134.86
-0.969697 -9682.28 -1143.05
-0.979798 -9682.87 -1151.24
-0.989899 -9683.1 -1159.21
-1 -9683.32 -1167.18
