0 -7333.54 -0.000882355
-0.010101 -8706.92 -12.0679
-0.020202 -8684.3 -24.1507
-0.030303 -8667.48 -37.0525
-0.040404 -8650.85 -49.9616
-0.0505051 -8639.04 -63.0427
-0.0606061 -8627.47 -76.1358
-0.0707071 -8619.78 -89.415
-0.0808081 -8612.36 -102.707
-0.0909091 -8607.96 -116.145
-0.10101 -8603.82 -129.594
-0.111111 -8601.97 -143.146
-0.121212 -8600.34 -156.709
-0.131313 -8600.38 -170.343
-0.141414 -8600.59 -183.986
-0.151515 -8601.96 -197.677
-0.161616 -8603.46 -211.375
-0.171717 -8605.69 -225.105
-0.181818 -8608.02 -238.84
-0.191919 -8610.76 -252.594
-0.20202 -8613.54 -266.349
-0.212121 -8616.51 -280.111
-0.222222 -8619.48 -293.873
-0.232323 -8622.47 -307.631
-0.242424 -8625.43 -321.384
-0.252525 -8628.29 -335.124
-0.262626 -8631.09 -348.856
-0.272727 -8633.72 -362.566
-0.282828 -8636.28 -376.264
-0.292929 -8638.64 -389.932
-0.30303 -8640.9 -403.586
-0.313131 -8642.96 -417.203
-0.323232 -8644.92 -430.802
-0.333333 -8646.67 -444.36
-0.343434 -8648.32 -457.895
-0.353535 -8649.79 -471.385
-0.363636 -8651.16 -484.848
-0.373737 -8652.36 -498.263
-0.383838 -8653.47 -511.648
-0.393939 -8654.45 -524.982
-0.40404 -8655.34 -538.282
-0.414141 -8656.12 -551.529
-0.424242 -8656.83 -564.737
-0.434343 -8657.45 -577.892
-0.444444 -8658.01 -591.003
-0.454545 -8658.5 -604.059
-0.464646 -8658.95 -617.067
-0.474747 -8659.34 -630.019
-0.484848 -8659.71 -642.918
-0.494949 -8660.03 -655.761
-0.505051 -8660.34 -668.545
-0.515152 -8660.62 -681.272
-0.525253 -8660.89 -693.936
-0.535354 -8661.15 -706.542
-0.545455 -8661.41 -719.079
-0.555556 -8661.66 -731.558
-0.565657 -8661.91 -743.961
-0.575758 -8662.17 -756.306
-0.585859 -8662.44 -768.569
-0.59596 -8662.72 -780.773
-0.606061 -8663.02 -792.889
-0.616162 -8663.32 -804.947
-0.626263 -8663.65 -816.908
-0.636364 -8664 -828.811
-0.646465 -8664.37 -840.61
-0.656566 -8664.76 -852.352
-0.666667 -8665.19 -863.981
-0.676768 -8665.63 -875.554
-0.686869 -8666.12 -887.006
-0.69697 -8666.62 -898.402
-0.707071 -8667.17 -909.669
-0.717172 -8667.73 -920.881
-0.727273 -8668.35 -931.955
-0.737374 -8668.99 -942.975
-0.747475 -8669.68 -953.848
-0.757576 -8670.39 -964.669
-0.767677 -8671.16 -975.333
-0.777778 -8671.95 -985.948
-0.787879 -8672.8 -996.397
-0.79798 -8673.67 -1006.8
-0.808081 -8674.6 -1017.02
-0.818182 -8675.54 -1027.21
-0.828283 -8676.54 -1037.2
-0.838384 -8677.55 -1047.16
-0.848485 -8678.61 -1056.92
-0.858586 -8679.67 -1066.65
-0.868687 -8680.77 -1076.17
-0.878788 -8681.87 -1085.66
-0.888889 -8682.98 -1094.94
-0.89899 -8684.08 -1104.2
-0.909091 -8685.16 -1113.23
-0.919192 -8686.23 -1122.24
-0.929293 -8687.22 -1131.03
-0.939394 -8688.2 -1139.8
-0.949495 -8689.03 -1148.35
-0.959596 -8689.85 -1156.89
-0.969697 -8690.44 -1165.23
-0.979798 -8691.02 -1173.56
-0.989899 -8691.24 -1181.67
-1 -8691.46 -1189.79
