0 3648.65 0.000472784
-0.010101 5087.12 12.7067
-0.020202 5066.85 25.4305
-0.030303 5052.44 39.0489
-0.040404 5038.23 52.6752
-0.0505051 5028.76 66.4896
-0.0606061 5019.52 80.3161
-0.0707071 5013.99 94.3338
-0.0808081 5008.71 108.364
-0.0909091 5006.23 122.54
-0.10101 5003.98 136.726
-0.111111 5003.77 151.014
-0.121212 5003.75 165.311
-0.131313 5005.15 179.677
-0.141414 5006.69 194.051
-0.151515 5009.14 208.47
-0.161616 5011.69 222.895
-0.171717 5014.77 237.349
-0.181818 5017.89 251.807
-0.191919 5021.24 266.28
-0.20202 5024.6 280.753
-0.212121 5027.98 295.229
-0.222222 5031.33 309.704
-0.232323 5034.57 324.17
-0.242424 5037.74 338.63
-0.252525 5040.72 353.073
-0.262626 5043.61 367.506
-0.272727 5046.25 381.913
-0.282828 5048.79 396.306
-0.292929 5051.07 410.666
-0.30303 5053.24 425.009
-0.313131 5055.16 439.313
-0.323232 5056.97 453.595
-0.333333 5058.54 467.834
-0.343434 5060 482.048
-0.353535 5061.26 496.213
-0.363636 5062.41 510.35
-0.373737 5063.39 524.437
-0.383838 5064.27 538.491
-0.393939 5065.01 552.491
-0.40404 5065.66 566.455
-0.414141 5066.2 580.364
-0.424242 5066.67 594.232
-0.434343 5067.05 608.043
-0.444444 5067.38 621.809
-0.454545 5067.64 635.518
-0.464646 5067.85 649.176
-0.474747 5068.02 662.776
-0.484848 5068.15 676.321
-0.494949 5068.26 689.806
-0.505051 5068.34 703.231
-0.515152 5068.4 716.596
-0.525253 5068.46 729.895
-0.535354 5068.5 743.133
-0.545455 5068.54 756.3
-0.555556 5068.58 769.405
-0.565657 5068.62 782.432
-0.575758 5068.67 795.398
-0.585859 5068.73 808.278
-0.59596 5068.79 821.097
-0.606061 5068.87 833.824
-0.616162 5068.97 846.489
-0.626263 5069.08 859.054
-0.636364 5069.21 871.558
-0.646465 5069.36 883.953
-0.656566 5069.53 896.287
-0.666667 5069.73 908.505
-0.676768 5069.95 920.662
-0.686869 5070.2 932.694
-0.69697 5070.47 944.666
-0.707071 5070.78 956.502
-0.717172 5071.11 968.281
-0.727273 5071.49 979.914
-0.737374 5071.88 991.491
-0.747475 5072.33 1002.91
-0.757576 5072.8 1014.28
-0.767677 5073.32 1025.48
-0.777778 5073.87 1036.63
-0.787879 5074.47 1047.6
-0.79798 5075.09 1058.53
-0.808081 5075.78 1069.27
-0.818182 5076.48 1079.96
-0.828283 5077.24 1090.45
-0.838384 5078.02 1100.9
-0.848485 5078.85 1111.15
-0.858586 5079.69 1121.36
-0.868687 5080.58 1131.35
-0.878788 5081.47 1141.3
-0.888889 5082.39 1151.03
-0.89899 5083.31 1160.73
-0.909091 5084.23 1170.2
-0.919192 5085.14 1179.65
-0.929293 5086 1188.85
-0.939394 5086.85 1198.04
-0.949495 5087.59 1206.99
-0.959596 5088.32 1215.93
-0.969697 5088.85 1224.65
-0.979798 5089.37 1233.36
-0.989899 5089.58 1241.85
-1 5089.78 1250.34
