0 -23492.3 -0.00193258
-0.010101 -23585.8 -0.442028
-0.020202 -23564.8 -0.877203
-0.030303 -23545.3 -1.15941
-0.040404 -23525.9 -1.4402
-0.0505051 -23508.6 -1.68723
-0.0606061 -23491.4 -1.93646
-0.0707071 -23476.5 -2.22027
-0.0808081 -23461.7 -2.50856
-0.0909091 -23449.3 -2.84848
-0.10101 -23437.1 -3.19381
-0.111111 -23427.1 -3.58776
-0.121212 -23417.4 -3.98732
-0.131313 -23409.7 -4.4279
-0.141414 -23402.2 -4.87412
-0.151515 -23396.4 -5.35493
-0.161616 -23391 -5.84155
-0.171717 -23386.9 -6.35859
-0.181818 -23383.2 -6.88172
-0.191919 -23380.6 -7.43261
-0.20202 -23378.3 -7.98985
-0.212121 -23377 -8.57254
-0.222222 -23375.8 -9.16169
-0.232323 -23375.4 -9.77371
-0.242424 -23375.1 -10.392
-0.252525 -23375.5 -11.0301
-0.262626 -23375.9 -11.674
-0.272727 -23376.8 -12.3343
-0.282828 -23377.7 -12.9996
-0.292929 -23378.9 -13.6777
-0.30303 -23380.3 -14.3598
-0.313131 -23381.7 -15.0513
-0.323232 -23383.3 -15.7457
-0.333333 -23384.9 -16.4463
-0.343434 -23386.5 -17.1487
-0.353535 -23388.2 -17.8544
-0.363636 -23389.9 -18.5608
-0.373737 -23391.6 -19.2683
-0.383838 -23393.3 -19.9753
-0.393939 -23395 -20.6815
-0.40404 -23396.7 -21.3862
-0.414141 -23398.3 -22.0888
-0.424242 -23399.9 -22.7889
-0.434343 -23401.5 -23.4857
-0.444444 -23403 -24.1793
-0.454545 -23404.5 -24.8688
-0.464646 -23406 -25.5544
-0.474747 -23407.4 -26.2353
-0.484848 -23408.8 -26.9116
-0.494949 -23410.2 -27.583
-0.505051 -23411.6 -28.2492
-0.515152 -23412.9 -28.9102
-0.525253 -23414.3 -29.5656
-0.535354 -23415.6 -30.2157
-0.545455 -23416.9 -30.8598
-0.555556 -23418.2 -31.4986
-0.565657 -23419.5 -32.131
-0.575758 -23420.8 -32.7584
-0.585859 -23422.1 -33.3789
-0.59596 -23423.4 -33.9946
-0.606061 -23424.7 -34.6033
-0.616162 -23426.1 -35.2073
-0.626263 -23427.4 -35.8042
-0.636364 -23428.8 -36.3968
-0.646465 -23430.2 -36.9822
-0.656566 -23431.6 -37.5635
-0.666667 -23433 -38.1379
-0.676768 -23434.4 -38.7086
-0.686869 -23435.9 -39.2727
-0.69697 -23437.4 -39.8335
-0.707071 -23438.9 -40.3881
-0.717172 -23440.5 -40.94
-0.727273 -23442.1 -41.4865
-0.737374 -23443.7 -42.0308
-0.747475 -23445.3 -42.5706
-0.757576 -23446.9 -43.1089
-0.767677 -23448.6 -43.644
-0.777778 -23450.3 -44.1781
-0.787879 -23452 -44.7106
-0.79798 -23453.7 -45.2427
-0.808081 -23455.4 -45.7751
-0.818182 -23457.1 -46.3076
-0.828283 -23458.7 -46.8425
-0.838384 -23460.4 -47.3778
-0.848485 -23462.1 -47.9179
-0.858586 -23463.7 -48.4588
-0.868687 -23465.3 -49.0066
-0.878788 -23466.8 -49.5555
-0.888889 -23468.3 -50.1136
-0.89899 -23469.7 -50.6729
-0.909091 -23471 -51.2435
-0.919192 -23472.2 -51.8153
-0.929293 -23473.3 -52.4003
-0.939394 -23474.4 -52.9865
-0.949495 -23475.2 -53.5883
-0.959596 -23476 -54.1911
-0.969697 -23476.5 -54.8151
-0.979798 -23477 -55.4399
-0.989899 -23477.2 -56.0339
-1 -23477.4 -56.6272
