0 -14684.5 -0.00173631
-0.010101 -13494.7 10.7995
-0.020202 -13496.5 21.6206
-0.030303 -13494.3 33.3427
-0.040404 -13492 45.0728
-0.0505051 -13487.1 56.9938
-0.0606061 -13482.1 68.9238
-0.0707071 -13475.6 80.9951
-0.0808081 -13469 93.074
-0.0909091 -13461.7 105.241
-0.10101 -13454.4 117.414
-0.111111 -13447 129.638
-0.121212 -13439.6 141.867
-0.131313 -13432.5 154.125
-0.141414 -13425.4 166.385
-0.151515 -13418.9 178.659
-0.161616 -13412.5 190.933
-0.171717 -13406.7 203.21
-0.181818 -13401.2 215.485
-0.191919 -13396.3 227.752
-0.20202 -13391.6 240.016
-0.212121 -13387.6 252.262
-0.222222 -13383.7 264.502
-0.232323 -13380.6 276.717
-0.242424 -13377.6 288.923
-0.252525 -13375.3 301.098
-0.262626 -13373.1 313.26
-0.272727 -13371.4 325.386
-0.282828 -13369.9 337.498
-0.292929 -13368.8 349.57
-0.30303 -13367.9 361.624
-0.313131 -13367.4 373.636
-0.323232 -13366.9 385.628
-0.333333 -13366.8 397.577
-0.343434 -13366.8 409.502
-0.353535 -13367 421.383
-0.363636 -13367.2 433.239
-0.373737 -13367.7 445.049
-0.383838 -13368.2 456.831
-0.393939 -13368.8 468.567
-0.40404 -13369.5 480.271
-0.414141 -13370.3 491.93
-0.424242 -13371.1 503.554
-0.434343 -13372 515.131
-0.444444 -13372.9 526.671
-0.454545 -13373.8 538.164
-0.464646 -13374.7 549.616
-0.474747 -13375.7 561.02
-0.484848 -13376.6 572.379
-0.494949 -13377.6 583.69
-0.505051 -13378.6 594.952
-0.515152 -13379.5 606.165
-0.525253 -13380.5 617.325
-0.535354 -13381.5 628.436
-0.545455 -13382.4 639.488
-0.555556 -13383.4 650.49
-0.565657 -13384.3 661.429
-0.575758 -13385.3 672.318
-0.585859 -13386.2 683.138
-0.59596 -13387.2 693.907
-0.606061 -13388.1 704.601
-0.616162 -13389 715.244
-0.626263 -13390 725.805
-0.636364 -13390.9 736.315
-0.646465 -13391.8 746.736
-0.656566 -13392.7 757.107
-0.666667 -13393.6 767.381
-0.676768 -13394.5 777.604
-0.686869 -13395.4 787.722
-0.69697 -13396.3 797.791
-0.707071 -13397.2 807.746
-0.717172 -13398.1 817.652
-0.727273 -13399 827.434
-0.737374 -13399.9 837.169
-0.747475 -13400.7 846.772
-0.757576 -13401.5 856.327
-0.767677 -13402.4 865.74
-0.777778 -13403.2 875.108
-0.787879 -13403.9 884.323
-0.79798 -13404.7 893.495
-0.808081 -13405.4 902.503
-0.818182 -13406 911.471
-0.828283 -13406.6 920.264
-0.838384 -13407.2 929.02
-0.848485 -13407.8 937.591
-0.858586 -13408.3 946.127
-0.868687 -13408.7 954.469
-0.878788 -13409.1 962.779
-0.888889 -13409.4 970.886
-0.89899 -13409.7 978.965
-0.909091 -13409.8 986.832
-0.919192 -13410 994.676
-0.929293 -13410.1 1002.3
-0.939394 -13410.1 1009.91
-0.949495 -13410.1 1017.3
-0.959596 -13410.1 1024.68
-0.969697 -13410 1031.85
-0.979798 -13409.9 1039.01
-0.989899 -13409.9 1046
-1 -13409.9 1052.99
