0 130.057 3.37698e-05
-0.010101 -1336.51 -13.0166
-0.020202 -1319.11 -26.0525
-0.030303 -1307.5 -40.0355
-0.040404 -1296.07 -54.0269
-0.0505051 -1289.18 -68.2181
-0.0606061 -1282.51 -82.4214
-0.0707071 -1279.28 -96.8162
-0.0808081 -1276.27 -111.223
-0.0909091 -1275.77 -125.772
-0.10101 -1275.47 -140.331
-0.111111 -1276.91 -154.986
-0.121212 -1278.5 -169.65
-0.131313 -1281.22 -184.378
-0.141414 -1284.05 -199.114
-0.151515 -1287.52 -213.891
-0.161616 -1291.06 -228.673
-0.171717 -1294.89 -243.48
-0.181818 -1298.72 -258.289
-0.191919 -1302.6 -273.11
-0.20202 -1306.44 -287.93
-0.212121 -1310.15 -302.75
-0.222222 -1313.8 -317.566
-0.232323 -1317.2 -332.37
-0.242424 -1320.51 -347.167
-0.252525 -1323.52 -361.943
-0.262626 -1326.42 -376.708
-0.272727 -1329 -391.443
-0.282828 -1331.46 -406.165
-0.292929 -1333.61 -420.849
-0.30303 -1335.63 -435.515
-0.313131 -1337.36 -450.139
-0.323232 -1338.97 -464.741
-0.333333 -1340.32 -479.297
-0.343434 -1341.55 -493.827
-0.353535 -1342.56 -508.307
-0.363636 -1343.47 -522.758
-0.373737 -1344.19 -537.156
-0.383838 -1344.82 -551.52
-0.393939 -1345.3 -565.83
-0.40404 -1345.7 -580.103
-0.414141 -1345.99 -594.319
-0.424242 -1346.21 -608.493
-0.434343 -1346.34 -622.61
-0.444444 -1346.42 -636.681
-0.454545 -1346.43 -650.693
-0.464646 -1346.41 -664.654
-0.474747 -1346.34 -678.556
-0.484848 -1346.25 -692.401
-0.494949 -1346.12 -706.186
-0.505051 -1345.98 -719.91
-0.515152 -1345.82 -733.573
-0.525253 -1345.66 -747.169
-0.535354 -1345.48 -760.704
-0.545455 -1345.31 -774.165
-0.555556 -1345.13 -787.564
-0.565657 -1344.96 -800.884
-0.575758 -1344.79 -814.141
-0.585859 -1344.63 -827.312
-0.59596 -1344.48 -840.42
-0.606061 -1344.35 -853.434
-0.616162 -1344.22 -866.385
-0.626263 -1344.12 -879.235
-0.636364 -1344.02 -892.022
-0.646465 -1343.95 -904.699
-0.656566 -1343.89 -917.313
-0.666667 -1343.86 -929.809
-0.676768 -1343.85 -942.242
-0.686869 -1343.86 -954.548
-0.69697 -1343.89 -966.792
-0.707071 -1343.96 -978.898
-0.717172 -1344.04 -990.945
-0.727273 -1344.17 -1002.84
-0.737374 -1344.31 -1014.68
-0.747475 -1344.51 -1026.36
-0.757576 -1344.72 -1037.99
-0.767677 -1344.98 -1049.44
-0.777778 -1345.26 -1060.85
-0.787879 -1345.6 -1072.07
-0.79798 -1345.96 -1083.24
-0.808081 -1346.39 -1094.21
-0.818182 -1346.83 -1105.14
-0.828283 -1347.33 -1115.87
-0.838384 -1347.85 -1126.55
-0.848485 -1348.44 -1137.02
-0.858586 -1349.04 -1147.45
-0.868687 -1349.69 -1157.66
-0.878788 -1350.36 -1167.83
-0.888889 -1351.06 -1177.76
-0.89899 -1351.78 -1187.67
-0.909091 -1352.51 -1197.33
-0.919192 -1353.23 -1206.97
-0.929293 -1353.94 -1216.36
-0.939394 -1354.64 -1225.73
-0.949495 -1355.27 -1234.86
-0.959596 -1355.89 -1243.97
-0.969697 -1356.35 -1252.86
-0.979798 -1356.8 -1261.73
-0.989899 -1356.98 -1270.38
-1 -1357.16 -1279.03
