0 -4183.05 -0.000544495
-0.010101 -5614.46 -12.6344
-0.020202 -5593.82 -25.2856
-0.030303 -5579.04 -38.8221
-0.040404 -5564.46 -52.3663
-0.0505051 -5554.64 -66.0968
-0.0606061 -5545.05 -79.8395
-0.0707071 -5539.2 -93.773
-0.0808081 -5533.6 -107.719
-0.0909091 -5530.85 -121.811
-0.10101 -5528.32 -135.914
-0.111111 -5527.88 -150.119
-0.121212 -5527.63 -164.333
-0.131313 -5528.83 -178.617
-0.141414 -5530.18 -192.908
-0.151515 -5532.48 -207.246
-0.161616 -5534.89 -221.59
-0.171717 -5537.84 -235.964
-0.181818 -5540.85 -250.34
-0.191919 -5544.12 -264.733
-0.20202 -5547.41 -279.127
-0.212121 -5550.73 -293.525
-0.222222 -5554.04 -307.92
-0.232323 -5557.24 -322.308
-0.242424 -5560.39 -336.69
-0.252525 -5563.35 -351.056
-0.262626 -5566.23 -365.412
-0.272727 -5568.87 -379.742
-0.282828 -5571.42 -394.06
-0.292929 -5573.72 -408.344
-0.30303 -5575.91 -422.612
-0.313131 -5577.85 -436.841
-0.323232 -5579.68 -451.049
-0.333333 -5581.28 -465.213
-0.343434 -5582.77 -479.353
-0.353535 -5584.06 -493.446
-0.363636 -5585.24 -507.51
-0.373737 -5586.25 -521.523
-0.383838 -5587.17 -535.505
-0.393939 -5587.94 -549.433
-0.40404 -5588.63 -563.325
-0.414141 -5589.21 -577.162
-0.424242 -5589.71 -590.959
-0.434343 -5590.13 -604.699
-0.444444 -5590.49 -618.395
-0.454545 -5590.78 -632.033
-0.464646 -5591.03 -645.621
-0.474747 -5591.22 -659.151
-0.484848 -5591.39 -672.626
-0.494949 -5591.53 -686.042
-0.505051 -5591.64 -699.398
-0.515152 -5591.74 -712.694
-0.525253 -5591.82 -725.925
-0.535354 -5591.9 -739.095
-0.545455 -5591.97 -752.194
-0.555556 -5592.04 -765.232
-0.565657 -5592.11 -778.192
-0.575758 -5592.19 -791.09
-0.585859 -5592.27 -803.904
-0.59596 -5592.37 -816.657
-0.606061 -5592.48 -829.318
-0.616162 -5592.6 -841.918
-0.626263 -5592.75 -854.418
-0.636364 -5592.91 -866.857
-0.646465 -5593.09 -879.188
-0.656566 -5593.29 -891.459
-0.666667 -5593.53 -903.613
-0.676768 -5593.78 -915.707
-0.686869 -5594.06 -927.677
-0.69697 -5594.37 -939.587
-0.707071 -5594.71 -951.362
-0.717172 -5595.08 -963.08
-0.727273 -5595.49 -974.653
-0.737374 -5595.92 -986.171
-0.747475 -5596.4 -997.534
-0.757576 -5596.91 -1008.84
-0.767677 -5597.47 -1019.99
-0.777778 -5598.04 -1031.08
-0.787879 -5598.68 -1042
-0.79798 -5599.34 -1052.86
-0.808081 -5600.06 -1063.55
-0.818182 -5600.8 -1074.18
-0.828283 -5601.6 -1084.63
-0.838384 -5602.41 -1095.03
-0.848485 -5603.27 -1105.22
-0.858586 -5604.15 -1115.38
-0.868687 -5605.07 -1125.32
-0.878788 -5605.99 -1135.22
-0.888889 -5606.94 -1144.91
-0.89899 -5607.89 -1154.56
-0.909091 -5608.83 -1163.98
-0.919192 -5609.76 -1173.38
-0.929293 -5610.64 -1182.55
-0.939394 -5611.52 -1191.69
-0.949495 -5612.27 -1200.6
-0.959596 -5613.01 -1209.5
-0.969697 -5613.55 -1218.18
-0.979798 -5614.08 -1226.85
-0.989899 -5614.29 -1235.31
-1 -5614.49 -1243.75
