0 15320.8 0.00163177
-0.010101 16394.4 9.27639
-0.020202 16368.6 18.5608
-0.030303 16347.8 28.3984
-0.040404 16327.2 38.2408
-0.0505051 16311.1 48.1987
-0.0606061 16295.2 58.1664
-0.0707071 16283.2 68.2887
-0.0808081 16271.4 78.4225
-0.0909091 16262.9 88.6874
-0.10101 16254.7 98.9633
-0.111111 16249.2 109.337
-0.121212 16243.9 119.721
-0.131313 16240.7 130.176
-0.141414 16237.7 140.639
-0.151515 16236.4 151.154
-0.161616 16235.2 161.676
-0.171717 16235.2 172.235
-0.181818 16235.4 182.8
-0.191919 16236.4 193.391
-0.20202 16237.5 203.985
-0.212121 16239.2 214.596
-0.222222 16241 225.208
-0.232323 16243 235.827
-0.242424 16245.2 246.445
-0.252525 16247.5 257.062
-0.262626 16249.8 267.675
-0.272727 16252.1 278.278
-0.282828 16254.4 288.874
-0.292929 16256.7 299.453
-0.30303 16259 310.023
-0.313131 16261.1 320.569
-0.323232 16263.2 331.102
-0.333333 16265.2 341.607
-0.343434 16267.2 352.096
-0.353535 16269 362.552
-0.363636 16270.7 372.988
-0.373737 16272.3 383.389
-0.383838 16273.9 393.766
-0.393939 16275.3 404.105
-0.40404 16276.7 414.417
-0.414141 16277.9 424.689
-0.424242 16279.1 434.93
-0.434343 16280.3 445.129
-0.444444 16281.3 455.295
-0.454545 16282.3 465.417
-0.464646 16283.3 475.501
-0.474747 16284.2 485.541
-0.484848 16285 495.54
-0.494949 16285.9 505.493
-0.505051 16286.7 515.401
-0.515152 16287.4 525.263
-0.525253 16288.2 535.076
-0.535354 16289 544.842
-0.545455 16289.7 554.554
-0.555556 16290.4 564.22
-0.565657 16291.2 573.826
-0.575758 16291.9 583.386
-0.585859 16292.6 592.882
-0.59596 16293.4 602.331
-0.606061 16294.2 611.711
-0.616162 16295 621.045
-0.626263 16295.8 630.303
-0.636364 16296.6 639.516
-0.646465 16297.5 648.648
-0.656566 16298.3 657.734
-0.666667 16299.2 666.733
-0.676768 16300.2 675.688
-0.686869 16301.2 684.549
-0.69697 16302.2 693.366
-0.707071 16303.2 702.084
-0.717172 16304.3 710.759
-0.727273 16305.4 719.327
-0.737374 16306.6 727.855
-0.747475 16307.8 736.269
-0.757576 16309 744.644
-0.767677 16310.3 752.899
-0.777778 16311.5 761.117
-0.787879 16312.9 769.209
-0.79798 16314.3 777.265
-0.808081 16315.7 785.189
-0.818182 16317.1 793.08
-0.828283 16318.5 800.832
-0.838384 16320 808.555
-0.848485 16321.5 816.133
-0.858586 16323 823.683
-0.868687 16324.4 831.084
-0.878788 16325.9 838.461
-0.888889 16327.4 845.683
-0.89899 16328.8 852.884
-0.909091 16330.1 859.927
-0.919192 16331.5 866.951
-0.929293 16332.7 873.815
-0.939394 16333.8 880.665
-0.949495 16334.8 887.356
-0.959596 16335.8 894.037
-0.969697 16336.4 900.577
-0.979798 16337.1 907.11
-0.989899 16337.3 913.47
-1 16337.6 919.827
