0 -13161.8 -0.00146043
-0.010101 -14342.8 -10.2635
-0.020202 -14317.5 -20.5372
-0.030303 -14297.6 -31.4533
-0.040404 -14277.9 -42.3749
-0.0505051 -14262.8 -53.4314
-0.0606061 -14247.9 -64.4986
-0.0707071 -14237 -75.7328
-0.0808081 -14226.4 -86.9789
-0.0909091 -14219 -98.3632
-0.10101 -14211.9 -109.759
-0.111111 -14207.4 -121.256
-0.121212 -14203.1 -132.763
-0.131313 -14200.8 -144.343
-0.141414 -14198.8 -155.932
-0.151515 -14198.2 -167.572
-0.161616 -14197.8 -179.22
-0.171717 -14198.5 -190.904
-0.181818 -14199.3 -202.594
-0.191919 -14200.9 -214.308
-0.20202 -14202.5 -226.025
-0.212121 -14204.6 -237.757
-0.222222 -14206.7 -249.489
-0.232323 -14209.1 -261.225
-0.242424 -14211.5 -272.959
-0.252525 -14214 -284.689
-0.262626 -14216.5 -296.413
-0.272727 -14219 -308.124
-0.282828 -14221.4 -319.826
-0.292929 -14223.8 -331.508
-0.30303 -14226.1 -343.178
-0.313131 -14228.2 -354.821
-0.323232 -14230.3 -366.449
-0.333333 -14232.3 -378.044
-0.343434 -14234.1 -389.621
-0.353535 -14235.9 -401.161
-0.363636 -14237.5 -412.679
-0.373737 -14239.1 -424.158
-0.383838 -14240.5 -435.61
-0.393939 -14241.8 -447.02
-0.40404 -14243.1 -458.4
-0.414141 -14244.2 -469.735
-0.424242 -14245.3 -481.037
-0.434343 -14246.3 -492.293
-0.444444 -14247.2 -503.512
-0.454545 -14248 -514.683
-0.464646 -14248.9 -525.813
-0.474747 -14249.6 -536.894
-0.484848 -14250.3 -547.929
-0.494949 -14251 -558.916
-0.505051 -14251.7 -569.852
-0.515152 -14252.3 -580.738
-0.525253 -14253 -591.57
-0.535354 -14253.6 -602.351
-0.545455 -14254.2 -613.073
-0.555556 -14254.8 -623.744
-0.565657 -14255.4 -634.35
-0.575758 -14256 -644.905
-0.585859 -14256.6 -655.389
-0.59596 -14257.2 -665.823
-0.606061 -14257.9 -676.181
-0.616162 -14258.5 -686.487
-0.626263 -14259.2 -696.711
-0.636364 -14259.9 -706.885
-0.646465 -14260.6 -716.969
-0.656566 -14261.4 -727.004
-0.666667 -14262.1 -736.943
-0.676768 -14262.9 -746.832
-0.686869 -14263.8 -756.619
-0.69697 -14264.7 -766.357
-0.707071 -14265.6 -775.985
-0.717172 -14266.5 -785.566
-0.727273 -14267.5 -795.03
-0.737374 -14268.5 -804.447
-0.747475 -14269.6 -813.74
-0.757576 -14270.7 -822.989
-0.767677 -14271.8 -832.105
-0.777778 -14273 -841.18
-0.787879 -14274.2 -850.114
-0.79798 -14275.4 -859.009
-0.808081 -14276.7 -867.756
-0.818182 -14278 -876.467
-0.828283 -14279.3 -885.023
-0.838384 -14280.7 -893.545
-0.848485 -14282.1 -901.905
-0.858586 -14283.4 -910.235
-0.868687 -14284.8 -918.397
-0.878788 -14286.2 -926.532
-0.888889 -14287.6 -934.493
-0.89899 -14288.9 -942.43
-0.909091 -14290.2 -950.189
-0.919192 -14291.5 -957.928
-0.929293 -14292.6 -965.485
-0.939394 -14293.8 -973.026
-0.949495 -14294.7 -980.389
-0.959596 -14295.7 -987.74
-0.969697 -14296.3 -994.93
-0.979798 -14296.9 -1002.11
-0.989899 -14297.2 -1009.11
-1 -14297.4 -1016.1
