0 23260.5 0.00191256
-0.010101 23454.5 1.33785
-0.020202 23432.5 2.67024
-0.030303 23412.4 3.91656
-0.040404 23392.3 5.16204
-0.0505051 23374.7 6.3878
-0.0606061 23357.2 7.61657
-0.0707071 23342.2 8.89275
-0.0808081 23327.4 10.1742
-0.0909091 23315.1 11.5165
-0.10101 23303 12.8649
-0.111111 23293.2 14.268
-0.121212 23283.7 15.6773
-0.131313 23276.2 17.1316
-0.141414 23269 18.592
-0.151515 23263.5 20.0895
-0.161616 23258.3 21.593
-0.171717 23254.6 23.1283
-0.181818 23251.2 24.6698
-0.191919 23248.9 26.2396
-0.20202 23246.9 27.8156
-0.212121 23245.8 29.4167
-0.222222 23244.9 31.0239
-0.232323 23244.7 32.6529
-0.242424 23244.7 34.2877
-0.252525 23245.2 35.9405
-0.262626 23245.9 37.5983
-0.272727 23246.9 39.2703
-0.282828 23248 40.9462
-0.292929 23249.4 42.6322
-0.30303 23250.8 44.3209
-0.313131 23252.4 46.016
-0.323232 23254 47.7124
-0.333333 23255.7 49.4117
-0.343434 23257.4 51.1109
-0.353535 23259.2 52.81
-0.363636 23260.9 54.5076
-0.373737 23262.7 56.2027
-0.383838 23264.4 57.895
-0.393939 23266.1 59.5827
-0.40404 23267.8 61.2664
-0.414141 23269.4 62.9439
-0.424242 23271 64.6161
-0.434343 23272.6 66.2811
-0.444444 23274.1 67.9396
-0.454545 23275.6 69.59
-0.464646 23277 71.233
-0.474747 23278.5 72.8672
-0.484848 23279.9 74.493
-0.494949 23281.2 76.1097
-0.505051 23282.6 77.717
-0.515152 23283.9 79.3149
-0.525253 23285.2 80.9026
-0.535354 23286.5 82.4809
-0.545455 23287.8 84.048
-0.555556 23289.1 85.6057
-0.565657 23290.3 87.1515
-0.575758 23291.6 88.6879
-0.585859 23292.9 90.2116
-0.59596 23294.2 91.7261
-0.606061 23295.5 93.2272
-0.616162 23296.8 94.7193
-0.626263 23298.1 96.1973
-0.636364 23299.5 97.6667
-0.646465 23300.8 99.1213
-0.656566 23302.2 100.568
-0.666667 23303.6 101.999
-0.676768 23305.1 103.422
-0.686869 23306.5 104.83
-0.69697 23308 106.23
-0.707071 23309.5 107.615
-0.717172 23311.1 108.993
-0.727273 23312.6 110.355
-0.737374 23314.2 111.711
-0.747475 23315.9 113.051
-0.757576 23317.5 114.386
-0.767677 23319.2 115.706
-0.777778 23320.8 117.022
-0.787879 23322.5 118.323
-0.79798 23324.2 119.621
-0.808081 23326 120.905
-0.818182 23327.7 122.186
-0.828283 23329.4 123.456
-0.838384 23331.1 124.723
-0.848485 23332.7 125.98
-0.858586 23334.4 127.235
-0.868687 23336 128.481
-0.878788 23337.6 129.726
-0.888889 23339.1 130.964
-0.89899 23340.5 132.201
-0.909091 23341.8 133.432
-0.919192 23343.2 134.663
-0.929293 23344.3 135.889
-0.939394 23345.4 137.116
-0.949495 23346.2 138.341
-0.959596 23347.1 139.566
-0.969697 23347.6 140.796
-0.979798 23348.2 142.026
-0.989899 23348.3 143.211
-1 23348.5 144.395
