0 23260.5 0.00128751
-0.010101 23454.5 1.34304
-0.020202 23432.5 2.68179
-0.030303 23412.4 3.93198
-0.040404 23392.4 5.18121
-0.0505051 23374.8 6.40746
-0.0606061 23357.3 7.63655
-0.0707071 23342.4 8.91007
-0.0808081 23327.6 10.1886
-0.0909091 23315.3 11.5253
-0.10101 23303.2 12.8679
-0.111111 23293.4 14.2628
-0.121212 23283.9 15.6636
-0.131313 23276.4 17.1075
-0.141414 23269.2 18.5571
-0.151515 23263.8 20.0423
-0.161616 23258.6 21.5333
-0.171717 23254.9 23.0549
-0.181818 23251.5 24.5826
-0.191919 23249.2 26.1376
-0.20202 23247.2 27.6987
-0.212121 23246.1 29.2843
-0.222222 23245.3 30.8759
-0.232323 23245.1 32.489
-0.242424 23245.1 34.1078
-0.252525 23245.6 35.7445
-0.262626 23246.3 37.3862
-0.272727 23247.3 39.042
-0.282828 23248.4 40.7019
-0.292929 23249.8 42.3719
-0.30303 23251.2 44.0448
-0.313131 23252.8 45.7242
-0.323232 23254.4 47.405
-0.333333 23256.1 49.089
-0.343434 23257.9 50.7731
-0.353535 23259.6 52.4573
-0.363636 23261.4 54.1402
-0.373737 23263.1 55.8209
-0.383838 23264.8 57.4989
-0.393939 23266.5 59.1727
-0.40404 23268.2 60.8426
-0.414141 23269.8 62.5067
-0.424242 23271.4 64.1657
-0.434343 23273 65.8177
-0.444444 23274.5 67.4636
-0.454545 23276 69.1016
-0.464646 23277.4 70.7325
-0.474747 23278.8 72.3549
-0.484848 23280.2 73.9692
-0.494949 23281.6 75.5747
-0.505051 23282.9 77.1711
-0.515152 23284.2 78.7584
-0.525253 23285.5 80.3359
-0.535354 23286.8 81.9042
-0.545455 23288.1 83.4618
-0.555556 23289.3 85.0103
-0.565657 23290.6 86.5472
-0.575758 23291.9 88.0751
-0.585859 23293.1 89.5908
-0.59596 23294.4 91.0976
-0.606061 23295.7 92.5914
-0.616162 23297 94.0766
-0.626263 23298.3 95.5482
-0.636364 23299.6 97.0114
-0.646465 23301 98.4605
-0.656566 23302.3 99.9016
-0.666667 23303.7 101.328
-0.676768 23305.2 102.747
-0.686869 23306.6 104.151
-0.69697 23308.1 105.548
-0.707071 23309.6 106.929
-0.717172 23311.1 108.305
-0.727273 23312.7 109.665
-0.737374 23314.2 111.019
-0.747475 23315.9 112.358
-0.757576 23317.5 113.692
-0.767677 23319.1 115.012
-0.777778 23320.8 116.328
-0.787879 23322.5 117.63
-0.79798 23324.2 118.928
-0.808081 23325.9 120.214
-0.818182 23327.6 121.496
-0.828283 23329.3 122.768
-0.838384 23331 124.037
-0.848485 23332.6 125.296
-0.858586 23334.3 126.554
-0.868687 23335.9 127.804
-0.878788 23337.4 129.052
-0.888889 23338.9 130.293
-0.89899 23340.4 131.534
-0.909091 23341.7 132.769
-0.919192 23343 134.004
-0.929293 23344.1 135.235
-0.939394 23345.2 136.466
-0.949495 23346.1 137.696
-0.959596 23346.9 138.926
-0.969697 23347.4 140.161
-0.979798 23348 141.396
-0.989899 23348.2 142.584
-1 23348.4 143.772
