0 11536.4 0.00142962
-0.010101 10224.5 -11.8307
-0.020202 10230.4 -23.6835
-0.030303 10231.7 -36.4874
-0.040404 10232.8 -49.2997
-0.0505051 10230.8 -62.3133
-0.0606061 10228.6 -75.3371
-0.0707071 10224.3 -88.5212
-0.0808081 10220 -101.714
-0.0909091 10214.4 -115.013
-0.10101 10208.8 -128.32
-0.111111 10202.6 -141.691
-0.121212 10196.4 -155.068
-0.131313 10190.1 -168.485
-0.141414 10183.8 -181.905
-0.151515 10177.8 -195.347
-0.161616 10171.9 -208.79
-0.171717 10166.4 -222.242
-0.181818 10161 -235.693
-0.191919 10156.2 -249.142
-0.20202 10151.5 -262.586
-0.212121 10147.4 -276.018
-0.222222 10143.5 -289.443
-0.232323 10140.1 -302.846
-0.242424 10136.9 -316.24
-0.252525 10134.3 -329.603
-0.262626 10131.8 -342.955
-0.272727 10129.9 -356.27
-0.282828 10128 -369.57
-0.292929 10126.7 -382.83
-0.30303 10125.4 -396.071
-0.313131 10124.5 -409.269
-0.323232 10123.8 -422.445
-0.333333 10123.3 -435.574
-0.343434 10123 -448.679
-0.353535 10122.9 -461.737
-0.363636 10122.9 -474.766
-0.373737 10123 -487.747
-0.383838 10123.3 -500.697
-0.393939 10123.6 -513.596
-0.40404 10124.1 -526.462
-0.414141 10124.6 -539.276
-0.424242 10125.2 -552.053
-0.434343 10125.8 -564.779
-0.444444 10126.5 -577.463
-0.454545 10127.2 -590.095
-0.464646 10127.9 -602.682
-0.474747 10128.7 -615.215
-0.484848 10129.5 -627.7
-0.494949 10130.3 -640.131
-0.505051 10131.1 -652.507
-0.515152 10131.9 -664.83
-0.525253 10132.7 -677.094
-0.535354 10133.5 -689.303
-0.545455 10134.3 -701.447
-0.555556 10135.1 -713.536
-0.565657 10135.9 -725.556
-0.575758 10136.6 -737.519
-0.585859 10137.4 -749.406
-0.59596 10138.2 -761.237
-0.606061 10139 -772.985
-0.616162 10139.7 -784.677
-0.626263 10140.5 -796.278
-0.636364 10141.2 -807.824
-0.646465 10142 -819.271
-0.656566 10142.7 -830.662
-0.666667 10143.4 -841.947
-0.676768 10144.1 -853.176
-0.686869 10144.8 -864.289
-0.69697 10145.5 -875.348
-0.707071 10146.2 -886.282
-0.717172 10146.9 -897.163
-0.727273 10147.5 -907.908
-0.737374 10148.2 -918.601
-0.747475 10148.8 -929.149
-0.757576 10149.4 -939.645
-0.767677 10150 -949.986
-0.777778 10150.5 -960.278
-0.787879 10151 -970.403
-0.79798 10151.5 -980.481
-0.808081 10151.9 -990.382
-0.818182 10152.4 -1000.24
-0.828283 10152.7 -1009.91
-0.838384 10153 -1019.53
-0.848485 10153.3 -1028.96
-0.858586 10153.5 -1038.35
-0.868687 10153.7 -1047.52
-0.878788 10153.8 -1056.67
-0.888889 10153.9 -1065.59
-0.89899 10153.9 -1074.49
-0.909091 10153.9 -1083.15
-0.919192 10153.8 -1091.8
-0.929293 10153.7 -1100.2
-0.939394 10153.5 -1108.59
-0.949495 10153.4 -1116.74
-0.959596 10153.2 -1124.88
-0.969697 10153 -1132.8
-0.979798 10152.8 -1140.71
-0.989899 10152.8 -1148.43
-1 10152.7 -1156.15
