0 6816.5 0.00081864
-0.010101 8201.4 12.183
-0.020202 8179.09 24.3811
-0.030303 8162.59 37.4095
-0.040404 8146.29 50.445
-0.0505051 8134.8 63.6537
-0.0606061 8123.55 76.8743
-0.0707071 8116.17 90.2808
-0.0808081 8109.04 103.7
-0.0909091 8104.92 117.263
-0.10101 8101.05 130.838
-0.111111 8099.44 144.516
-0.121212 8098.04 158.203
-0.131313 8098.28 171.96
-0.141414 8098.69 185.725
-0.151515 8100.21 199.539
-0.161616 8101.87 213.358
-0.171717 8104.23 227.209
-0.181818 8106.68 241.063
-0.191919 8109.52 254.936
-0.20202 8112.4 268.81
-0.212121 8115.43 282.69
-0.222222 8118.47 296.569
-0.232323 8121.5 310.443
-0.242424 8124.49 324.312
-0.252525 8127.38 338.167
-0.262626 8130.2 352.014
-0.272727 8132.84 365.838
-0.282828 8135.4 379.65
-0.292929 8137.76 393.431
-0.30303 8140.02 407.197
-0.313131 8142.06 420.927
-0.323232 8144 434.637
-0.333333 8145.73 448.306
-0.343434 8147.36 461.952
-0.353535 8148.8 475.553
-0.363636 8150.14 489.126
-0.373737 8151.31 502.651
-0.383838 8152.4 516.145
-0.393939 8153.34 529.588
-0.40404 8154.2 542.997
-0.414141 8154.95 556.352
-0.424242 8155.62 569.668
-0.434343 8156.21 582.931
-0.444444 8156.74 596.149
-0.454545 8157.2 609.312
-0.464646 8157.61 622.427
-0.474747 8157.97 635.485
-0.484848 8158.3 648.491
-0.494949 8158.6 661.439
-0.505051 8158.87 674.329
-0.515152 8159.12 687.161
-0.525253 8159.36 699.929
-0.535354 8159.59 712.639
-0.545455 8159.81 725.28
-0.555556 8160.03 737.861
-0.565657 8160.25 750.367
-0.575758 8160.48 762.814
-0.585859 8160.72 775.179
-0.59596 8160.96 787.485
-0.606061 8161.23 799.702
-0.616162 8161.5 811.859
-0.626263 8161.8 823.92
-0.636364 8162.11 835.922
-0.646465 8162.45 847.82
-0.656566 8162.81 859.659
-0.666667 8163.2 871.386
-0.676768 8163.61 883.055
-0.686869 8164.06 894.603
-0.69697 8164.53 906.094
-0.707071 8165.04 917.455
-0.717172 8165.57 928.76
-0.727273 8166.16 939.926
-0.737374 8166.76 951.038
-0.747475 8167.41 962.002
-0.757576 8168.09 972.913
-0.767677 8168.82 983.666
-0.777778 8169.58 994.369
-0.787879 8170.39 1004.9
-0.79798 8171.22 1015.39
-0.808081 8172.11 1025.7
-0.818182 8173.02 1035.97
-0.828283 8173.99 1046.05
-0.838384 8174.96 1056.09
-0.848485 8175.99 1065.93
-0.858586 8177.02 1075.73
-0.868687 8178.09 1085.33
-0.878788 8179.16 1094.9
-0.888889 8180.24 1104.26
-0.89899 8181.32 1113.58
-0.909091 8182.37 1122.69
-0.919192 8183.42 1131.77
-0.929293 8184.39 1140.63
-0.939394 8185.36 1149.46
-0.949495 8186.18 1158.08
-0.959596 8186.99 1166.68
-0.969697 8187.57 1175.09
-0.979798 8188.14 1183.48
-0.989899 8188.36 1191.65
-1 8188.57 1199.83
