0 13608.3 0.00151084
-0.010101 14769.1 10.0784
-0.020202 14743.7 20.1665
-0.030303 14723.6 30.8796
-0.040404 14703.6 41.598
-0.0505051 14688.3 52.4471
-0.0606061 14673.2 63.3067
-0.0707071 14662.1 74.3306
-0.0808081 14651.3 85.3663
-0.0909091 14643.6 96.5385
-0.10101 14636.3 107.722
-0.111111 14631.6 119.006
-0.121212 14627.1 130.3
-0.131313 14624.6 141.666
-0.141414 14622.4 153.041
-0.151515 14621.7 164.467
-0.161616 14621.1 175.901
-0.171717 14621.7 187.371
-0.181818 14622.4 198.846
-0.191919 14623.8 210.346
-0.20202 14625.4 221.849
-0.212121 14627.4 233.366
-0.222222 14629.4 244.884
-0.232323 14631.8 256.407
-0.242424 14634.1 267.928
-0.252525 14636.6 279.444
-0.262626 14639 290.956
-0.272727 14641.5 302.454
-0.282828 14643.9 313.945
-0.292929 14646.2 325.415
-0.30303 14648.5 336.874
-0.313131 14650.7 348.307
-0.323232 14652.8 359.724
-0.333333 14654.7 371.111
-0.343434 14656.6 382.478
-0.353535 14658.4 393.81
-0.363636 14660.1 405.121
-0.373737 14661.6 416.392
-0.383838 14663.1 427.637
-0.393939 14664.4 438.841
-0.40404 14665.7 450.015
-0.414141 14666.8 461.146
-0.424242 14667.9 472.244
-0.434343 14669 483.297
-0.444444 14669.9 494.312
-0.454545 14670.8 505.281
-0.464646 14671.7 516.21
-0.474747 14672.4 527.09
-0.484848 14673.2 537.926
-0.494949 14673.9 548.713
-0.505051 14674.6 559.451
-0.515152 14675.3 570.14
-0.525253 14675.9 580.776
-0.535354 14676.6 591.361
-0.545455 14677.2 601.888
-0.555556 14677.8 612.365
-0.565657 14678.5 622.778
-0.575758 14679.1 633.142
-0.585859 14679.7 643.436
-0.59596 14680.4 653.679
-0.606061 14681.1 663.848
-0.616162 14681.7 673.967
-0.626263 14682.4 684.005
-0.636364 14683.2 693.993
-0.646465 14683.9 703.894
-0.656566 14684.7 713.745
-0.666667 14685.5 723.503
-0.676768 14686.3 733.212
-0.686869 14687.2 742.82
-0.69697 14688.1 752.38
-0.707071 14689 761.833
-0.717172 14690 771.239
-0.727273 14691 780.53
-0.737374 14692.1 789.775
-0.747475 14693.2 798.898
-0.757576 14694.3 807.978
-0.767677 14695.5 816.928
-0.777778 14696.6 825.837
-0.787879 14697.9 834.609
-0.79798 14699.1 843.341
-0.808081 14700.5 851.929
-0.818182 14701.8 860.482
-0.828283 14703.1 868.882
-0.838384 14704.5 877.249
-0.848485 14705.9 885.458
-0.858586 14707.3 893.638
-0.868687 14708.7 901.652
-0.878788 14710.1 909.64
-0.888889 14711.5 917.458
-0.89899 14712.9 925.252
-0.909091 14714.2 932.872
-0.919192 14715.5 940.472
-0.929293 14716.6 947.894
-0.939394 14717.8 955.301
-0.949495 14718.7 962.533
-0.959596 14719.7 969.754
-0.969697 14720.3 976.817
-0.979798 14721 983.873
-0.989899 14721.2 990.744
-1 14721.4 997.611
