0 11536.4 0.00142962
-0.010101 10224.5 -11.8306
-0.020202 10230.4 -23.6832
-0.030303 10231.7 -36.4869
-0.040404 10232.8 -49.2991
-0.0505051 10230.8 -62.3125
-0.0606061 10228.6 -75.3362
-0.0707071 10224.3 -88.5202
-0.0808081 10220 -101.713
-0.0909091 10214.4 -115.012
-0.10101 10208.8 -128.318
-0.111111 10202.6 -141.69
-0.121212 10196.4 -155.067
-0.131313 10190.1 -168.484
-0.141414 10183.8 -181.904
-0.151515 10177.8 -195.346
-0.161616 10171.9 -208.789
-0.171717 10166.4 -222.241
-0.181818 10161 -235.692
-0.191919 10156.2 -249.141
-0.20202 10151.5 -262.586
-0.212121 10147.4 -276.017
-0.222222 10143.5 -289.442
-0.232323 10140.1 -302.845
-0.242424 10136.9 -316.239
-0.252525 10134.3 -329.603
-0.262626 10131.8 -342.955
-0.272727 10129.9 -356.271
-0.282828 10128.1 -369.571
-0.292929 10126.7 -382.831
-0.30303 10125.4 -396.072
-0.313131 10124.5 -409.27
-0.323232 10123.8 -422.446
-0.333333 10123.3 -435.576
-0.343434 10123 -448.681
-0.353535 10122.9 -461.739
-0.363636 10122.9 -474.768
-0.373737 10123 -487.749
-0.383838 10123.3 -500.699
-0.393939 10123.6 -513.599
-0.40404 10124.1 -526.465
-0.414141 10124.6 -539.28
-0.424242 10125.2 -552.057
-0.434343 10125.8 -564.783
-0.444444 10126.5 -577.467
-0.454545 10127.2 -590.1
-0.464646 10127.9 -602.687
-0.474747 10128.7 -615.221
-0.484848 10129.5 -627.705
-0.494949 10130.3 -640.137
-0.505051 10131.1 -652.514
-0.515152 10131.9 -664.837
-0.525253 10132.7 -677.101
-0.535354 10133.5 -689.31
-0.545455 10134.3 -701.455
-0.555556 10135.1 -713.545
-0.565657 10135.9 -725.564
-0.575758 10136.6 -737.528
-0.585859 10137.4 -749.415
-0.59596 10138.2 -761.247
-0.606061 10139 -772.995
-0.616162 10139.7 -784.687
-0.626263 10140.5 -796.289
-0.636364 10141.2 -807.835
-0.646465 10142 -819.282
-0.656566 10142.7 -830.674
-0.666667 10143.4 -841.959
-0.676768 10144.1 -853.188
-0.686869 10144.8 -864.302
-0.69697 10145.5 -875.362
-0.707071 10146.2 -886.296
-0.717172 10146.9 -897.177
-0.727273 10147.5 -907.922
-0.737374 10148.2 -918.616
-0.747475 10148.8 -929.164
-0.757576 10149.4 -939.661
-0.767677 10150 -950.002
-0.777778 10150.5 -960.294
-0.787879 10151 -970.42
-0.79798 10151.5 -980.498
-0.808081 10152 -990.399
-0.818182 10152.4 -1000.26
-0.828283 10152.7 -1009.92
-0.838384 10153.1 -1019.55
-0.848485 10153.3 -1028.98
-0.858586 10153.6 -1038.37
-0.868687 10153.7 -1047.54
-0.878788 10153.8 -1056.69
-0.888889 10153.9 -1065.61
-0.89899 10153.9 -1074.51
-0.909091 10153.9 -1083.18
-0.919192 10153.8 -1091.82
-0.929293 10153.7 -1100.22
-0.939394 10153.6 -1108.61
-0.949495 10153.4 -1116.77
-0.959596 10153.2 -1124.9
-0.969697 10153 -1132.83
-0.979798 10152.8 -1140.74
-0.989899 10152.8 -1148.46
-1 10152.7 -1156.17
