0 20619.3 0.00232279
-0.010101 19845.4 -7.20603
-0.020202 19837.2 -14.4305
-0.030303 19826.9 -22.3416
-0.040404 19816.6 -30.2589
-0.0505051 19805.5 -38.3224
-0.0606061 19794.3 -46.3911
-0.0707071 19783.2 -54.5412
-0.0808081 19772 -62.6947
-0.0909091 19761.5 -70.8854
-0.10101 19751 -79.0777
-0.111111 19741.4 -87.2836
-0.121212 19732 -95.4897
-0.131313 19723.6 -103.697
-0.141414 19715.4 -111.904
-0.151515 19708.4 -120.105
-0.161616 19701.5 -128.304
-0.171717 19695.8 -136.49
-0.181818 19690.2 -144.673
-0.191919 19685.7 -152.838
-0.20202 19681.5 -160.998
-0.212121 19678.1 -169.134
-0.222222 19675 -177.263
-0.232323 19672.6 -185.365
-0.242424 19670.5 -193.457
-0.252525 19669 -201.52
-0.262626 19667.7 -209.571
-0.272727 19667 -217.591
-0.282828 19666.4 -225.597
-0.292929 19666.2 -233.572
-0.30303 19666.1 -241.532
-0.313131 19666.4 -249.459
-0.323232 19666.8 -257.371
-0.333333 19667.5 -265.251
-0.343434 19668.2 -273.114
-0.353535 19669.1 -280.944
-0.363636 19670 -288.758
-0.373737 19671.1 -296.539
-0.383838 19672.2 -304.301
-0.393939 19673.4 -312.033
-0.40404 19674.6 -319.743
-0.414141 19675.9 -327.423
-0.424242 19677.1 -335.081
-0.434343 19678.4 -342.707
-0.444444 19679.7 -350.31
-0.454545 19681 -357.882
-0.464646 19682.3 -365.428
-0.474747 19683.6 -372.943
-0.484848 19684.9 -380.43
-0.494949 19686.2 -387.885
-0.505051 19687.5 -395.31
-0.515152 19688.8 -402.703
-0.525253 19690 -410.063
-0.535354 19691.3 -417.391
-0.545455 19692.5 -424.681
-0.555556 19693.8 -431.94
-0.565657 19695 -439.158
-0.575758 19696.3 -446.345
-0.585859 19697.5 -453.486
-0.59596 19698.7 -460.596
-0.606061 19700 -467.657
-0.616162 19701.2 -474.685
-0.626263 19702.4 -481.66
-0.636364 19703.7 -488.602
-0.646465 19704.9 -495.487
-0.656566 19706.2 -502.338
-0.666667 19707.5 -509.126
-0.676768 19708.7 -515.882
-0.686869 19710 -522.568
-0.69697 19711.3 -529.222
-0.707071 19712.6 -535.801
-0.717172 19713.9 -542.347
-0.727273 19715.2 -548.811
-0.737374 19716.5 -555.243
-0.747475 19717.8 -561.587
-0.757576 19719.1 -567.899
-0.767677 19720.4 -574.115
-0.777778 19721.7 -580.3
-0.787879 19723 -586.381
-0.79798 19724.3 -592.433
-0.808081 19725.5 -598.373
-0.818182 19726.8 -604.285
-0.828283 19727.9 -610.076
-0.838384 19729.1 -615.841
-0.848485 19730.2 -621.477
-0.858586 19731.3 -627.089
-0.868687 19732.3 -632.565
-0.878788 19733.2 -638.019
-0.888889 19734.1 -643.329
-0.89899 19734.9 -648.619
-0.909091 19735.6 -653.759
-0.919192 19736.3 -658.883
-0.929293 19736.8 -663.851
-0.939394 19737.4 -668.806
-0.949495 19737.7 -673.605
-0.959596 19738 -678.394
-0.969697 19738.2 -683.033
-0.979798 19738.4 -687.667
-0.989899 19738.5 -692.196
-1 19738.5 -696.723
