0 -3112.32 -0.000364342
-0.010101 -4557.1 -12.7702
-0.020202 -4537.21 -25.5579
-0.030303 -4523.18 -39.2493
-0.040404 -4509.34 -52.9486
-0.0505051 -4500.23 -66.8382
-0.0606061 -4491.34 -80.7401
-0.0707071 -4486.13 -94.8335
-0.0808081 -4481.17 -108.94
-0.0909091 -4478.97 -123.191
-0.10101 -4476.99 -137.453
-0.111111 -4477.02 -151.816
-0.121212 -4477.23 -166.189
-0.131313 -4478.82 -180.629
-0.141414 -4480.55 -195.077
-0.151515 -4483.15 -209.571
-0.161616 -4485.85 -224.071
-0.171717 -4489.03 -238.599
-0.181818 -4492.26 -253.13
-0.191919 -4495.69 -267.676
-0.20202 -4499.13 -282.223
-0.212121 -4502.56 -296.772
-0.222222 -4505.96 -311.319
-0.232323 -4509.22 -325.857
-0.242424 -4512.42 -340.39
-0.252525 -4515.4 -354.904
-0.262626 -4518.3 -369.408
-0.272727 -4520.94 -383.886
-0.282828 -4523.47 -398.351
-0.292929 -4525.74 -412.781
-0.30303 -4527.89 -427.194
-0.313131 -4529.78 -441.568
-0.323232 -4531.56 -455.92
-0.333333 -4533.1 -470.228
-0.343434 -4534.54 -484.511
-0.353535 -4535.76 -498.746
-0.363636 -4536.88 -512.952
-0.373737 -4537.82 -527.107
-0.383838 -4538.67 -541.229
-0.393939 -4539.37 -555.298
-0.40404 -4539.99 -569.33
-0.414141 -4540.49 -583.307
-0.424242 -4540.92 -597.242
-0.434343 -4541.27 -611.121
-0.444444 -4541.56 -624.954
-0.454545 -4541.78 -638.73
-0.464646 -4541.96 -652.455
-0.474747 -4542.1 -666.122
-0.484848 -4542.2 -679.733
-0.494949 -4542.27 -693.285
-0.505051 -4542.32 -706.776
-0.515152 -4542.35 -720.206
-0.525253 -4542.37 -733.571
-0.535354 -4542.38 -746.875
-0.545455 -4542.39 -760.106
-0.555556 -4542.4 -773.277
-0.565657 -4542.41 -786.368
-0.575758 -4542.43 -799.398
-0.585859 -4542.45 -812.343
-0.59596 -4542.49 -825.226
-0.606061 -4542.54 -838.016
-0.616162 -4542.6 -850.744
-0.626263 -4542.68 -863.372
-0.636364 -4542.78 -875.938
-0.646465 -4542.9 -888.395
-0.656566 -4543.03 -900.791
-0.666667 -4543.2 -913.07
-0.676768 -4543.38 -925.288
-0.686869 -4543.6 -937.38
-0.69697 -4543.84 -949.412
-0.707071 -4544.12 -961.309
-0.717172 -4544.41 -973.146
-0.727273 -4544.75 -984.838
-0.737374 -4545.11 -996.473
-0.747475 -4545.53 -1007.95
-0.757576 -4545.96 -1019.38
-0.767677 -4546.44 -1030.63
-0.777778 -4546.95 -1041.84
-0.787879 -4547.52 -1052.87
-0.79798 -4548.1 -1063.85
-0.808081 -4548.75 -1074.64
-0.818182 -4549.41 -1085.38
-0.828283 -4550.14 -1095.93
-0.838384 -4550.88 -1106.43
-0.848485 -4551.68 -1116.73
-0.858586 -4552.49 -1126.99
-0.868687 -4553.34 -1137.02
-0.878788 -4554.21 -1147.03
-0.888889 -4555.1 -1156.81
-0.89899 -4555.99 -1166.55
-0.909091 -4556.88 -1176.07
-0.919192 -4557.76 -1185.56
-0.929293 -4558.6 -1194.81
-0.939394 -4559.43 -1204.04
-0.949495 -4560.16 -1213.03
-0.959596 -4560.87 -1222.01
-0.969697 -4561.39 -1230.77
-0.979798 -4561.91 -1239.52
-0.989899 -4562.11 -1248.05
-1 -4562.31 -1256.58
