0 -17815.8 -0.00210047
-0.010101 -16802.8 9.28227
-0.020202 -16799.7 18.5851
-0.030303 -16793.6 28.7035
-0.040404 -16787.4 38.8291
-0.0505051 -16779.4 49.1278
-0.0606061 -16771.4 59.4338
-0.0707071 -16762.5 69.8552
-0.0808081 -16753.6 80.2823
-0.0909091 -16744.6 90.7747
-0.10101 -16735.7 101.271
-0.111111 -16727.1 111.802
-0.121212 -16718.6 122.335
-0.131313 -16710.7 132.884
-0.141414 -16703 143.434
-0.151515 -16696.1 153.989
-0.161616 -16689.3 164.543
-0.171717 -16683.5 175.093
-0.181818 -16677.8 185.64
-0.191919 -16673 196.174
-0.20202 -16668.4 206.703
-0.212121 -16664.7 217.212
-0.222222 -16661.1 227.714
-0.232323 -16658.3 238.19
-0.242424 -16655.6 248.655
-0.252525 -16653.7 259.09
-0.262626 -16651.9 269.513
-0.272727 -16650.6 279.901
-0.282828 -16649.5 290.275
-0.292929 -16648.8 300.612
-0.30303 -16648.3 310.933
-0.313131 -16648.2 321.215
-0.323232 -16648.1 331.479
-0.333333 -16648.3 341.704
-0.343434 -16648.7 351.909
-0.353535 -16649.2 362.074
-0.363636 -16649.8 372.217
-0.373737 -16650.6 382.32
-0.383838 -16651.4 392.399
-0.393939 -16652.3 402.438
-0.40404 -16653.2 412.451
-0.414141 -16654.3 422.423
-0.424242 -16655.3 432.367
-0.434343 -16656.4 442.27
-0.444444 -16657.5 452.142
-0.454545 -16658.6 461.973
-0.464646 -16659.8 471.77
-0.474747 -16660.9 481.527
-0.484848 -16662 491.245
-0.494949 -16663.2 500.923
-0.505051 -16664.3 510.559
-0.515152 -16665.4 520.154
-0.525253 -16666.6 529.704
-0.535354 -16667.7 539.212
-0.545455 -16668.8 548.671
-0.555556 -16669.9 558.088
-0.565657 -16671 567.451
-0.575758 -16672.1 576.771
-0.585859 -16673.2 586.033
-0.59596 -16674.3 595.252
-0.606061 -16675.4 604.408
-0.616162 -16676.5 613.52
-0.626263 -16677.6 622.562
-0.636364 -16678.7 631.562
-0.646465 -16679.8 640.485
-0.656566 -16680.9 649.366
-0.666667 -16682 658.163
-0.676768 -16683.1 666.918
-0.686869 -16684.2 675.583
-0.69697 -16685.3 684.206
-0.707071 -16686.4 692.731
-0.717172 -16687.5 701.215
-0.727273 -16688.6 709.592
-0.737374 -16689.7 717.929
-0.747475 -16690.8 726.151
-0.757576 -16691.9 734.333
-0.767677 -16692.9 742.392
-0.777778 -16694 750.412
-0.787879 -16695 758.299
-0.79798 -16696 766.149
-0.808081 -16697 773.857
-0.818182 -16698 781.53
-0.828283 -16698.9 789.051
-0.838384 -16699.7 796.539
-0.848485 -16700.5 803.866
-0.858586 -16701.3 811.162
-0.868687 -16702 818.288
-0.878788 -16702.7 825.386
-0.888889 -16703.3 832.306
-0.89899 -16703.8 839.201
-0.909091 -16704.3 845.91
-0.919192 -16704.7 852.598
-0.929293 -16705 859.095
-0.939394 -16705.3 865.575
-0.949495 -16705.4 871.863
-0.959596 -16705.6 878.139
-0.969697 -16705.6 884.232
-0.979798 -16705.7 890.317
-0.989899 -16705.7 896.261
-1 -16705.7 902.202
