0 22780.6 0.00143786
-0.010101 23107 2.51967
-0.020202 23083.8 5.03662
-0.030303 23063 7.5575
-0.040404 23042.3 10.0784
-0.0505051 23024.4 12.5986
-0.0606061 23006.6 15.123
-0.0707071 22991.6 17.7118
-0.0808081 22976.9 20.3068
-0.0909091 22964.7 22.9746
-0.10101 22952.9 25.6494
-0.111111 22943.4 28.3868
-0.121212 22934.2 31.1311
-0.131313 22927.1 33.9254
-0.141414 22920.3 36.7262
-0.151515 22915.3 39.5674
-0.161616 22910.5 42.4149
-0.171717 22907.3 45.2959
-0.181818 22904.2 48.1832
-0.191919 22902.4 51.0992
-0.20202 22900.7 54.0214
-0.212121 22900 56.968
-0.222222 22899.5 59.9203
-0.232323 22899.6 62.8929
-0.242424 22899.9 65.8704
-0.252525 22900.7 68.8637
-0.262626 22901.6 71.8608
-0.272727 22902.9 74.8691
-0.282828 22904.2 77.8798
-0.292929 22905.7 80.8971
-0.30303 22907.3 83.9154
-0.313131 22909 86.9359
-0.323232 22910.8 89.9557
-0.333333 22912.6 92.974
-0.343434 22914.4 95.9898
-0.353535 22916.2 99.001
-0.363636 22918 102.008
-0.373737 22919.7 105.007
-0.383838 22921.5 108.001
-0.393939 22923.2 110.985
-0.40404 22924.9 113.962
-0.414141 22926.5 116.927
-0.424242 22928.1 119.884
-0.434343 22929.6 122.828
-0.444444 22931.1 125.761
-0.454545 22932.6 128.681
-0.464646 22934 131.589
-0.474747 22935.4 134.482
-0.484848 22936.8 137.363
-0.494949 22938.1 140.228
-0.505051 22939.4 143.079
-0.515152 22940.7 145.915
-0.525253 22942 148.735
-0.535354 22943.2 151.54
-0.545455 22944.4 154.327
-0.555556 22945.7 157.099
-0.565657 22946.9 159.852
-0.575758 22948.2 162.59
-0.585859 22949.4 165.308
-0.59596 22950.6 168.01
-0.606061 22951.9 170.691
-0.616162 22953.2 173.357
-0.626263 22954.5 176
-0.636364 22955.8 178.629
-0.646465 22957.1 181.233
-0.656566 22958.4 183.823
-0.666667 22959.8 186.387
-0.676768 22961.2 188.937
-0.686869 22962.7 191.461
-0.69697 22964.1 193.971
-0.707071 22965.6 196.454
-0.717172 22967.1 198.924
-0.727273 22968.7 201.365
-0.737374 22970.3 203.794
-0.747475 22971.9 206.194
-0.757576 22973.5 208.583
-0.767677 22975.2 210.941
-0.777778 22976.8 213.29
-0.787879 22978.5 215.609
-0.79798 22980.2 217.919
-0.808081 22981.9 220.198
-0.818182 22983.7 222.469
-0.828283 22985.4 224.711
-0.838384 22987.1 226.945
-0.848485 22988.8 229.15
-0.858586 22990.5 231.35
-0.868687 22992.1 233.52
-0.878788 22993.7 235.685
-0.888889 22995.2 237.822
-0.89899 22996.7 239.955
-0.909091 22998.1 242.06
-0.919192 22999.4 244.162
-0.929293 23000.6 246.237
-0.939394 23001.7 248.31
-0.949495 23002.6 250.359
-0.959596 23003.5 252.406
-0.969697 23004.1 254.438
-0.979798 23004.7 256.468
-0.989899 23004.9 258.434
-1 23005.1 260.398
