0 -22848.4 -0.00180779
-0.010101 -22410.2 4.26585
-0.020202 -22396.1 8.54515
-0.030303 -22381.4 13.3145
-0.040404 -22366.6 18.0881
-0.0505051 -22352.3 22.9665
-0.0606061 -22338 27.8471
-0.0707071 -22324.7 32.7631
-0.0808081 -22311.5 37.6792
-0.0909091 -22299.6 42.596
-0.10101 -22287.9 47.5115
-0.111111 -22277.7 52.4145
-0.121212 -22267.7 57.3152
-0.131313 -22259.2 62.1991
-0.141414 -22250.9 67.0801
-0.151515 -22244.1 71.9426
-0.161616 -22237.5 76.8011
-0.171717 -22232.2 81.6391
-0.181818 -22227.2 86.4721
-0.191919 -22223.3 91.2822
-0.20202 -22219.7 96.086
-0.212121 -22217 100.865
-0.222222 -22214.6 105.636
-0.232323 -22212.9 110.381
-0.242424 -22211.5 115.117
-0.252525 -22210.7 119.826
-0.262626 -22210.1 124.525
-0.272727 -22210 129.198
-0.282828 -22210.1 133.861
-0.292929 -22210.5 138.499
-0.30303 -22211 143.125
-0.313131 -22211.8 147.728
-0.323232 -22212.7 152.32
-0.333333 -22213.8 156.888
-0.343434 -22215 161.446
-0.353535 -22216.2 165.983
-0.363636 -22217.6 170.508
-0.373737 -22218.9 175.014
-0.383838 -22220.4 179.508
-0.393939 -22221.8 183.982
-0.40404 -22223.3 188.445
-0.414141 -22224.8 192.89
-0.424242 -22226.2 197.321
-0.434343 -22227.7 201.736
-0.444444 -22229.2 206.136
-0.454545 -22230.6 210.52
-0.464646 -22232.1 214.889
-0.474747 -22233.5 219.241
-0.484848 -22234.9 223.577
-0.494949 -22236.3 227.897
-0.505051 -22237.7 232.199
-0.515152 -22239.1 236.484
-0.525253 -22240.4 240.751
-0.535354 -22241.8 245
-0.545455 -22243.1 249.229
-0.555556 -22244.4 253.441
-0.565657 -22245.7 257.63
-0.575758 -22247.1 261.802
-0.585859 -22248.4 265.949
-0.59596 -22249.7 270.078
-0.606061 -22251 274.18
-0.616162 -22252.4 278.264
-0.626263 -22253.7 282.318
-0.636364 -22255.1 286.354
-0.646465 -22256.4 290.357
-0.656566 -22257.8 294.342
-0.666667 -22259.2 298.29
-0.676768 -22260.6 302.219
-0.686869 -22262.1 306.109
-0.69697 -22263.5 309.98
-0.707071 -22265 313.807
-0.717172 -22266.4 317.616
-0.727273 -22267.9 321.376
-0.737374 -22269.4 325.117
-0.747475 -22270.9 328.805
-0.757576 -22272.4 332.475
-0.767677 -22274 336.086
-0.777778 -22275.5 339.679
-0.787879 -22277 343.208
-0.79798 -22278.5 346.719
-0.808081 -22280 350.161
-0.818182 -22281.5 353.585
-0.828283 -22283 356.934
-0.838384 -22284.4 360.266
-0.848485 -22285.8 363.517
-0.858586 -22287.1 366.753
-0.868687 -22288.4 369.901
-0.878788 -22289.7 373.035
-0.888889 -22290.8 376.077
-0.89899 -22292 379.105
-0.909091 -22293 382.036
-0.919192 -22293.9 384.956
-0.929293 -22294.7 387.775
-0.939394 -22295.5 390.585
-0.949495 -22296.1 393.292
-0.959596 -22296.6 395.992
-0.969697 -22297 398.59
-0.979798 -22297.3 401.184
-0.989899 -22297.4 403.727
-1 -22297.5 406.27
