0 -11308.6 -0.00130909
-0.010101 -12564.5 -10.96
-0.020202 -12540 -21.9318
-0.030303 -12520.9 -33.6107
-0.040404 -12502 -45.2958
-0.0505051 -12487.9 -57.1292
-0.0606061 -12474.1 -68.9737
-0.0707071 -12464.1 -80.9929
-0.0808081 -12454.5 -93.0244
-0.0909091 -12448.1 -105.197
-0.10101 -12441.9 -117.382
-0.111111 -12438.2 -129.669
-0.121212 -12434.8 -141.967
-0.131313 -12433.3 -154.337
-0.141414 -12432 -166.716
-0.151515 -12432.1 -179.146
-0.161616 -12432.3 -191.583
-0.171717 -12433.5 -204.055
-0.181818 -12434.9 -216.532
-0.191919 -12436.8 -229.032
-0.20202 -12438.9 -241.535
-0.212121 -12441.3 -254.049
-0.222222 -12443.7 -266.564
-0.232323 -12446.3 -279.08
-0.242424 -12449 -291.593
-0.252525 -12451.6 -304.098
-0.262626 -12454.2 -316.597
-0.272727 -12456.8 -329.079
-0.282828 -12459.2 -341.552
-0.292929 -12461.6 -354.001
-0.30303 -12463.9 -366.437
-0.313131 -12466.1 -378.843
-0.323232 -12468.1 -391.231
-0.333333 -12470 -403.585
-0.343434 -12471.9 -415.918
-0.353535 -12473.5 -428.212
-0.363636 -12475.1 -440.481
-0.373737 -12476.5 -452.708
-0.383838 -12477.9 -464.906
-0.393939 -12479.1 -477.06
-0.40404 -12480.2 -489.181
-0.414141 -12481.2 -501.255
-0.424242 -12482.2 -513.294
-0.434343 -12483.1 -525.283
-0.444444 -12483.9 -537.233
-0.454545 -12484.6 -549.132
-0.464646 -12485.3 -560.987
-0.474747 -12486 -572.791
-0.484848 -12486.6 -584.547
-0.494949 -12487.2 -596.25
-0.505051 -12487.7 -607.9
-0.515152 -12488.2 -619.497
-0.525253 -12488.7 -631.036
-0.535354 -12489.2 -642.522
-0.545455 -12489.7 -653.945
-0.555556 -12490.2 -665.313
-0.565657 -12490.7 -676.613
-0.575758 -12491.2 -687.859
-0.585859 -12491.7 -699.031
-0.59596 -12492.2 -710.148
-0.606061 -12492.7 -721.184
-0.616162 -12493.3 -732.166
-0.626263 -12493.9 -743.061
-0.636364 -12494.4 -753.902
-0.646465 -12495.1 -764.648
-0.656566 -12495.7 -775.342
-0.666667 -12496.4 -785.933
-0.676768 -12497 -796.472
-0.686869 -12497.8 -806.901
-0.69697 -12498.5 -817.279
-0.707071 -12499.3 -827.54
-0.717172 -12500.1 -837.75
-0.727273 -12501 -847.835
-0.737374 -12501.9 -857.871
-0.747475 -12502.9 -867.774
-0.757576 -12503.8 -877.63
-0.767677 -12504.9 -887.343
-0.777778 -12505.9 -897.012
-0.787879 -12507 -906.531
-0.79798 -12508.1 -916.008
-0.808081 -12509.3 -925.326
-0.818182 -12510.5 -934.605
-0.828283 -12511.7 -943.718
-0.838384 -12513 -952.794
-0.848485 -12514.3 -961.697
-0.858586 -12515.5 -970.567
-0.868687 -12516.8 -979.255
-0.878788 -12518.1 -987.914
-0.888889 -12519.4 -996.386
-0.89899 -12520.7 -1004.83
-0.909091 -12521.9 -1013.08
-0.919192 -12523.2 -1021.32
-0.929293 -12524.3 -1029.35
-0.939394 -12525.4 -1037.37
-0.949495 -12526.3 -1045.19
-0.959596 -12527.2 -1053.01
-0.969697 -12527.8 -1060.64
-0.979798 -12528.4 -1068.27
-0.989899 -12528.7 -1075.7
-1 -12528.9 -1083.13
