0 13608.3 0.00151084
-0.010101 14769.1 10.0781
-0.020202 14743.7 20.166
-0.030303 14723.6 30.8788
-0.040404 14703.6 41.597
-0.0505051 14688.3 52.4459
-0.0606061 14673.2 63.3053
-0.0707071 14662.1 74.3291
-0.0808081 14651.3 85.3648
-0.0909091 14643.6 96.5369
-0.10101 14636.3 107.72
-0.111111 14631.6 119.004
-0.121212 14627.1 130.299
-0.131313 14624.6 141.665
-0.141414 14622.4 153.04
-0.151515 14621.6 164.466
-0.161616 14621.1 175.9
-0.171717 14621.7 187.37
-0.181818 14622.4 198.845
-0.191919 14623.8 210.345
-0.20202 14625.4 221.848
-0.212121 14627.4 233.366
-0.222222 14629.4 244.884
-0.232323 14631.8 256.407
-0.242424 14634.1 267.929
-0.252525 14636.6 279.445
-0.262626 14639 290.957
-0.272727 14641.5 302.456
-0.282828 14643.9 313.947
-0.292929 14646.2 325.418
-0.30303 14648.5 336.877
-0.313131 14650.7 348.31
-0.323232 14652.8 359.728
-0.333333 14654.7 371.115
-0.343434 14656.6 382.483
-0.353535 14658.4 393.815
-0.363636 14660.1 405.126
-0.373737 14661.6 416.398
-0.383838 14663.1 427.644
-0.393939 14664.4 438.848
-0.40404 14665.7 450.023
-0.414141 14666.8 461.154
-0.424242 14667.9 472.253
-0.434343 14669 483.306
-0.444444 14669.9 494.322
-0.454545 14670.8 505.292
-0.464646 14671.6 516.22
-0.474747 14672.4 527.102
-0.484848 14673.2 537.938
-0.494949 14673.9 548.726
-0.505051 14674.6 559.464
-0.515152 14675.3 570.154
-0.525253 14675.9 580.79
-0.535354 14676.6 591.376
-0.545455 14677.2 601.903
-0.555556 14677.8 612.381
-0.565657 14678.4 622.795
-0.575758 14679.1 633.158
-0.585859 14679.7 643.453
-0.59596 14680.4 653.697
-0.606061 14681 663.867
-0.616162 14681.7 673.986
-0.626263 14682.4 684.024
-0.636364 14683.2 694.013
-0.646465 14683.9 703.914
-0.656566 14684.7 713.766
-0.666667 14685.5 723.524
-0.676768 14686.3 733.234
-0.686869 14687.2 742.842
-0.69697 14688.1 752.403
-0.707071 14689 761.856
-0.717172 14690 771.263
-0.727273 14691 780.554
-0.737374 14692.1 789.8
-0.747475 14693.2 798.924
-0.757576 14694.3 808.004
-0.767677 14695.4 816.954
-0.777778 14696.6 825.864
-0.787879 14697.9 834.636
-0.79798 14699.1 843.369
-0.808081 14700.4 851.957
-0.818182 14701.8 860.51
-0.828283 14703.1 868.911
-0.838384 14704.5 877.278
-0.848485 14705.9 885.488
-0.858586 14707.3 893.667
-0.868687 14708.7 901.682
-0.878788 14710.1 909.671
-0.888889 14711.5 917.489
-0.89899 14712.9 925.284
-0.909091 14714.2 932.904
-0.919192 14715.5 940.504
-0.929293 14716.6 947.927
-0.939394 14717.8 955.335
-0.949495 14718.7 962.567
-0.959596 14719.7 969.788
-0.969697 14720.3 976.852
-0.979798 14721 983.908
-0.989899 14721.2 990.78
-1 14721.4 997.647
