0 23600.1 0.00276958
-0.010101 23458.3 -1.64483
-0.020202 23439.9 -3.30123
-0.030303 23422.2 -5.26381
-0.040404 23404.6 -7.22916
-0.0505051 23388.3 -9.26084
-0.0606061 23372.1 -11.2923
-0.0707071 23357.7 -13.32
-0.0808081 23343.4 -15.3452
-0.0909091 23331 -17.3414
-0.10101 23318.8 -19.3339
-0.111111 23308.6 -21.2933
-0.121212 23298.5 -23.2484
-0.131313 23290.3 -25.1727
-0.141414 23282.4 -27.0925
-0.151515 23276 -28.9844
-0.161616 23270 -30.8712
-0.171717 23265.3 -32.7316
-0.181818 23260.9 -34.5863
-0.191919 23257.7 -36.415
-0.20202 23254.8 -38.2373
-0.212121 23252.8 -40.0339
-0.222222 23251.1 -41.8236
-0.232323 23250.1 -43.5884
-0.242424 23249.4 -45.3458
-0.252525 23249.2 -47.0799
-0.262626 23249.2 -48.8065
-0.272727 23249.6 -50.512
-0.282828 23250.2 -52.2101
-0.292929 23251.1 -53.8895
-0.30303 23252.1 -55.562
-0.313131 23253.3 -57.2184
-0.323232 23254.5 -58.8683
-0.333333 23255.9 -60.5046
-0.343434 23257.4 -62.135
-0.353535 23258.9 -63.754
-0.363636 23260.5 -65.3677
-0.373737 23262.1 -66.9719
-0.383838 23263.7 -68.5712
-0.393939 23265.3 -70.1625
-0.40404 23266.9 -71.7493
-0.414141 23268.5 -73.3293
-0.424242 23270.1 -74.905
-0.434343 23271.6 -76.4748
-0.444444 23273.2 -78.0405
-0.454545 23274.7 -79.6009
-0.464646 23276.2 -81.157
-0.474747 23277.6 -82.7083
-0.484848 23279 -84.2552
-0.494949 23280.5 -85.7975
-0.505051 23281.9 -87.3351
-0.515152 23283.2 -88.8681
-0.525253 23284.6 -90.396
-0.535354 23286 -91.9193
-0.545455 23287.3 -93.437
-0.555556 23288.6 -94.9499
-0.565657 23290 -96.4566
-0.575758 23291.3 -97.9583
-0.585859 23292.6 -99.453
-0.59596 23294 -100.942
-0.606061 23295.3 -102.424
-0.616162 23296.7 -103.9
-0.626263 23298 -105.367
-0.636364 23299.4 -106.828
-0.646465 23300.8 -108.279
-0.656566 23302.2 -109.723
-0.666667 23303.7 -111.156
-0.676768 23305.1 -112.582
-0.686869 23306.6 -113.995
-0.69697 23308.1 -115.401
-0.707071 23309.6 -116.791
-0.717172 23311.2 -118.174
-0.727273 23312.7 -119.539
-0.737374 23314.3 -120.896
-0.747475 23315.9 -122.233
-0.757576 23317.5 -123.562
-0.767677 23319.2 -124.867
-0.777778 23320.8 -126.165
-0.787879 23322.4 -127.435
-0.79798 23324.1 -128.697
-0.808081 23325.7 -129.928
-0.818182 23327.3 -131.151
-0.828283 23329 -132.34
-0.838384 23330.6 -133.52
-0.848485 23332.1 -134.662
-0.858586 23333.7 -135.797
-0.868687 23335.1 -136.888
-0.878788 23336.6 -137.973
-0.888889 23337.9 -139.011
-0.89899 23339.2 -140.043
-0.909091 23340.4 -141.025
-0.919192 23341.6 -142.001
-0.929293 23342.5 -142.925
-0.939394 23343.5 -143.844
-0.949495 23344.2 -144.708
-0.959596 23344.9 -145.569
-0.969697 23345.4 -146.372
-0.979798 23345.8 -147.174
-0.989899 23346 -147.969
-1 23346.1 -148.764
