0 -17815.8 -0.00210047
-0.010101 -16802.8 9.2841
-0.020202 -16799.7 18.5888
-0.030303 -16793.6 28.7087
-0.040404 -16787.4 38.8357
-0.0505051 -16779.4 49.1355
-0.0606061 -16771.4 59.4425
-0.0707071 -16762.5 69.8645
-0.0808081 -16753.6 80.2921
-0.0909091 -16744.6 90.7847
-0.10101 -16735.7 101.281
-0.111111 -16727.1 111.811
-0.121212 -16718.6 122.344
-0.131313 -16710.7 132.893
-0.141414 -16703 143.442
-0.151515 -16696 153.996
-0.161616 -16689.3 164.549
-0.171717 -16683.4 175.097
-0.181818 -16677.8 185.643
-0.191919 -16673 196.175
-0.20202 -16668.4 206.703
-0.212121 -16664.6 217.21
-0.222222 -16661.1 227.709
-0.232323 -16658.2 238.183
-0.242424 -16655.6 248.646
-0.252525 -16653.6 259.079
-0.262626 -16651.8 269.499
-0.272727 -16650.6 279.884
-0.282828 -16649.5 290.256
-0.292929 -16648.8 300.59
-0.30303 -16648.3 310.908
-0.313131 -16648.1 321.187
-0.323232 -16648.1 331.448
-0.333333 -16648.3 341.67
-0.343434 -16648.6 351.871
-0.353535 -16649.2 362.033
-0.363636 -16649.8 372.173
-0.373737 -16650.5 382.273
-0.383838 -16651.3 392.348
-0.393939 -16652.2 402.384
-0.40404 -16653.2 412.393
-0.414141 -16654.2 422.362
-0.424242 -16655.3 432.302
-0.434343 -16656.3 442.202
-0.444444 -16657.4 452.071
-0.454545 -16658.6 461.899
-0.464646 -16659.7 471.692
-0.474747 -16660.8 481.445
-0.484848 -16662 491.16
-0.494949 -16663.1 500.834
-0.505051 -16664.2 510.467
-0.515152 -16665.4 520.059
-0.525253 -16666.5 529.606
-0.535354 -16667.6 539.11
-0.545455 -16668.7 548.566
-0.555556 -16669.9 557.98
-0.565657 -16671 567.34
-0.575758 -16672.1 576.657
-0.585859 -16673.2 585.916
-0.59596 -16674.3 595.132
-0.606061 -16675.4 604.284
-0.616162 -16676.5 613.393
-0.626263 -16677.5 622.432
-0.636364 -16678.6 631.429
-0.646465 -16679.7 640.349
-0.656566 -16680.8 649.227
-0.666667 -16681.9 658.022
-0.676768 -16683 666.774
-0.686869 -16684.1 675.436
-0.69697 -16685.2 684.056
-0.707071 -16686.3 692.578
-0.717172 -16687.5 701.058
-0.727273 -16688.5 709.433
-0.737374 -16689.6 717.767
-0.747475 -16690.7 725.986
-0.757576 -16691.8 734.165
-0.767677 -16692.9 742.222
-0.777778 -16693.9 750.239
-0.787879 -16694.9 758.123
-0.79798 -16696 765.971
-0.808081 -16696.9 773.676
-0.818182 -16697.9 781.346
-0.828283 -16698.8 788.864
-0.838384 -16699.7 796.349
-0.848485 -16700.5 803.673
-0.858586 -16701.3 810.967
-0.868687 -16702 818.09
-0.878788 -16702.6 825.185
-0.888889 -16703.2 832.102
-0.89899 -16703.8 838.994
-0.909091 -16704.2 845.7
-0.919192 -16704.6 852.385
-0.929293 -16704.9 858.879
-0.939394 -16705.2 865.356
-0.949495 -16705.3 871.641
-0.959596 -16705.5 877.913
-0.969697 -16705.5 884.003
-0.979798 -16705.6 890.086
-0.989899 -16705.6 896.026
-1 -16705.6 901.964
