0 -2035.05 -0.000231971
-0.010101 -3490.16 -12.8798
-0.020202 -3471.06 -25.7778
-0.030303 -3457.8 -39.5958
-0.040404 -3444.75 -53.4219
-0.0505051 -3436.35 -67.4418
-0.0606061 -3428.19 -81.474
-0.0707071 -3423.63 -95.698
-0.0808081 -3419.31 -109.935
-0.0909091 -3417.68 -124.315
-0.10101 -3416.26 -138.707
-0.111111 -3416.76 -153.198
-0.121212 -3417.43 -167.698
-0.131313 -3419.4 -182.265
-0.141414 -3421.5 -196.84
-0.151515 -3424.4 -211.458
-0.161616 -3427.38 -226.083
-0.171717 -3430.79 -240.734
-0.181818 -3434.23 -255.389
-0.191919 -3437.82 -270.057
-0.20202 -3441.4 -284.726
-0.212121 -3444.93 -299.396
-0.222222 -3448.42 -314.063
-0.232323 -3451.74 -328.72
-0.242424 -3454.98 -343.371
-0.252525 -3457.98 -358.003
-0.262626 -3460.88 -372.625
-0.272727 -3463.5 -387.219
-0.282828 -3466.02 -401.799
-0.292929 -3468.25 -416.344
-0.30303 -3470.36 -430.872
-0.313131 -3472.21 -445.359
-0.323232 -3473.93 -459.824
-0.333333 -3475.42 -474.244
-0.343434 -3476.78 -488.639
-0.353535 -3477.94 -502.986
-0.363636 -3478.99 -517.303
-0.373737 -3479.86 -531.568
-0.383838 -3480.64 -545.8
-0.393939 -3481.26 -559.979
-0.40404 -3481.81 -574.12
-0.414141 -3482.24 -588.205
-0.424242 -3482.61 -602.249
-0.434343 -3482.88 -616.236
-0.444444 -3483.1 -630.177
-0.454545 -3483.26 -644.06
-0.464646 -3483.37 -657.893
-0.474747 -3483.44 -671.666
-0.484848 -3483.47 -685.383
-0.494949 -3483.48 -699.041
-0.505051 -3483.47 -712.638
-0.515152 -3483.44 -726.174
-0.525253 -3483.39 -739.643
-0.535354 -3483.34 -753.051
-0.545455 -3483.29 -766.387
-0.555556 -3483.24 -779.661
-0.565657 -3483.19 -792.855
-0.575758 -3483.14 -805.988
-0.585859 -3483.11 -819.035
-0.59596 -3483.08 -832.019
-0.606061 -3483.07 -844.911
-0.616162 -3483.07 -857.74
-0.626263 -3483.09 -870.467
-0.636364 -3483.12 -883.133
-0.646465 -3483.18 -895.69
-0.656566 -3483.25 -908.184
-0.666667 -3483.35 -920.561
-0.676768 -3483.47 -932.876
-0.686869 -3483.62 -945.064
-0.69697 -3483.79 -957.192
-0.707071 -3483.99 -969.183
-0.717172 -3484.22 -981.115
-0.727273 -3484.49 -992.9
-0.737374 -3484.78 -1004.63
-0.747475 -3485.12 -1016.2
-0.757576 -3485.48 -1027.71
-0.767677 -3485.89 -1039.06
-0.777778 -3486.32 -1050.35
-0.787879 -3486.82 -1061.47
-0.79798 -3487.33 -1072.53
-0.808081 -3487.9 -1083.41
-0.818182 -3488.49 -1094.24
-0.828283 -3489.15 -1104.87
-0.838384 -3489.82 -1115.45
-0.848485 -3490.54 -1125.83
-0.858586 -3491.28 -1136.16
-0.868687 -3492.08 -1146.28
-0.878788 -3492.87 -1156.36
-0.888889 -3493.7 -1166.21
-0.89899 -3494.54 -1176.03
-0.909091 -3495.37 -1185.61
-0.919192 -3496.21 -1195.17
-0.929293 -3497.01 -1204.49
-0.939394 -3497.8 -1213.78
-0.949495 -3498.49 -1222.84
-0.959596 -3499.17 -1231.88
-0.969697 -3499.68 -1240.7
-0.979798 -3500.17 -1249.51
-0.989899 -3500.37 -1258.1
-1 -3500.56 -1266.69
