0 -22199.6 -0.00249509
-0.010101 -21635 5.37537
-0.020202 -21622.9 10.7671
-0.030303 -21609.7 16.7248
-0.040404 -21596.5 22.6876
-0.0505051 -21583.2 28.7711
-0.0606061 -21570 34.8581
-0.0707071 -21557.4 40.9976
-0.0808081 -21544.8 47.1383
-0.0909091 -21533.4 53.2932
-0.10101 -21522 59.4477
-0.111111 -21512 65.5993
-0.121212 -21502.1 71.7494
-0.131313 -21493.5 77.8893
-0.141414 -21485.2 84.027
-0.151515 -21478.3 90.1505
-0.161616 -21471.5 96.2708
-0.171717 -21466.1 102.373
-0.181818 -21460.8 108.471
-0.191919 -21456.7 114.548
-0.20202 -21452.8 120.619
-0.212121 -21449.8 126.665
-0.222222 -21447.1 132.704
-0.232323 -21445.2 138.715
-0.242424 -21443.5 144.718
-0.252525 -21442.5 150.692
-0.262626 -21441.6 156.656
-0.272727 -21441.3 162.591
-0.282828 -21441.1 168.516
-0.292929 -21441.3 174.411
-0.30303 -21441.6 180.295
-0.313131 -21442.2 186.152
-0.323232 -21442.9 191.995
-0.333333 -21443.9 197.813
-0.343434 -21444.9 203.617
-0.353535 -21446 209.395
-0.363636 -21447.2 215.16
-0.373737 -21448.5 220.901
-0.383838 -21449.8 226.627
-0.393939 -21451.2 232.329
-0.40404 -21452.6 238.016
-0.414141 -21454 243.68
-0.424242 -21455.4 249.328
-0.434343 -21456.8 254.953
-0.444444 -21458.2 260.561
-0.454545 -21459.6 266.146
-0.464646 -21461 271.713
-0.474747 -21462.4 277.257
-0.484848 -21463.8 282.781
-0.494949 -21465.2 288.283
-0.505051 -21466.5 293.762
-0.515152 -21467.9 299.219
-0.525253 -21469.2 304.651
-0.535354 -21470.5 310.061
-0.545455 -21471.8 315.444
-0.555556 -21473.1 320.805
-0.565657 -21474.4 326.136
-0.575758 -21475.7 331.444
-0.585859 -21477 336.72
-0.59596 -21478.3 341.972
-0.606061 -21479.6 347.19
-0.616162 -21481 352.384
-0.626263 -21482.3 357.539
-0.636364 -21483.6 362.671
-0.646465 -21484.9 367.76
-0.656566 -21486.3 372.825
-0.666667 -21487.6 377.844
-0.676768 -21489 382.839
-0.686869 -21490.4 387.784
-0.69697 -21491.8 392.704
-0.707071 -21493.2 397.568
-0.717172 -21494.6 402.409
-0.727273 -21496.1 407.188
-0.737374 -21497.5 411.944
-0.747475 -21498.9 416.633
-0.757576 -21500.4 421.299
-0.767677 -21501.8 425.892
-0.777778 -21503.3 430.462
-0.787879 -21504.7 434.953
-0.79798 -21506.2 439.422
-0.808081 -21507.6 443.805
-0.818182 -21509 448.167
-0.828283 -21510.4 452.436
-0.838384 -21511.7 456.685
-0.848485 -21513 460.835
-0.858586 -21514.3 464.966
-0.868687 -21515.4 468.99
-0.878788 -21516.6 472.998
-0.888889 -21517.7 476.894
-0.89899 -21518.7 480.774
-0.909091 -21519.6 484.537
-0.919192 -21520.5 488.286
-0.929293 -21521.2 491.914
-0.939394 -21521.8 495.531
-0.949495 -21522.3 499.025
-0.959596 -21522.8 502.51
-0.969697 -21523.1 505.876
-0.979798 -21523.4 509.236
-0.989899 -21523.5 512.527
-1 -21523.6 515.816
