0 -11060.4 -0.00143082
-0.010101 -9733.83 11.954
-0.020202 -9740.28 23.9301
-0.030303 -9742.06 36.8625
-0.040404 -9743.7 49.8034
-0.0505051 -9742.07 62.9466
-0.0606061 -9740.29 76.1002
-0.0707071 -9736.36 89.4163
-0.0808081 -9732.32 102.742
-0.0909091 -9727 116.175
-0.10101 -9721.62 129.616
-0.111111 -9715.62 143.124
-0.121212 -9709.6 156.638
-0.131313 -9703.45 170.193
-0.141414 -9697.32 183.751
-0.151515 -9691.39 197.332
-0.161616 -9685.54 210.915
-0.171717 -9680.1 224.507
-0.181818 -9674.76 238.099
-0.191919 -9669.95 251.688
-0.20202 -9665.28 265.274
-0.212121 -9661.18 278.847
-0.222222 -9657.24 292.413
-0.232323 -9653.87 305.958
-0.242424 -9650.66 319.494
-0.252525 -9648 333
-0.262626 -9645.5 346.493
-0.272727 -9643.48 359.951
-0.282828 -9641.63 373.393
-0.292929 -9640.2 386.795
-0.30303 -9638.91 400.178
-0.313131 -9637.98 413.518
-0.323232 -9637.19 426.835
-0.333333 -9636.68 440.106
-0.343434 -9636.3 453.352
-0.353535 -9636.14 466.55
-0.363636 -9636.08 479.721
-0.373737 -9636.2 492.841
-0.383838 -9636.4 505.93
-0.393939 -9636.74 518.969
-0.40404 -9637.13 531.973
-0.414141 -9637.63 544.926
-0.424242 -9638.17 557.841
-0.434343 -9638.78 570.704
-0.444444 -9639.42 583.525
-0.454545 -9640.11 596.293
-0.464646 -9640.81 609.015
-0.474747 -9641.55 621.684
-0.484848 -9642.3 634.302
-0.494949 -9643.06 646.867
-0.505051 -9643.83 659.377
-0.515152 -9644.6 671.832
-0.525253 -9645.38 684.227
-0.535354 -9646.16 696.567
-0.545455 -9646.93 708.841
-0.555556 -9647.7 721.06
-0.565657 -9648.47 733.208
-0.575758 -9649.23 745.3
-0.585859 -9649.98 757.314
-0.59596 -9650.73 769.272
-0.606061 -9651.47 781.145
-0.616162 -9652.21 792.962
-0.626263 -9652.93 804.687
-0.636364 -9653.65 816.355
-0.646465 -9654.37 827.924
-0.656566 -9655.07 839.437
-0.666667 -9655.77 850.841
-0.676768 -9656.45 862.19
-0.686869 -9657.13 873.422
-0.69697 -9657.79 884.598
-0.707071 -9658.44 895.648
-0.717172 -9659.08 906.644
-0.727273 -9659.7 917.504
-0.737374 -9660.31 928.311
-0.747475 -9660.89 938.97
-0.757576 -9661.46 949.579
-0.767677 -9661.98 960.03
-0.777778 -9662.5 970.431
-0.787879 -9662.97 980.664
-0.79798 -9663.42 990.85
-0.808081 -9663.82 1000.86
-0.818182 -9664.2 1010.82
-0.828283 -9664.51 1020.59
-0.838384 -9664.8 1030.32
-0.848485 -9665.02 1039.85
-0.858586 -9665.22 1049.33
-0.868687 -9665.34 1058.61
-0.878788 -9665.44 1067.86
-0.888889 -9665.45 1076.88
-0.89899 -9665.45 1085.87
-0.909091 -9665.37 1094.63
-0.919192 -9665.28 1103.37
-0.929293 -9665.12 1111.87
-0.939394 -9664.96 1120.35
-0.949495 -9664.76 1128.59
-0.959596 -9664.56 1136.82
-0.969697 -9664.37 1144.83
-0.979798 -9664.18 1152.83
-0.989899 -9664.1 1160.63
-1 -9664.01 1168.43
