0 -12006.2 -0.00148695
-0.010101 -10709.8 11.7038
-0.020202 -10715.1 23.4296
-0.030303 -10715.9 36.1006
-0.040404 -10716.5 48.7798
-0.0505051 -10714.1 61.6585
-0.0606061 -10711.5 74.5473
-0.0707071 -10706.9 87.5934
-0.0808081 -10702.2 100.648
-0.0909091 -10696.4 113.806
-0.10101 -10690.5 126.971
-0.111111 -10684.1 140.199
-0.121212 -10677.7 153.432
-0.131313 -10671.3 166.703
-0.141414 -10664.9 179.976
-0.151515 -10658.8 193.271
-0.161616 -10652.8 206.567
-0.171717 -10647.3 219.869
-0.181818 -10641.9 233.171
-0.191919 -10637 246.469
-0.20202 -10632.3 259.764
-0.212121 -10628.2 273.044
-0.222222 -10624.3 286.318
-0.232323 -10621 299.569
-0.242424 -10617.8 312.81
-0.252525 -10615.2 326.022
-0.262626 -10612.8 339.22
-0.272727 -10610.9 352.383
-0.282828 -10609.1 365.53
-0.292929 -10607.8 378.637
-0.30303 -10606.6 391.725
-0.313131 -10605.7 404.77
-0.323232 -10605 417.793
-0.333333 -10604.6 430.77
-0.343434 -10604.3 443.723
-0.353535 -10604.2 456.628
-0.363636 -10604.3 469.505
-0.373737 -10604.5 482.334
-0.383838 -10604.7 495.133
-0.393939 -10605.1 507.882
-0.40404 -10605.6 520.597
-0.414141 -10606.2 533.261
-0.424242 -10606.8 545.889
-0.434343 -10607.5 558.466
-0.444444 -10608.2 571.001
-0.454545 -10608.9 583.486
-0.464646 -10609.7 595.925
-0.474747 -10610.5 608.312
-0.484848 -10611.3 620.651
-0.494949 -10612.1 632.936
-0.505051 -10612.9 645.168
-0.515152 -10613.7 657.347
-0.525253 -10614.6 669.467
-0.535354 -10615.4 681.534
-0.545455 -10616.2 693.537
-0.555556 -10617 705.485
-0.565657 -10617.8 717.364
-0.575758 -10618.6 729.188
-0.585859 -10619.4 740.937
-0.59596 -10620.2 752.63
-0.606061 -10621 764.241
-0.616162 -10621.8 775.797
-0.626263 -10622.6 787.263
-0.636364 -10623.4 798.675
-0.646465 -10624.1 809.988
-0.656566 -10624.9 821.247
-0.666667 -10625.7 832.4
-0.676768 -10626.4 843.499
-0.686869 -10627.1 854.483
-0.69697 -10627.9 865.414
-0.707071 -10628.6 876.221
-0.717172 -10629.3 886.974
-0.727273 -10630 897.595
-0.737374 -10630.6 908.163
-0.747475 -10631.3 918.588
-0.757576 -10631.9 928.962
-0.767677 -10632.5 939.182
-0.777778 -10633.1 949.354
-0.787879 -10633.6 959.36
-0.79798 -10634.2 969.32
-0.808081 -10634.6 979.105
-0.818182 -10635.1 988.845
-0.828283 -10635.5 998.398
-0.838384 -10635.9 1007.91
-0.848485 -10636.2 1017.22
-0.858586 -10636.4 1026.5
-0.868687 -10636.6 1035.57
-0.878788 -10636.8 1044.6
-0.888889 -10636.9 1053.42
-0.89899 -10637 1062.21
-0.909091 -10636.9 1070.77
-0.919192 -10636.9 1079.31
-0.929293 -10636.8 1087.61
-0.939394 -10636.7 1095.89
-0.949495 -10636.5 1103.95
-0.959596 -10636.4 1111.98
-0.969697 -10636.2 1119.8
-0.979798 -10636.1 1127.61
-0.989899 -10636 1135.24
-1 -10635.9 1142.85
