0 -14047.8 -0.00156042
-0.010101 -15187.6 -9.88442
-0.020202 -15162.1 -19.7781
-0.030303 -15141.8 -30.2793
-0.040404 -15121.7 -40.7859
-0.0505051 -15106.1 -51.4196
-0.0606061 -15090.8 -62.0637
-0.0707071 -15079.5 -72.87
-0.0808081 -15068.4 -83.6882
-0.0909091 -15060.6 -94.6417
-0.10101 -15053 -105.606
-0.111111 -15048 -116.672
-0.121212 -15043.4 -127.747
-0.131313 -15040.7 -138.894
-0.141414 -15038.3 -150.05
-0.151515 -15037.4 -161.257
-0.161616 -15036.7 -172.472
-0.171717 -15037.1 -183.723
-0.181818 -15037.7 -194.98
-0.191919 -15039 -206.262
-0.20202 -15040.5 -217.548
-0.212121 -15042.4 -228.848
-0.222222 -15044.4 -240.15
-0.232323 -15046.6 -251.457
-0.242424 -15048.9 -262.762
-0.252525 -15051.4 -274.064
-0.262626 -15053.8 -285.361
-0.272727 -15056.2 -296.645
-0.282828 -15058.6 -307.923
-0.292929 -15060.9 -319.181
-0.30303 -15063.2 -330.428
-0.313131 -15065.4 -341.649
-0.323232 -15067.5 -352.857
-0.333333 -15069.4 -364.033
-0.343434 -15071.3 -375.192
-0.353535 -15073.1 -386.315
-0.363636 -15074.8 -397.418
-0.373737 -15076.4 -408.482
-0.383838 -15077.8 -419.521
-0.393939 -15079.2 -430.519
-0.40404 -15080.5 -441.489
-0.414141 -15081.7 -452.416
-0.424242 -15082.8 -463.31
-0.434343 -15083.9 -474.16
-0.444444 -15084.9 -484.974
-0.454545 -15085.8 -495.742
-0.464646 -15086.6 -506.471
-0.474747 -15087.5 -517.152
-0.484848 -15088.2 -527.789
-0.494949 -15089 -538.379
-0.505051 -15089.7 -548.92
-0.515152 -15090.4 -559.413
-0.525253 -15091.1 -569.853
-0.535354 -15091.7 -580.245
-0.545455 -15092.4 -590.579
-0.555556 -15093.1 -600.863
-0.565657 -15093.7 -611.085
-0.575758 -15094.4 -621.258
-0.585859 -15095 -631.363
-0.59596 -15095.7 -641.419
-0.606061 -15096.4 -651.401
-0.616162 -15097.1 -661.334
-0.626263 -15097.9 -671.187
-0.636364 -15098.6 -680.992
-0.646465 -15099.4 -690.71
-0.656566 -15100.2 -700.381
-0.666667 -15101 -709.959
-0.676768 -15101.9 -719.489
-0.686869 -15102.8 -728.921
-0.69697 -15103.7 -738.305
-0.707071 -15104.7 -747.584
-0.717172 -15105.7 -756.817
-0.727273 -15106.7 -765.937
-0.737374 -15107.8 -775.013
-0.747475 -15108.9 -783.968
-0.757576 -15110 -792.882
-0.767677 -15111.2 -801.667
-0.777778 -15112.5 -810.413
-0.787879 -15113.7 -819.024
-0.79798 -15115 -827.597
-0.808081 -15116.3 -836.028
-0.818182 -15117.7 -844.424
-0.828283 -15119.1 -852.671
-0.838384 -15120.5 -860.887
-0.848485 -15121.9 -868.947
-0.858586 -15123.3 -876.978
-0.868687 -15124.8 -884.848
-0.878788 -15126.2 -892.692
-0.888889 -15127.6 -900.369
-0.89899 -15129 -908.024
-0.909091 -15130.3 -915.508
-0.919192 -15131.6 -922.973
-0.929293 -15132.7 -930.264
-0.939394 -15133.9 -937.54
-0.949495 -15134.9 -944.646
-0.959596 -15135.8 -951.74
-0.969697 -15136.5 -958.681
-0.979798 -15137.1 -965.615
-0.989899 -15137.3 -972.366
-1 -15137.6 -979.113
