0 -23305.1 -0.00239501
-0.010101 -22997.1 3.11653
-0.020202 -22981 6.24603
-0.030303 -22964.8 9.78604
-0.040404 -22948.7 13.3297
-0.0505051 -22933.4 16.9615
-0.0606061 -22918.2 20.5945
-0.0707071 -22904.3 24.2455
-0.0808081 -22890.6 27.8955
-0.0909091 -22878.4 31.5329
-0.10101 -22866.4 35.1679
-0.111111 -22856.2 38.781
-0.121212 -22846.1 42.391
-0.131313 -22837.7 45.9778
-0.141414 -22829.5 49.561
-0.151515 -22822.8 53.1213
-0.161616 -22816.4 56.6771
-0.171717 -22811.4 60.2097
-0.181818 -22806.6 63.7368
-0.191919 -22803.1 67.2396
-0.20202 -22799.7 70.736
-0.212121 -22797.3 74.2069
-0.222222 -22795.2 77.6705
-0.232323 -22793.9 81.1081
-0.242424 -22792.7 84.5377
-0.252525 -22792.2 87.9416
-0.262626 -22791.9 91.337
-0.272727 -22792 94.708
-0.282828 -22792.3 98.0702
-0.292929 -22792.9 101.41
-0.30303 -22793.7 104.74
-0.313131 -22794.6 108.05
-0.323232 -22795.7 111.35
-0.333333 -22797 114.632
-0.343434 -22798.3 117.906
-0.353535 -22799.7 121.162
-0.363636 -22801.1 124.409
-0.373737 -22802.6 127.641
-0.383838 -22804.1 130.865
-0.393939 -22805.6 134.074
-0.40404 -22807.2 137.274
-0.414141 -22808.7 140.462
-0.424242 -22810.2 143.64
-0.434343 -22811.7 146.806
-0.444444 -22813.2 149.962
-0.454545 -22814.7 153.106
-0.464646 -22816.2 156.241
-0.474747 -22817.6 159.364
-0.484848 -22819.1 162.476
-0.494949 -22820.5 165.576
-0.505051 -22821.9 168.665
-0.515152 -22823.3 171.742
-0.525253 -22824.6 174.807
-0.535354 -22826 177.859
-0.545455 -22827.3 180.898
-0.555556 -22828.7 183.926
-0.565657 -22830 186.937
-0.575758 -22831.3 189.937
-0.585859 -22832.7 192.92
-0.59596 -22834 195.891
-0.606061 -22835.3 198.843
-0.616162 -22836.7 201.782
-0.626263 -22838.1 204.7
-0.636364 -22839.4 207.606
-0.646465 -22840.8 210.489
-0.656566 -22842.2 213.359
-0.666667 -22843.6 216.203
-0.676768 -22845.1 219.034
-0.686869 -22846.5 221.836
-0.69697 -22848 224.625
-0.707071 -22849.5 227.383
-0.717172 -22851 230.127
-0.727273 -22852.5 232.835
-0.737374 -22854.1 235.53
-0.747475 -22855.6 238.186
-0.757576 -22857.2 240.829
-0.767677 -22858.8 243.428
-0.777778 -22860.4 246.013
-0.787879 -22862 248.55
-0.79798 -22863.5 251.074
-0.808081 -22865.1 253.545
-0.818182 -22866.7 256.003
-0.828283 -22868.2 258.404
-0.838384 -22869.7 260.791
-0.848485 -22871.2 263.116
-0.858586 -22872.6 265.429
-0.868687 -22874 267.674
-0.878788 -22875.4 269.908
-0.888889 -22876.6 272.069
-0.89899 -22877.8 274.221
-0.909091 -22878.9 276.295
-0.919192 -22880 278.361
-0.929293 -22880.8 280.347
-0.939394 -22881.7 282.326
-0.949495 -22882.3 284.223
-0.959596 -22883 286.114
-0.969697 -22883.4 287.923
-0.979798 -22883.7 289.729
-0.989899 -22883.9 291.504
-1 -22884 293.278
