0 -15729.3 -0.00167406
-0.010101 -16779.6 -9.04715
-0.020202 -16753.5 -18.1021
-0.030303 -16732.4 -27.7044
-0.040404 -16711.5 -37.3118
-0.0505051 -16695 -47.0445
-0.0606061 -16678.8 -56.7876
-0.0707071 -16666.4 -66.6939
-0.0808081 -16654.3 -76.6122
-0.0909091 -16645.5 -86.6688
-0.10101 -16637 -96.7368
-0.111111 -16631.1 -106.908
-0.121212 -16625.5 -117.09
-0.131313 -16622 -127.346
-0.141414 -16618.8 -137.611
-0.151515 -16617.2 -147.929
-0.161616 -16615.8 -158.255
-0.171717 -16615.6 -168.618
-0.181818 -16615.7 -178.988
-0.191919 -16616.5 -189.383
-0.20202 -16617.5 -199.783
-0.212121 -16619.1 -210.198
-0.222222 -16620.8 -220.616
-0.232323 -16622.8 -231.04
-0.242424 -16624.9 -241.464
-0.252525 -16627.2 -251.886
-0.262626 -16629.5 -262.305
-0.272727 -16631.8 -272.715
-0.282828 -16634.2 -283.118
-0.292929 -16636.5 -293.504
-0.30303 -16638.8 -303.881
-0.313131 -16641.1 -314.236
-0.323232 -16643.2 -324.577
-0.333333 -16645.3 -334.891
-0.343434 -16647.4 -345.189
-0.353535 -16649.3 -355.454
-0.363636 -16651.1 -365.699
-0.373737 -16652.8 -375.909
-0.383838 -16654.5 -386.096
-0.393939 -16656.1 -396.244
-0.40404 -16657.5 -406.365
-0.414141 -16658.9 -416.446
-0.424242 -16660.2 -426.495
-0.434343 -16661.5 -436.503
-0.444444 -16662.7 -446.476
-0.454545 -16663.8 -456.405
-0.464646 -16664.8 -466.296
-0.474747 -16665.8 -476.143
-0.484848 -16666.8 -485.947
-0.494949 -16667.7 -495.705
-0.505051 -16668.6 -505.417
-0.515152 -16669.5 -515.083
-0.525253 -16670.3 -524.698
-0.535354 -16671.2 -534.267
-0.545455 -16672 -543.78
-0.555556 -16672.8 -553.247
-0.565657 -16673.6 -562.653
-0.575758 -16674.4 -572.013
-0.585859 -16675.2 -581.308
-0.59596 -16676 -590.555
-0.606061 -16676.9 -599.733
-0.616162 -16677.7 -608.863
-0.626263 -16678.6 -617.918
-0.636364 -16679.4 -626.927
-0.646465 -16680.3 -635.854
-0.656566 -16681.3 -644.735
-0.666667 -16682.2 -653.529
-0.676768 -16683.2 -662.277
-0.686869 -16684.2 -670.932
-0.69697 -16685.3 -679.543
-0.707071 -16686.3 -688.054
-0.717172 -16687.4 -696.523
-0.727273 -16688.6 -704.885
-0.737374 -16689.8 -713.205
-0.747475 -16691 -721.413
-0.757576 -16692.3 -729.581
-0.767677 -16693.6 -737.63
-0.777778 -16694.9 -745.642
-0.787879 -16696.3 -753.528
-0.79798 -16697.6 -761.379
-0.808081 -16699.1 -769.098
-0.818182 -16700.5 -776.785
-0.828283 -16702 -784.334
-0.838384 -16703.5 -791.853
-0.848485 -16705 -799.23
-0.858586 -16706.5 -806.579
-0.868687 -16708 -813.781
-0.878788 -16709.5 -820.958
-0.888889 -16710.9 -827.983
-0.89899 -16712.4 -834.987
-0.909091 -16713.7 -841.834
-0.919192 -16715.1 -848.665
-0.929293 -16716.3 -855.337
-0.939394 -16717.5 -861.995
-0.949495 -16718.5 -868.498
-0.959596 -16719.4 -874.99
-0.969697 -16720.1 -881.343
-0.979798 -16720.7 -887.689
-0.989899 -16721 -893.873
-1 -16721.2 -900.053
