0 -22848.4 -0.00180779
-0.010101 -22410.2 4.26628
-0.020202 -22396.1 8.54601
-0.030303 -22381.4 13.3157
-0.040404 -22366.6 18.0897
-0.0505051 -22352.3 22.9684
-0.0606061 -22338 27.8493
-0.0707071 -22324.7 32.7654
-0.0808081 -22311.5 37.6816
-0.0909091 -22299.6 42.5985
-0.10101 -22287.9 47.514
-0.111111 -22277.7 52.417
-0.121212 -22267.7 57.3176
-0.131313 -22259.2 62.2015
-0.141414 -22250.9 67.0823
-0.151515 -22244.1 71.9446
-0.161616 -22237.5 76.8029
-0.171717 -22232.2 81.6406
-0.181818 -22227.2 86.4733
-0.191919 -22223.3 91.283
-0.20202 -22219.6 96.0865
-0.212121 -22217 100.865
-0.222222 -22214.6 105.636
-0.232323 -22212.9 110.38
-0.242424 -22211.5 115.115
-0.252525 -22210.7 119.824
-0.262626 -22210.1 124.523
-0.272727 -22210 129.195
-0.282828 -22210 133.857
-0.292929 -22210.5 138.494
-0.30303 -22211 143.12
-0.313131 -22211.8 147.722
-0.323232 -22212.7 152.313
-0.333333 -22213.8 156.881
-0.343434 -22214.9 161.438
-0.353535 -22216.2 165.974
-0.363636 -22217.5 170.499
-0.373737 -22218.9 175.003
-0.383838 -22220.4 179.496
-0.393939 -22221.8 183.97
-0.40404 -22223.3 188.432
-0.414141 -22224.8 192.876
-0.424242 -22226.2 197.307
-0.434343 -22227.7 201.72
-0.444444 -22229.2 206.12
-0.454545 -22230.6 210.503
-0.464646 -22232.1 214.871
-0.474747 -22233.5 219.222
-0.484848 -22234.9 223.557
-0.494949 -22236.3 227.876
-0.505051 -22237.7 232.177
-0.515152 -22239 236.462
-0.525253 -22240.4 240.727
-0.535354 -22241.7 244.976
-0.545455 -22243.1 249.204
-0.555556 -22244.4 253.415
-0.565657 -22245.7 257.603
-0.575758 -22247 261.774
-0.585859 -22248.4 265.92
-0.59596 -22249.7 270.049
-0.606061 -22251 274.15
-0.616162 -22252.3 278.233
-0.626263 -22253.7 282.287
-0.636364 -22255 286.322
-0.646465 -22256.4 290.324
-0.656566 -22257.8 294.308
-0.666667 -22259.2 298.255
-0.676768 -22260.6 302.184
-0.686869 -22262 306.073
-0.69697 -22263.5 309.943
-0.707071 -22264.9 313.77
-0.717172 -22266.4 317.577
-0.727273 -22267.9 321.337
-0.737374 -22269.4 325.077
-0.747475 -22270.9 328.765
-0.757576 -22272.4 332.433
-0.767677 -22273.9 336.044
-0.777778 -22275.5 339.636
-0.787879 -22277 343.165
-0.79798 -22278.5 346.675
-0.808081 -22280 350.116
-0.818182 -22281.5 353.54
-0.828283 -22282.9 356.889
-0.838384 -22284.4 360.22
-0.848485 -22285.8 363.471
-0.858586 -22287.1 366.706
-0.868687 -22288.4 369.853
-0.878788 -22289.7 372.987
-0.888889 -22290.8 376.027
-0.89899 -22292 379.055
-0.909091 -22292.9 381.986
-0.919192 -22293.9 384.905
-0.929293 -22294.7 387.723
-0.939394 -22295.5 390.533
-0.949495 -22296 393.239
-0.959596 -22296.6 395.938
-0.969697 -22296.9 398.536
-0.979798 -22297.3 401.129
-0.989899 -22297.4 403.672
-1 -22297.5 406.213
