0 -13820.2 -0.00170746
-0.010101 -12592.3 11.1237
-0.020202 -12595.2 22.2694
-0.030303 -12594 34.3328
-0.040404 -12592.7 46.4043
-0.0505051 -12588.6 58.6702
-0.0606061 -12584.4 70.9455
-0.0707071 -12578.5 83.3678
-0.0808081 -12572.5 95.7983
-0.0909091 -12565.7 108.322
-0.10101 -12558.9 120.852
-0.111111 -12551.8 133.438
-0.121212 -12544.7 146.028
-0.131313 -12537.8 158.651
-0.141414 -12531 171.276
-0.151515 -12524.6 183.917
-0.161616 -12518.3 196.559
-0.171717 -12512.6 209.206
-0.181818 -12507.1 221.85
-0.191919 -12502.2 234.489
-0.20202 -12497.5 247.123
-0.212121 -12493.4 259.742
-0.222222 -12489.6 272.354
-0.232323 -12486.4 284.942
-0.242424 -12483.3 297.52
-0.252525 -12480.9 310.068
-0.262626 -12478.6 322.603
-0.272727 -12476.8 335.103
-0.282828 -12475.2 347.587
-0.292929 -12474.1 360.031
-0.30303 -12473.1 372.458
-0.313131 -12472.4 384.842
-0.323232 -12471.9 397.205
-0.333333 -12471.7 409.523
-0.343434 -12471.6 421.819
-0.353535 -12471.7 434.068
-0.363636 -12471.8 446.291
-0.373737 -12472.2 458.468
-0.383838 -12472.7 470.616
-0.393939 -12473.2 482.716
-0.40404 -12473.8 494.785
-0.414141 -12474.5 506.805
-0.424242 -12475.3 518.79
-0.434343 -12476.1 530.727
-0.444444 -12476.9 542.626
-0.454545 -12477.8 554.475
-0.464646 -12478.6 566.283
-0.474747 -12479.5 578.04
-0.484848 -12480.5 589.752
-0.494949 -12481.4 601.414
-0.505051 -12482.3 613.025
-0.515152 -12483.2 624.586
-0.525253 -12484.1 636.091
-0.535354 -12485.1 647.546
-0.545455 -12486 658.94
-0.555556 -12486.9 670.283
-0.565657 -12487.8 681.56
-0.575758 -12488.7 692.786
-0.585859 -12489.6 703.94
-0.59596 -12490.5 715.042
-0.606061 -12491.4 726.066
-0.616162 -12492.3 737.037
-0.626263 -12493.2 747.924
-0.636364 -12494 758.759
-0.646465 -12494.9 769.501
-0.656566 -12495.8 780.192
-0.666667 -12496.6 790.782
-0.676768 -12497.5 801.321
-0.686869 -12498.3 811.751
-0.69697 -12499.2 822.129
-0.707071 -12500 832.391
-0.717172 -12500.8 842.602
-0.727273 -12501.7 852.686
-0.737374 -12502.5 862.721
-0.747475 -12503.2 872.62
-0.757576 -12504 882.47
-0.767677 -12504.8 892.173
-0.777778 -12505.5 901.831
-0.787879 -12506.2 911.331
-0.79798 -12506.8 920.786
-0.808081 -12507.5 930.074
-0.818182 -12508.1 939.319
-0.828283 -12508.6 948.386
-0.838384 -12509.1 957.414
-0.848485 -12509.6 966.253
-0.858586 -12510 975.055
-0.868687 -12510.4 983.659
-0.878788 -12510.7 992.23
-0.888889 -12510.9 1000.59
-0.89899 -12511.1 1008.93
-0.909091 -12511.2 1017.04
-0.919192 -12511.3 1025.13
-0.929293 -12511.3 1033
-0.939394 -12511.3 1040.86
-0.949495 -12511.3 1048.48
-0.959596 -12511.2 1056.1
-0.969697 -12511.1 1063.5
-0.979798 -12511 1070.9
-0.989899 -12511 1078.12
-1 -12510.9 1085.33
