0 18167.1 0.00214072
-0.010101 17178.7 -9.06899
-0.020202 17175.1 -18.1584
-0.030303 17168.5 -28.0506
-0.040404 17161.8 -37.95
-0.0505051 17153.5 -48.0199
-0.0606061 17145 -58.097
-0.0707071 17135.9 -68.286
-0.0808081 17126.8 -78.4804
-0.0909091 17117.6 -88.7373
-0.10101 17108.4 -98.9978
-0.111111 17099.7 -109.291
-0.121212 17091.1 -119.585
-0.131313 17083.1 -129.895
-0.141414 17075.3 -140.205
-0.151515 17068.4 -150.519
-0.161616 17061.6 -160.832
-0.171717 17055.8 -171.139
-0.181818 17050.1 -181.444
-0.191919 17045.3 -191.736
-0.20202 17040.8 -202.022
-0.212121 17037 -212.289
-0.222222 17033.5 -222.547
-0.232323 17030.7 -232.78
-0.242424 17028.2 -243.003
-0.252525 17026.2 -253.195
-0.262626 17024.5 -263.374
-0.272727 17023.3 -273.52
-0.282828 17022.2 -283.652
-0.292929 17021.6 -293.747
-0.30303 17021.2 -303.826
-0.313131 17021 -313.867
-0.323232 17021.1 -323.89
-0.333333 17021.3 -333.875
-0.343434 17021.7 -343.84
-0.353535 17022.3 -353.766
-0.363636 17022.9 -363.671
-0.373737 17023.7 -373.536
-0.383838 17024.6 -383.378
-0.393939 17025.5 -393.181
-0.40404 17026.5 -402.958
-0.414141 17027.5 -412.696
-0.424242 17028.6 -422.406
-0.434343 17029.7 -432.076
-0.444444 17030.9 -441.716
-0.454545 17032 -451.316
-0.464646 17033.2 -460.883
-0.474747 17034.3 -470.41
-0.484848 17035.5 -479.901
-0.494949 17036.6 -489.351
-0.505051 17037.8 -498.761
-0.515152 17038.9 -508.131
-0.525253 17040.1 -517.457
-0.535354 17041.2 -526.743
-0.545455 17042.4 -535.98
-0.555556 17043.5 -545.177
-0.565657 17044.6 -554.321
-0.575758 17045.7 -563.423
-0.585859 17046.8 -572.469
-0.59596 17048 -581.473
-0.606061 17049.1 -590.414
-0.616162 17050.2 -599.314
-0.626263 17051.3 -608.145
-0.636364 17052.4 -616.935
-0.646465 17053.5 -625.65
-0.656566 17054.7 -634.324
-0.666667 17055.8 -642.917
-0.676768 17056.9 -651.468
-0.686869 17058 -659.931
-0.69697 17059.2 -668.353
-0.707071 17060.3 -676.68
-0.717172 17061.4 -684.965
-0.727273 17062.5 -693.148
-0.737374 17063.7 -701.29
-0.747475 17064.8 -709.321
-0.757576 17065.9 -717.313
-0.767677 17067 -725.184
-0.777778 17068.1 -733.017
-0.787879 17069.1 -740.72
-0.79798 17070.2 -748.387
-0.808081 17071.2 -755.915
-0.818182 17072.1 -763.408
-0.828283 17073.1 -770.753
-0.838384 17074 -778.066
-0.848485 17074.8 -785.22
-0.858586 17075.7 -792.345
-0.868687 17076.4 -799.303
-0.878788 17077.1 -806.234
-0.888889 17077.7 -812.989
-0.89899 17078.3 -819.721
-0.909091 17078.7 -826.27
-0.919192 17079.2 -832.799
-0.929293 17079.5 -839.14
-0.939394 17079.8 -845.465
-0.949495 17080 -851.601
-0.959596 17080.2 -857.725
-0.969697 17080.2 -863.671
-0.979798 17080.3 -869.609
-0.989899 17080.3 -875.408
-1 17080.3 -881.205
