0 7846.72 0.000825443
-0.010101 9207.88 11.9513
-0.020202 9184.96 23.9173
-0.030303 9167.83 36.6899
-0.040404 9150.89 49.4695
-0.0505051 9138.76 62.4185
-0.0606061 9126.89 75.3793
-0.0707071 9118.91 88.5251
-0.0808081 9111.19 101.683
-0.0909091 9106.53 114.987
-0.10101 9102.13 128.302
-0.111111 9100.05 141.721
-0.121212 9098.19 155.15
-0.131313 9098.03 168.65
-0.141414 9098.06 182.159
-0.151515 9099.26 195.717
-0.161616 9100.61 209.282
-0.171717 9102.72 222.879
-0.181818 9104.92 236.481
-0.191919 9107.57 250.102
-0.20202 9110.27 263.725
-0.212121 9113.18 277.355
-0.222222 9116.09 290.985
-0.232323 9119.03 304.611
-0.242424 9121.95 318.233
-0.252525 9124.79 331.843
-0.262626 9127.57 345.444
-0.272727 9130.2 359.024
-0.282828 9132.75 372.593
-0.292929 9135.12 386.133
-0.30303 9137.39 399.657
-0.313131 9139.46 413.147
-0.323232 9141.44 426.617
-0.333333 9143.21 440.048
-0.343434 9144.89 453.455
-0.353535 9146.38 466.819
-0.363636 9147.78 480.156
-0.373737 9149.01 493.445
-0.383838 9150.16 506.704
-0.393939 9151.17 519.914
-0.40404 9152.09 533.088
-0.414141 9152.9 546.211
-0.424242 9153.65 559.295
-0.434343 9154.3 572.326
-0.444444 9154.89 585.314
-0.454545 9155.42 598.247
-0.464646 9155.9 611.133
-0.474747 9156.33 623.963
-0.484848 9156.72 636.741
-0.494949 9157.08 649.463
-0.505051 9157.42 662.127
-0.515152 9157.73 674.734
-0.525253 9158.03 687.278
-0.535354 9158.32 699.765
-0.545455 9158.61 712.183
-0.555556 9158.89 724.543
-0.565657 9159.18 736.83
-0.575758 9159.46 749.057
-0.585859 9159.76 761.204
-0.59596 9160.07 773.293
-0.606061 9160.4 785.294
-0.616162 9160.74 797.236
-0.626263 9161.1 809.084
-0.636364 9161.47 820.874
-0.646465 9161.88 832.561
-0.656566 9162.3 844.19
-0.666667 9162.76 855.709
-0.676768 9163.23 867.171
-0.686869 9163.75 878.514
-0.69697 9164.28 889.802
-0.707071 9164.86 900.961
-0.717172 9165.46 912.066
-0.727273 9166.12 923.034
-0.737374 9166.79 933.949
-0.747475 9167.51 944.718
-0.757576 9168.26 955.436
-0.767677 9169.06 965.999
-0.777778 9169.89 976.513
-0.787879 9170.77 986.862
-0.79798 9171.67 997.165
-0.808081 9172.63 1007.29
-0.818182 9173.61 1017.38
-0.828283 9174.64 1027.28
-0.838384 9175.68 1037.14
-0.848485 9176.77 1046.81
-0.858586 9177.86 1056.45
-0.868687 9178.99 1065.88
-0.878788 9180.12 1075.28
-0.888889 9181.25 1084.48
-0.89899 9182.38 1093.64
-0.909091 9183.47 1102.6
-0.919192 9184.57 1111.52
-0.929293 9185.57 1120.23
-0.939394 9186.57 1128.92
-0.949495 9187.41 1137.4
-0.959596 9188.25 1145.86
-0.969697 9188.84 1154.12
-0.979798 9189.43 1162.37
-0.989899 9189.65 1170.42
-1 9189.87 1178.45
