0 -15517.9 -0.00175574
-0.010101 -14368.8 10.4531
-0.020202 -14369.4 20.9274
-0.030303 -14366.2 32.2841
-0.040404 -14362.9 43.6485
-0.0505051 -14357.2 55.1998
-0.0606061 -14351.4 66.7597
-0.0707071 -14344.3 78.4547
-0.0808081 -14337.1 90.1569
-0.0909091 -14329.4 101.942
-0.10101 -14321.7 113.732
-0.111111 -14313.9 125.569
-0.121212 -14306.2 137.41
-0.131313 -14298.9 149.277
-0.141414 -14291.6 161.146
-0.151515 -14285 173.027
-0.161616 -14278.5 184.908
-0.171717 -14272.7 196.789
-0.181818 -14267.1 208.668
-0.191919 -14262.2 220.539
-0.20202 -14257.5 232.405
-0.212121 -14253.5 244.253
-0.222222 -14249.8 256.094
-0.232323 -14246.7 267.91
-0.242424 -14243.8 279.717
-0.252525 -14241.5 291.492
-0.262626 -14239.4 303.255
-0.272727 -14237.8 314.983
-0.282828 -14236.4 326.695
-0.292929 -14235.5 338.369
-0.30303 -14234.7 350.025
-0.313131 -14234.2 361.64
-0.323232 -14233.9 373.235
-0.333333 -14233.8 384.787
-0.343434 -14233.9 396.317
-0.353535 -14234.2 407.804
-0.363636 -14234.5 419.266
-0.373737 -14235 430.683
-0.383838 -14235.6 442.074
-0.393939 -14236.3 453.419
-0.40404 -14237.1 464.735
-0.414141 -14237.9 476.006
-0.424242 -14238.8 487.243
-0.434343 -14239.7 498.436
-0.444444 -14240.7 509.592
-0.454545 -14241.6 520.703
-0.464646 -14242.6 531.774
-0.474747 -14243.6 542.799
-0.484848 -14244.6 553.781
-0.494949 -14245.7 564.716
-0.505051 -14246.7 575.604
-0.515152 -14247.7 586.446
-0.525253 -14248.7 597.235
-0.535354 -14249.7 607.977
-0.545455 -14250.7 618.663
-0.555556 -14251.7 629.301
-0.565657 -14252.7 639.878
-0.575758 -14253.7 650.406
-0.585859 -14254.7 660.867
-0.59596 -14255.7 671.28
-0.606061 -14256.6 681.62
-0.616162 -14257.6 691.912
-0.626263 -14258.6 702.123
-0.636364 -14259.5 712.287
-0.646465 -14260.5 722.363
-0.656566 -14261.5 732.391
-0.666667 -14262.4 742.326
-0.676768 -14263.4 752.212
-0.686869 -14264.4 761.996
-0.69697 -14265.3 771.732
-0.707071 -14266.3 781.358
-0.717172 -14267.2 790.937
-0.727273 -14268.1 800.397
-0.737374 -14269.1 809.811
-0.747475 -14270 819.096
-0.757576 -14270.9 828.335
-0.767677 -14271.8 837.437
-0.777778 -14272.6 846.495
-0.787879 -14273.4 855.405
-0.79798 -14274.3 864.273
-0.808081 -14275 872.982
-0.818182 -14275.8 881.652
-0.828283 -14276.5 890.153
-0.838384 -14277.1 898.617
-0.848485 -14277.7 906.901
-0.858586 -14278.3 915.152
-0.868687 -14278.8 923.214
-0.878788 -14279.3 931.245
-0.888889 -14279.6 939.079
-0.89899 -14280 946.885
-0.909091 -14280.2 954.485
-0.919192 -14280.4 962.063
-0.929293 -14280.6 969.429
-0.939394 -14280.7 976.776
-0.949495 -14280.7 983.912
-0.959596 -14280.7 991.034
-0.969697 -14280.7 997.956
-0.979798 -14280.6 1004.87
-0.989899 -14280.6 1011.62
-1 -14280.6 1018.37
