0 2294.07 0.000335309
-0.010101 828.374 -13.0411
-0.020202 843.93 -26.1024
-0.030303 853.818 -40.1309
-0.040404 863.524 -54.1679
-0.0505051 868.858 -68.41
-0.0606061 873.985 -82.6643
-0.0707071 875.861 -97.1088
-0.0808081 877.535 -111.565
-0.0909091 876.895 -126.16
-0.10101 876.083 -140.765
-0.111111 873.72 -155.464
-0.121212 871.226 -170.17
-0.131313 867.78 -184.938
-0.141414 864.254 -199.713
-0.151515 860.232 -214.527
-0.161616 856.178 -229.346
-0.171717 851.963 -244.188
-0.181818 847.763 -259.031
-0.191919 843.634 -273.884
-0.20202 839.559 -288.736
-0.212121 835.707 -303.585
-0.222222 831.941 -318.431
-0.232323 828.485 -333.262
-0.242424 825.139 -348.086
-0.252525 822.143 -362.887
-0.262626 819.272 -377.676
-0.272727 816.757 -392.434
-0.282828 814.375 -407.178
-0.292929 812.332 -421.883
-0.30303 810.421 -436.57
-0.313131 808.818 -451.213
-0.323232 807.343 -465.835
-0.333333 806.138 -480.409
-0.343434 805.05 -494.957
-0.353535 804.19 -509.454
-0.363636 803.435 -523.922
-0.373737 802.868 -538.336
-0.383838 802.392 -552.717
-0.393939 802.065 -567.044
-0.40404 801.815 -581.332
-0.414141 801.68 -595.564
-0.424242 801.607 -609.754
-0.434343 801.62 -623.887
-0.444444 801.681 -637.973
-0.454545 801.804 -652.001
-0.464646 801.963 -665.978
-0.474747 802.164 -679.895
-0.484848 802.39 -693.756
-0.494949 802.642 -707.557
-0.505051 802.91 -721.297
-0.515152 803.192 -734.976
-0.525253 803.482 -748.588
-0.535354 803.778 -762.139
-0.545455 804.074 -775.616
-0.555556 804.37 -789.032
-0.565657 804.661 -802.368
-0.575758 804.948 -815.642
-0.585859 805.225 -828.829
-0.59596 805.495 -841.954
-0.606061 805.751 -854.985
-0.616162 805.998 -867.953
-0.626263 806.228 -880.82
-0.636364 806.447 -893.624
-0.646465 806.645 -906.317
-0.656566 806.831 -918.949
-0.666667 806.992 -931.461
-0.676768 807.14 -943.912
-0.686869 807.259 -956.234
-0.69697 807.364 -968.495
-0.707071 807.435 -980.618
-0.717172 807.492 -992.681
-0.727273 807.508 -1004.6
-0.737374 807.51 -1016.45
-0.747475 807.465 -1028.15
-0.757576 807.404 -1039.79
-0.767677 807.29 -1051.26
-0.777778 807.159 -1062.68
-0.787879 806.97 -1073.91
-0.79798 806.764 -1085.09
-0.808081 806.493 -1096.08
-0.818182 806.206 -1107.03
-0.828283 805.85 -1117.76
-0.838384 805.48 -1128.46
-0.848485 805.041 -1138.94
-0.858586 804.589 -1149.37
-0.868687 804.073 -1159.59
-0.878788 803.547 -1169.76
-0.888889 802.969 -1179.7
-0.89899 802.384 -1189.61
-0.909091 801.77 -1199.28
-0.919192 801.152 -1208.92
-0.929293 800.541 -1218.31
-0.939394 799.931 -1227.68
-0.949495 799.379 -1236.8
-0.959596 798.831 -1245.91
-0.969697 798.415 -1254.79
-0.979798 798.005 -1263.66
-0.989899 797.839 -1272.31
-1 797.679 -1280.95
