0 411.83 4.31359e-05
-0.010101 1876.71 13.0014
-0.020202 1858.9 26.0217
-0.030303 1846.89 39.9798
-0.040404 1835.07 53.9461
-0.0505051 1827.82 68.1065
-0.0606061 1820.8 82.279
-0.0707071 1817.26 96.6394
-0.0808081 1813.94 111.012
-0.0909091 1813.18 125.523
-0.10101 1812.62 140.045
-0.111111 1813.85 154.661
-0.121212 1815.23 169.286
-0.131313 1817.79 183.973
-0.141414 1820.45 198.667
-0.151515 1823.81 213.402
-0.161616 1827.22 228.141
-0.171717 1830.97 242.905
-0.181818 1834.72 257.671
-0.191919 1838.55 272.448
-0.20202 1842.34 287.225
-0.212121 1846.02 302
-0.222222 1849.64 316.772
-0.232323 1853.04 331.533
-0.242424 1856.34 346.287
-0.252525 1859.36 361.019
-0.262626 1862.27 375.741
-0.272727 1864.87 390.433
-0.282828 1867.35 405.112
-0.292929 1869.53 419.754
-0.30303 1871.58 434.378
-0.313131 1873.34 448.961
-0.323232 1874.98 463.522
-0.333333 1876.37 478.037
-0.343434 1877.63 492.526
-0.353535 1878.68 506.967
-0.363636 1879.62 521.377
-0.373737 1880.38 535.736
-0.383838 1881.04 550.061
-0.393939 1881.55 564.333
-0.40404 1881.98 578.567
-0.414141 1882.3 592.745
-0.424242 1882.55 606.882
-0.434343 1882.7 620.961
-0.444444 1882.81 634.995
-0.454545 1882.85 648.97
-0.464646 1882.85 662.895
-0.474747 1882.8 676.76
-0.484848 1882.73 690.571
-0.494949 1882.62 704.32
-0.505051 1882.5 718.01
-0.515152 1882.36 731.638
-0.525253 1882.21 745.2
-0.535354 1882.05 758.701
-0.545455 1881.89 772.129
-0.555556 1881.73 785.496
-0.565657 1881.57 798.784
-0.575758 1881.42 812.009
-0.585859 1881.27 825.149
-0.59596 1881.14 838.226
-0.606061 1881.02 851.21
-0.616162 1880.91 864.132
-0.626263 1880.81 876.953
-0.636364 1880.73 889.712
-0.646465 1880.68 902.361
-0.656566 1880.64 914.949
-0.666667 1880.62 927.418
-0.676768 1880.62 939.826
-0.686869 1880.65 952.106
-0.69697 1880.7 964.327
-0.707071 1880.79 976.409
-0.717172 1880.89 988.433
-0.727273 1881.04 1000.31
-0.737374 1881.2 1012.13
-0.747475 1881.42 1023.79
-0.757576 1881.65 1035.39
-0.767677 1881.94 1046.83
-0.777778 1882.25 1058.21
-0.787879 1882.61 1069.42
-0.79798 1883 1080.57
-0.808081 1883.45 1091.53
-0.818182 1883.91 1102.44
-0.828283 1884.45 1113.16
-0.838384 1884.99 1123.83
-0.848485 1885.61 1134.28
-0.858586 1886.23 1144.7
-0.868687 1886.91 1154.89
-0.878788 1887.6 1165.05
-0.888889 1888.33 1174.98
-0.89899 1889.07 1184.88
-0.909091 1889.82 1194.53
-0.919192 1890.57 1204.16
-0.929293 1891.29 1213.55
-0.939394 1892.01 1222.91
-0.949495 1892.65 1232.03
-0.959596 1893.28 1241.14
-0.969697 1893.75 1250.02
-0.979798 1894.22 1258.89
-0.989899 1894.4 1267.54
-1 1894.58 1276.18
