0 -9101.04 -0.00113203
-0.010101 -7722.51 12.3835
-0.020202 -7731.25 24.7889
-0.030303 -7735 38.1662
-0.040404 -7738.61 51.5521
-0.0505051 -7738.63 65.1433
-0.0606061 -7738.49 78.7454
-0.0707071 -7735.9 92.5186
-0.0808081 -7733.18 106.302
-0.0909091 -7728.92 120.202
-0.10101 -7724.56 134.11
-0.111111 -7719.35 148.092
-0.121212 -7714.1 162.08
-0.131313 -7708.51 176.114
-0.141414 -7702.93 190.153
-0.151515 -7697.37 204.219
-0.161616 -7691.87 218.287
-0.171717 -7686.65 232.368
-0.181818 -7681.51 246.448
-0.191919 -7676.79 260.529
-0.20202 -7672.2 274.607
-0.212121 -7668.1 288.674
-0.222222 -7664.15 302.735
-0.232323 -7660.71 316.776
-0.242424 -7657.42 330.808
-0.252525 -7654.64 344.812
-0.262626 -7652.02 358.803
-0.272727 -7649.85 372.758
-0.282828 -7647.84 386.698
-0.292929 -7646.24 400.598
-0.30303 -7644.79 414.479
-0.313131 -7643.68 428.315
-0.323232 -7642.71 442.129
-0.333333 -7642.03 455.896
-0.343434 -7641.47 469.637
-0.353535 -7641.14 483.329
-0.363636 -7640.91 496.992
-0.373737 -7640.87 510.604
-0.383838 -7640.91 524.184
-0.393939 -7641.09 537.711
-0.40404 -7641.33 551.203
-0.414141 -7641.68 564.641
-0.424242 -7642.08 578.04
-0.434343 -7642.55 591.385
-0.444444 -7643.07 604.686
-0.454545 -7643.62 617.932
-0.464646 -7644.21 631.131
-0.474747 -7644.83 644.274
-0.484848 -7645.46 657.365
-0.494949 -7646.11 670.399
-0.505051 -7646.77 683.377
-0.515152 -7647.43 696.297
-0.525253 -7648.1 709.155
-0.535354 -7648.77 721.956
-0.545455 -7649.44 734.688
-0.555556 -7650.11 747.363
-0.565657 -7650.77 759.963
-0.575758 -7651.43 772.505
-0.585859 -7652.08 784.966
-0.59596 -7652.72 797.369
-0.606061 -7653.36 809.684
-0.616162 -7653.98 821.94
-0.626263 -7654.6 834.1
-0.636364 -7655.21 846.202
-0.646465 -7655.81 858.2
-0.656566 -7656.4 870.14
-0.666667 -7656.98 881.968
-0.676768 -7657.54 893.738
-0.686869 -7658.09 905.386
-0.69697 -7658.63 916.977
-0.707071 -7659.15 928.437
-0.717172 -7659.66 939.84
-0.727273 -7660.14 951.103
-0.737374 -7660.61 962.31
-0.747475 -7661.05 973.366
-0.757576 -7661.47 984.368
-0.767677 -7661.86 995.208
-0.777778 -7662.22 1006
-0.787879 -7662.54 1016.61
-0.79798 -7662.84 1027.18
-0.808081 -7663.08 1037.56
-0.818182 -7663.31 1047.89
-0.828283 -7663.46 1058.03
-0.838384 -7663.6 1068.12
-0.848485 -7663.66 1078.01
-0.858586 -7663.71 1087.86
-0.868687 -7663.67 1097.49
-0.878788 -7663.63 1107.08
-0.888889 -7663.5 1116.45
-0.89899 -7663.36 1125.78
-0.909091 -7663.15 1134.88
-0.919192 -7662.93 1143.95
-0.929293 -7662.66 1152.79
-0.939394 -7662.38 1161.59
-0.949495 -7662.1 1170.16
-0.959596 -7661.81 1178.72
-0.969697 -7661.56 1187.04
-0.979798 -7661.32 1195.36
-0.989899 -7661.21 1203.48
-1 -7661.11 1211.59
