0 -23628.4 -0.00143149
-0.010101 -23587.4 0.756171
-0.020202 -23567.8 1.52001
-0.030303 -23549.3 2.52455
-0.040404 -23530.8 3.53127
-0.0505051 -23514 4.59012
-0.0606061 -23497.3 5.64787
-0.0707071 -23482.6 6.68836
-0.0808081 -23468.1 7.72545
-0.0909091 -23455.7 8.72355
-0.10101 -23443.5 9.7172
-0.111111 -23433.3 10.6708
-0.121212 -23423.4 11.6195
-0.131313 -23415.3 12.5329
-0.141414 -23407.5 13.4412
-0.151515 -23401.4 14.3185
-0.161616 -23395.6 15.1905
-0.171717 -23391.2 16.0341
-0.181818 -23387.1 16.8718
-0.191919 -23384.2 17.6827
-0.20202 -23381.5 18.4871
-0.212121 -23379.8 19.2658
-0.222222 -23378.3 20.0377
-0.232323 -23377.5 20.7855
-0.242424 -23377 21.5263
-0.252525 -23377 22.2452
-0.262626 -23377.2 22.9573
-0.272727 -23377.8 23.6501
-0.282828 -23378.6 24.3367
-0.292929 -23379.6 25.0069
-0.30303 -23380.7 25.6714
-0.313131 -23382.1 26.3225
-0.323232 -23383.5 26.9688
-0.333333 -23385 27.6045
-0.343434 -23386.5 28.2361
-0.353535 -23388.1 28.8596
-0.363636 -23389.7 29.4798
-0.373737 -23391.4 30.0941
-0.383838 -23393 30.7057
-0.393939 -23394.7 31.3131
-0.40404 -23396.3 31.9185
-0.414141 -23397.9 32.5209
-0.424242 -23399.5 33.1219
-0.434343 -23401.1 33.7209
-0.444444 -23402.6 34.3189
-0.454545 -23404.1 34.9156
-0.464646 -23405.6 35.5116
-0.474747 -23407.1 36.1068
-0.484848 -23408.5 36.7014
-0.494949 -23409.9 37.2955
-0.505051 -23411.3 37.8891
-0.515152 -23412.7 38.4823
-0.525253 -23414 39.075
-0.535354 -23415.4 39.6672
-0.545455 -23416.7 40.2589
-0.555556 -23418 40.8501
-0.565657 -23419.3 41.4404
-0.575758 -23420.7 42.0301
-0.585859 -23422 42.6186
-0.59596 -23423.3 43.2063
-0.606061 -23424.7 43.7924
-0.616162 -23426 44.3773
-0.626263 -23427.4 44.9601
-0.636364 -23428.7 45.5415
-0.646465 -23430.1 46.1198
-0.656566 -23431.6 46.6966
-0.666667 -23433 47.2694
-0.676768 -23434.4 47.8401
-0.686869 -23435.9 48.4058
-0.69697 -23437.4 48.9692
-0.707071 -23439 49.526
-0.717172 -23440.5 50.08
-0.727273 -23442.1 50.6259
-0.737374 -23443.7 51.1686
-0.747475 -23445.3 51.7011
-0.757576 -23446.9 52.2301
-0.767677 -23448.6 52.7466
-0.777778 -23450.2 53.2592
-0.787879 -23451.9 53.7566
-0.79798 -23453.6 54.2499
-0.808081 -23455.2 54.7251
-0.818182 -23456.9 55.1959
-0.828283 -23458.6 55.6456
-0.838384 -23460.2 56.0906
-0.848485 -23461.8 56.5114
-0.858586 -23463.4 56.9276
-0.868687 -23464.9 57.3162
-0.878788 -23466.4 57.7004
-0.888889 -23467.8 58.0539
-0.89899 -23469.2 58.4033
-0.909091 -23470.4 58.7192
-0.919192 -23471.6 59.0315
-0.929293 -23472.6 59.3078
-0.939394 -23473.6 59.581
-0.949495 -23474.4 59.8159
-0.959596 -23475.1 60.0483
-0.969697 -23475.6 60.2389
-0.979798 -23476.1 60.4277
-0.989899 -23476.2 60.6269
-1 -23476.4 60.8264
