0 -12248.1 -0.00142215
-0.010101 -13467.8 -10.6237
-0.020202 -13442.9 -21.2584
-0.030303 -13423.4 -32.5684
-0.040404 -13404 -43.8843
-0.0505051 -13389.4 -55.3417
-0.0606061 -13375.1 -66.81
-0.0707071 -13364.6 -78.4491
-0.0808081 -13354.5 -90.1004
-0.0909091 -13347.6 -101.891
-0.10101 -13340.9 -113.694
-0.111111 -13336.8 -125.599
-0.121212 -13333 -137.514
-0.131313 -13331.1 -149.501
-0.141414 -13329.4 -161.497
-0.151515 -13329.2 -173.545
-0.161616 -13329.1 -185.599
-0.171717 -13330 -197.689
-0.181818 -13331.1 -209.785
-0.191919 -13332.9 -221.904
-0.20202 -13334.7 -234.026
-0.212121 -13337 -246.161
-0.222222 -13339.3 -258.296
-0.232323 -13341.8 -270.434
-0.242424 -13344.3 -282.57
-0.252525 -13346.9 -294.699
-0.262626 -13349.4 -306.822
-0.272727 -13351.9 -318.93
-0.282828 -13354.4 -331.03
-0.292929 -13356.7 -343.106
-0.30303 -13359 -355.171
-0.313131 -13361.2 -367.207
-0.323232 -13363.3 -379.226
-0.333333 -13365.2 -391.212
-0.343434 -13367.1 -403.178
-0.353535 -13368.8 -415.107
-0.363636 -13370.4 -427.012
-0.373737 -13371.9 -438.875
-0.383838 -13373.3 -450.712
-0.393939 -13374.5 -462.504
-0.40404 -13375.7 -474.266
-0.414141 -13376.8 -485.982
-0.424242 -13377.8 -497.663
-0.434343 -13378.7 -509.297
-0.444444 -13379.6 -520.892
-0.454545 -13380.4 -532.438
-0.464646 -13381.2 -543.941
-0.474747 -13381.9 -555.394
-0.484848 -13382.6 -566.801
-0.494949 -13383.2 -578.156
-0.505051 -13383.8 -589.46
-0.515152 -13384.4 -600.712
-0.525253 -13384.9 -611.908
-0.535354 -13385.5 -623.052
-0.545455 -13386 -634.134
-0.555556 -13386.6 -645.165
-0.565657 -13387.1 -656.128
-0.575758 -13387.7 -667.039
-0.585859 -13388.2 -677.877
-0.59596 -13388.8 -688.662
-0.606061 -13389.4 -699.369
-0.616162 -13390 -710.024
-0.626263 -13390.6 -720.593
-0.636364 -13391.3 -731.11
-0.646465 -13391.9 -741.536
-0.656566 -13392.6 -751.909
-0.666667 -13393.4 -762.184
-0.676768 -13394.1 -772.408
-0.686869 -13394.9 -782.526
-0.69697 -13395.7 -792.593
-0.707071 -13396.6 -802.547
-0.717172 -13397.4 -812.452
-0.727273 -13398.4 -822.236
-0.737374 -13399.3 -831.972
-0.747475 -13400.3 -841.579
-0.757576 -13401.4 -851.14
-0.767677 -13402.5 -860.564
-0.777778 -13403.6 -869.944
-0.787879 -13404.7 -879.18
-0.79798 -13405.9 -888.374
-0.808081 -13407.1 -897.416
-0.818182 -13408.4 -906.419
-0.828283 -13409.7 -915.261
-0.838384 -13411 -924.069
-0.848485 -13412.3 -932.709
-0.858586 -13413.6 -941.316
-0.868687 -13415 -949.749
-0.878788 -13416.3 -958.154
-0.888889 -13417.6 -966.378
-0.89899 -13419 -974.577
-0.909091 -13420.2 -982.59
-0.919192 -13421.5 -990.583
-0.929293 -13422.6 -998.386
-0.939394 -13423.7 -1006.17
-0.949495 -13424.7 -1013.77
-0.959596 -13425.6 -1021.36
-0.969697 -13426.2 -1028.78
-0.979798 -13426.8 -1036.19
-0.989899 -13427.1 -1043.41
-1 -13427.3 -1050.63
