0 -18508.9 -0.00183348
-0.010101 -17545.6 8.85437
-0.020202 -17541.4 17.7283
-0.030303 -17534.3 27.3916
-0.040404 -17527.2 37.0618
-0.0505051 -17518.5 46.8994
-0.0606061 -17509.7 56.7438
-0.0707071 -17500.3 66.6959
-0.0808081 -17490.9 76.6532
-0.0909091 -17481.5 86.6697
-0.10101 -17472.2 96.6894
-0.111111 -17463.3 106.739
-0.121212 -17454.5 116.79
-0.131313 -17446.5 126.854
-0.141414 -17438.7 136.919
-0.151515 -17431.7 146.985
-0.161616 -17424.9 157.051
-0.171717 -17419.1 167.11
-0.181818 -17413.4 177.166
-0.191919 -17408.7 187.208
-0.20202 -17404.1 197.245
-0.212121 -17400.4 207.261
-0.222222 -17397 217.269
-0.232323 -17394.2 227.251
-0.242424 -17391.7 237.223
-0.252525 -17389.8 247.164
-0.262626 -17388.1 257.093
-0.272727 -17387 266.988
-0.282828 -17386 276.869
-0.292929 -17385.4 286.713
-0.30303 -17385 296.542
-0.313131 -17384.9 306.333
-0.323232 -17385 316.107
-0.333333 -17385.3 325.843
-0.343434 -17385.7 335.559
-0.353535 -17386.3 345.238
-0.363636 -17387 354.894
-0.373737 -17387.9 364.513
-0.383838 -17388.7 374.109
-0.393939 -17389.7 383.666
-0.40404 -17390.7 393.198
-0.414141 -17391.8 402.692
-0.424242 -17392.9 412.159
-0.434343 -17394 421.587
-0.444444 -17395.2 430.985
-0.454545 -17396.4 440.345
-0.464646 -17397.5 449.672
-0.474747 -17398.7 458.96
-0.484848 -17399.9 468.213
-0.494949 -17401.1 477.427
-0.505051 -17402.2 486.601
-0.515152 -17403.4 495.737
-0.525253 -17404.6 504.829
-0.535354 -17405.7 513.882
-0.545455 -17406.9 522.889
-0.555556 -17408 531.855
-0.565657 -17409.2 540.77
-0.575758 -17410.3 549.645
-0.585859 -17411.4 558.465
-0.59596 -17412.6 567.244
-0.606061 -17413.7 575.962
-0.616162 -17414.8 584.639
-0.626263 -17415.9 593.25
-0.636364 -17417.1 601.82
-0.646465 -17418.2 610.318
-0.656566 -17419.4 618.775
-0.666667 -17420.5 627.154
-0.676768 -17421.6 635.491
-0.686869 -17422.8 643.744
-0.69697 -17423.9 651.956
-0.707071 -17425.1 660.074
-0.717172 -17426.2 668.153
-0.727273 -17427.4 676.132
-0.737374 -17428.5 684.071
-0.747475 -17429.7 691.901
-0.757576 -17430.8 699.693
-0.767677 -17431.9 707.367
-0.777778 -17433 715.004
-0.787879 -17434.1 722.514
-0.79798 -17435.2 729.989
-0.808081 -17436.2 737.328
-0.818182 -17437.3 744.633
-0.828283 -17438.2 751.793
-0.838384 -17439.2 758.921
-0.848485 -17440 765.894
-0.858586 -17440.9 772.839
-0.868687 -17441.7 779.62
-0.878788 -17442.4 786.374
-0.888889 -17443 792.957
-0.89899 -17443.7 799.516
-0.909091 -17444.2 805.897
-0.919192 -17444.6 812.258
-0.929293 -17445 818.434
-0.939394 -17445.3 824.595
-0.949495 -17445.5 830.571
-0.959596 -17445.7 836.534
-0.969697 -17445.8 842.322
-0.979798 -17445.9 848.103
-0.989899 -17445.9 853.75
-1 -17445.9 859.395
