0 -9101.04 -0.00113203
-0.010101 -7722.51 12.3848
-0.020202 -7731.24 24.7915
-0.030303 -7735 38.1699
-0.040404 -7738.6 51.5568
-0.0505051 -7738.62 65.1487
-0.0606061 -7738.48 78.7515
-0.0707071 -7735.9 92.5251
-0.0808081 -7733.18 106.309
-0.0909091 -7728.91 120.208
-0.10101 -7724.55 134.116
-0.111111 -7719.34 148.098
-0.121212 -7714.08 162.086
-0.131313 -7708.5 176.12
-0.141414 -7702.91 190.158
-0.151515 -7697.36 204.223
-0.161616 -7691.86 218.291
-0.171717 -7686.63 232.37
-0.181818 -7681.49 246.45
-0.191919 -7676.78 260.529
-0.20202 -7672.18 274.606
-0.212121 -7668.08 288.671
-0.222222 -7664.13 302.731
-0.232323 -7660.69 316.77
-0.242424 -7657.4 330.8
-0.252525 -7654.62 344.802
-0.262626 -7651.99 358.791
-0.272727 -7649.83 372.745
-0.282828 -7647.82 386.683
-0.292929 -7646.22 400.58
-0.30303 -7644.76 414.459
-0.313131 -7643.66 428.293
-0.323232 -7642.69 442.105
-0.333333 -7642 455.87
-0.343434 -7641.44 469.609
-0.353535 -7641.11 483.298
-0.363636 -7640.88 496.959
-0.373737 -7640.84 510.568
-0.383838 -7640.88 524.146
-0.393939 -7641.05 537.671
-0.40404 -7641.3 551.16
-0.414141 -7641.65 564.596
-0.424242 -7642.05 577.993
-0.434343 -7642.52 591.335
-0.444444 -7643.03 604.634
-0.454545 -7643.59 617.878
-0.464646 -7644.17 631.074
-0.474747 -7644.79 644.215
-0.484848 -7645.42 657.303
-0.494949 -7646.07 670.335
-0.505051 -7646.73 683.31
-0.515152 -7647.39 696.228
-0.525253 -7648.06 709.084
-0.535354 -7648.73 721.883
-0.545455 -7649.4 734.613
-0.555556 -7650.07 747.285
-0.565657 -7650.73 759.883
-0.575758 -7651.39 772.423
-0.585859 -7652.03 784.882
-0.59596 -7652.68 797.283
-0.606061 -7653.31 809.596
-0.616162 -7653.94 821.85
-0.626263 -7654.56 834.008
-0.636364 -7655.17 846.108
-0.646465 -7655.76 858.104
-0.656566 -7656.35 870.042
-0.666667 -7656.93 881.868
-0.676768 -7657.5 893.636
-0.686869 -7658.04 905.282
-0.69697 -7658.59 916.871
-0.707071 -7659.1 928.329
-0.717172 -7659.61 939.731
-0.727273 -7660.09 950.991
-0.737374 -7660.56 962.197
-0.747475 -7661 973.251
-0.757576 -7661.42 984.251
-0.767677 -7661.81 995.089
-0.777778 -7662.17 1005.88
-0.787879 -7662.49 1016.49
-0.79798 -7662.79 1027.05
-0.808081 -7663.03 1037.43
-0.818182 -7663.25 1047.76
-0.828283 -7663.41 1057.9
-0.838384 -7663.55 1067.99
-0.848485 -7663.61 1077.88
-0.858586 -7663.66 1087.72
-0.868687 -7663.62 1097.35
-0.878788 -7663.57 1106.94
-0.888889 -7663.44 1116.31
-0.89899 -7663.3 1125.64
-0.909091 -7663.09 1134.74
-0.919192 -7662.87 1143.81
-0.929293 -7662.6 1152.63
-0.939394 -7662.33 1161.44
-0.949495 -7662.04 1170.01
-0.959596 -7661.75 1178.56
-0.969697 -7661.51 1186.88
-0.979798 -7661.26 1195.2
-0.989899 -7661.16 1203.31
-1 -7661.06 1211.42
