0 130.057 3.37703e-05
-0.010101 -1336.51 -13.0171
-0.020202 -1319.11 -26.0534
-0.030303 -1307.5 -40.0368
-0.040404 -1296.07 -54.0286
-0.0505051 -1289.18 -68.22
-0.0606061 -1282.51 -82.4236
-0.0707071 -1279.28 -96.8185
-0.0808081 -1276.27 -111.226
-0.0909091 -1275.77 -125.774
-0.10101 -1275.47 -140.333
-0.111111 -1276.91 -154.989
-0.121212 -1278.5 -169.653
-0.131313 -1281.22 -184.381
-0.141414 -1284.05 -199.116
-0.151515 -1287.53 -213.893
-0.161616 -1291.06 -228.674
-0.171717 -1294.89 -243.481
-0.181818 -1298.73 -258.29
-0.191919 -1302.61 -273.111
-0.20202 -1306.45 -287.931
-0.212121 -1310.16 -302.75
-0.222222 -1313.81 -317.565
-0.232323 -1317.21 -332.369
-0.242424 -1320.52 -347.166
-0.252525 -1323.53 -361.941
-0.262626 -1326.43 -376.705
-0.272727 -1329.01 -391.44
-0.282828 -1331.47 -406.161
-0.292929 -1333.62 -420.844
-0.30303 -1335.64 -435.51
-0.313131 -1337.37 -450.133
-0.323232 -1338.98 -464.735
-0.333333 -1340.33 -479.289
-0.343434 -1341.57 -493.819
-0.353535 -1342.58 -508.298
-0.363636 -1343.48 -522.748
-0.373737 -1344.21 -537.145
-0.383838 -1344.84 -551.509
-0.393939 -1345.32 -565.818
-0.40404 -1345.72 -580.089
-0.414141 -1346 -594.304
-0.424242 -1346.22 -608.478
-0.434343 -1346.35 -622.594
-0.444444 -1346.43 -636.664
-0.454545 -1346.45 -650.675
-0.464646 -1346.43 -664.635
-0.474747 -1346.36 -678.536
-0.484848 -1346.27 -692.381
-0.494949 -1346.14 -706.165
-0.505051 -1346 -719.888
-0.515152 -1345.84 -733.55
-0.525253 -1345.68 -747.145
-0.535354 -1345.5 -760.679
-0.545455 -1345.33 -774.139
-0.555556 -1345.15 -787.537
-0.565657 -1344.98 -800.856
-0.575758 -1344.81 -814.113
-0.585859 -1344.65 -827.282
-0.59596 -1344.5 -840.39
-0.606061 -1344.37 -853.403
-0.616162 -1344.25 -866.353
-0.626263 -1344.14 -879.202
-0.636364 -1344.04 -891.988
-0.646465 -1343.97 -904.664
-0.656566 -1343.92 -917.278
-0.666667 -1343.89 -929.773
-0.676768 -1343.87 -942.206
-0.686869 -1343.88 -954.51
-0.69697 -1343.92 -966.754
-0.707071 -1343.98 -978.859
-0.717172 -1344.07 -990.905
-0.727273 -1344.19 -1002.8
-0.737374 -1344.34 -1014.64
-0.747475 -1344.53 -1026.32
-0.757576 -1344.74 -1037.95
-0.767677 -1345 -1049.4
-0.777778 -1345.29 -1060.8
-0.787879 -1345.63 -1072.02
-0.79798 -1345.99 -1083.19
-0.808081 -1346.41 -1094.17
-0.818182 -1346.85 -1105.1
-0.828283 -1347.36 -1115.82
-0.838384 -1347.88 -1126.51
-0.848485 -1348.47 -1136.97
-0.858586 -1349.06 -1147.4
-0.868687 -1349.72 -1157.61
-0.878788 -1350.38 -1167.78
-0.888889 -1351.09 -1177.71
-0.89899 -1351.8 -1187.62
-0.909091 -1352.53 -1197.28
-0.919192 -1353.26 -1206.92
-0.929293 -1353.97 -1216.31
-0.939394 -1354.67 -1225.68
-0.949495 -1355.29 -1234.8
-0.959596 -1355.91 -1243.91
-0.969697 -1356.37 -1252.8
-0.979798 -1356.83 -1261.67
-0.989899 -1357.01 -1270.33
-1 -1357.19 -1278.97
