0 -15517.9 -0.00175574
-0.010101 -14368.8 10.4526
-0.020202 -14369.4 20.9266
-0.030303 -14366.2 32.2828
-0.040404 -14362.9 43.6469
-0.0505051 -14357.2 55.1979
-0.0606061 -14351.4 66.7576
-0.0707071 -14344.3 78.4524
-0.0808081 -14337.1 90.1544
-0.0909091 -14329.4 101.939
-0.10101 -14321.7 113.729
-0.111111 -14313.9 125.567
-0.121212 -14306.2 137.408
-0.131313 -14298.9 149.275
-0.141414 -14291.6 161.144
-0.151515 -14285 173.025
-0.161616 -14278.5 184.906
-0.171717 -14272.7 196.787
-0.181818 -14267.1 208.667
-0.191919 -14262.2 220.538
-0.20202 -14257.5 232.404
-0.212121 -14253.5 244.253
-0.222222 -14249.8 256.094
-0.232323 -14246.7 267.911
-0.242424 -14243.8 279.718
-0.252525 -14241.5 291.494
-0.262626 -14239.4 303.257
-0.272727 -14237.9 314.985
-0.282828 -14236.5 326.698
-0.292929 -14235.5 338.373
-0.30303 -14234.7 350.029
-0.313131 -14234.2 361.645
-0.323232 -14233.9 373.241
-0.333333 -14233.8 384.794
-0.343434 -14233.9 396.325
-0.353535 -14234.2 407.812
-0.363636 -14234.5 419.274
-0.373737 -14235.1 430.693
-0.383838 -14235.7 442.084
-0.393939 -14236.4 453.431
-0.40404 -14237.1 464.747
-0.414141 -14237.9 476.019
-0.424242 -14238.8 487.257
-0.434343 -14239.7 498.45
-0.444444 -14240.7 509.608
-0.454545 -14241.7 520.719
-0.464646 -14242.6 531.791
-0.474747 -14243.6 542.817
-0.484848 -14244.7 553.8
-0.494949 -14245.7 564.736
-0.505051 -14246.7 575.625
-0.515152 -14247.7 586.467
-0.525253 -14248.7 597.258
-0.535354 -14249.7 608.001
-0.545455 -14250.7 618.687
-0.555556 -14251.7 629.326
-0.565657 -14252.7 639.904
-0.575758 -14253.7 650.433
-0.585859 -14254.7 660.895
-0.59596 -14255.7 671.309
-0.606061 -14256.6 681.65
-0.616162 -14257.6 691.942
-0.626263 -14258.6 702.154
-0.636364 -14259.6 712.318
-0.646465 -14260.5 722.396
-0.656566 -14261.5 732.425
-0.666667 -14262.5 742.36
-0.676768 -14263.4 752.247
-0.686869 -14264.4 762.032
-0.69697 -14265.3 771.769
-0.707071 -14266.3 781.396
-0.717172 -14267.2 790.975
-0.727273 -14268.2 800.436
-0.737374 -14269.1 809.85
-0.747475 -14270 819.136
-0.757576 -14270.9 828.376
-0.767677 -14271.8 837.479
-0.777778 -14272.6 846.537
-0.787879 -14273.5 855.448
-0.79798 -14274.3 864.316
-0.808081 -14275 873.026
-0.818182 -14275.8 881.697
-0.828283 -14276.5 890.199
-0.838384 -14277.2 898.663
-0.848485 -14277.8 906.949
-0.858586 -14278.3 915.2
-0.868687 -14278.8 923.263
-0.878788 -14279.3 931.295
-0.888889 -14279.6 939.129
-0.89899 -14280 946.935
-0.909091 -14280.2 954.536
-0.919192 -14280.5 962.115
-0.929293 -14280.6 969.481
-0.939394 -14280.7 976.829
-0.949495 -14280.7 983.966
-0.959596 -14280.8 991.089
-0.969697 -14280.7 998.012
-0.979798 -14280.7 1004.93
-0.989899 -14280.6 1011.68
-1 -14280.6 1018.42
