0 -6023.83 -0.000787651
-0.010101 -4587.08 12.8398
-0.020202 -4596.94 25.6998
-0.030303 -4601.62 39.4814
-0.040404 -4606.15 53.2695
-0.0505051 -4606.98 67.2176
-0.0606061 -4607.65 81.1755
-0.0707071 -4605.87 95.2889
-0.0808081 -4603.95 109.413
-0.0909091 -4600.55 123.656
-0.10101 -4597.07 137.908
-0.111111 -4592.84 152.246
-0.121212 -4588.59 166.593
-0.131313 -4584.11 181
-0.141414 -4579.66 195.413
-0.151515 -4575.34 209.866
-0.161616 -4571.09 224.323
-0.171717 -4567.17 238.803
-0.181818 -4563.34 253.285
-0.191919 -4559.96 267.776
-0.20202 -4556.69 282.266
-0.212121 -4553.88 296.753
-0.222222 -4551.2 311.236
-0.232323 -4548.95 325.706
-0.242424 -4546.83 340.17
-0.252525 -4545.11 354.613
-0.262626 -4543.49 369.047
-0.272727 -4542.21 383.453
-0.282828 -4541.02 397.847
-0.292929 -4540.11 412.207
-0.30303 -4539.28 426.553
-0.313131 -4538.66 440.86
-0.323232 -4538.12 455.149
-0.333333 -4537.74 469.397
-0.343434 -4537.41 483.622
-0.353535 -4537.2 497.803
-0.363636 -4537.05 511.957
-0.373737 -4536.97 526.064
-0.383838 -4536.94 540.141
-0.393939 -4536.96 554.169
-0.40404 -4537.01 568.162
-0.414141 -4537.11 582.103
-0.424242 -4537.23 596.006
-0.434343 -4537.37 609.855
-0.444444 -4537.54 623.661
-0.454545 -4537.72 637.412
-0.464646 -4537.92 651.114
-0.474747 -4538.13 664.76
-0.484848 -4538.35 678.352
-0.494949 -4538.58 691.886
-0.505051 -4538.81 705.362
-0.515152 -4539.06 718.779
-0.525253 -4539.31 732.131
-0.535354 -4539.57 745.423
-0.545455 -4539.83 758.644
-0.555556 -4540.09 771.805
-0.565657 -4540.36 784.889
-0.575758 -4540.63 797.912
-0.585859 -4540.91 810.851
-0.59596 -4541.19 823.729
-0.606061 -4541.47 836.515
-0.616162 -4541.75 849.241
-0.626263 -4542.04 861.868
-0.636364 -4542.32 874.434
-0.646465 -4542.61 886.893
-0.656566 -4542.89 899.292
-0.666667 -4543.18 911.575
-0.676768 -4543.46 923.799
-0.686869 -4543.74 935.899
-0.69697 -4544.02 947.941
-0.707071 -4544.3 959.849
-0.717172 -4544.56 971.7
-0.727273 -4544.82 983.408
-0.737374 -4545.07 995.061
-0.747475 -4545.31 1006.56
-0.757576 -4545.54 1018.01
-0.767677 -4545.74 1029.29
-0.777778 -4545.94 1040.52
-0.787879 -4546.1 1051.58
-0.79798 -4546.26 1062.59
-0.808081 -4546.37 1073.41
-0.818182 -4546.47 1084.19
-0.828283 -4546.52 1094.77
-0.838384 -4546.55 1105.31
-0.848485 -4546.53 1115.65
-0.858586 -4546.5 1125.94
-0.868687 -4546.39 1136.02
-0.878788 -4546.28 1146.07
-0.888889 -4546.1 1155.89
-0.89899 -4545.9 1165.68
-0.909091 -4545.65 1175.23
-0.919192 -4545.39 1184.76
-0.929293 -4545.08 1194.04
-0.939394 -4544.78 1203.31
-0.949495 -4544.46 1212.34
-0.959596 -4544.15 1221.35
-0.969697 -4543.88 1230.14
-0.979798 -4543.62 1238.93
-0.989899 -4543.51 1247.48
-1 -4543.4 1256.03
