0 -8091.6 -0.00100886
-0.010101 -6691.43 12.5589
-0.020202 -6701.27 25.1394
-0.030303 -6706.01 38.6968
-0.040404 -6710.59 52.2627
-0.0505051 -6711.44 66.0349
-0.0606061 -6712.12 79.8184
-0.0707071 -6710.21 93.7767
-0.0808081 -6708.16 107.746
-0.0909091 -6704.44 121.835
-0.10101 -6700.61 135.932
-0.111111 -6695.81 150.108
-0.121212 -6690.96 164.289
-0.131313 -6685.67 178.52
-0.141414 -6680.38 192.755
-0.151515 -6675.03 207.019
-0.161616 -6669.72 221.286
-0.171717 -6664.62 235.567
-0.181818 -6659.6 249.848
-0.191919 -6654.95 264.131
-0.20202 -6650.41 278.411
-0.212121 -6646.33 292.682
-0.222222 -6642.38 306.947
-0.232323 -6638.91 321.192
-0.242424 -6635.6 335.429
-0.252525 -6632.77 349.638
-0.262626 -6630.09 363.834
-0.272727 -6627.86 377.996
-0.282828 -6625.78 392.142
-0.292929 -6624.1 406.248
-0.30303 -6622.57 420.334
-0.313131 -6621.38 434.377
-0.323232 -6620.32 448.397
-0.333333 -6619.56 462.369
-0.343434 -6618.91 476.315
-0.353535 -6618.49 490.212
-0.363636 -6618.18 504.08
-0.373737 -6618.06 517.895
-0.383838 -6618.02 531.679
-0.393939 -6618.12 545.409
-0.40404 -6618.29 559.103
-0.414141 -6618.56 572.743
-0.424242 -6618.89 586.343
-0.434343 -6619.29 599.888
-0.444444 -6619.74 613.388
-0.454545 -6620.23 626.833
-0.464646 -6620.75 640.23
-0.474747 -6621.31 653.569
-0.484848 -6621.88 666.856
-0.494949 -6622.47 680.086
-0.505051 -6623.08 693.257
-0.515152 -6623.69 706.371
-0.525253 -6624.3 719.421
-0.535354 -6624.92 732.413
-0.545455 -6625.53 745.335
-0.555556 -6626.15 758.199
-0.565657 -6626.75 770.987
-0.575758 -6627.36 783.715
-0.585859 -6627.95 796.362
-0.59596 -6628.54 808.949
-0.606061 -6629.12 821.447
-0.616162 -6629.69 833.885
-0.626263 -6630.25 846.226
-0.636364 -6630.81 858.508
-0.646465 -6631.35 870.684
-0.656566 -6631.88 882.801
-0.666667 -6632.39 894.804
-0.676768 -6632.9 906.748
-0.686869 -6633.38 918.568
-0.69697 -6633.86 930.331
-0.707071 -6634.31 941.961
-0.717172 -6634.75 953.533
-0.727273 -6635.16 964.963
-0.737374 -6635.57 976.336
-0.747475 -6635.93 987.556
-0.757576 -6636.28 998.721
-0.767677 -6636.59 1009.72
-0.777778 -6636.88 1020.67
-0.787879 -6637.12 1031.44
-0.79798 -6637.34 1042.17
-0.808081 -6637.5 1052.7
-0.818182 -6637.65 1063.19
-0.828283 -6637.73 1073.48
-0.838384 -6637.79 1083.73
-0.848485 -6637.77 1093.76
-0.858586 -6637.74 1103.76
-0.868687 -6637.63 1113.53
-0.878788 -6637.51 1123.28
-0.888889 -6637.31 1132.79
-0.89899 -6637.1 1142.26
-0.909091 -6636.82 1151.5
-0.919192 -6636.54 1160.72
-0.929293 -6636.22 1169.69
-0.939394 -6635.89 1178.63
-0.949495 -6635.56 1187.34
-0.959596 -6635.23 1196.03
-0.969697 -6634.95 1204.49
-0.979798 -6634.68 1212.94
-0.989899 -6634.57 1221.18
-1 -6634.46 1229.43
