0 1213.34 0.000160994
-0.010101 -254.339 -13.0447
-0.020202 -237.846 -26.1092
-0.030303 -227.085 -40.1313
-0.040404 -216.509 -54.1619
-0.0505051 -210.393 -68.3944
-0.0606061 -204.49 -82.6391
-0.0707071 -201.938 -97.0741
-0.0808081 -199.597 -111.521
-0.0909091 -199.67 -126.108
-0.10101 -199.927 -140.705
-0.111111 -201.832 -155.396
-0.121212 -203.88 -170.096
-0.131313 -206.969 -184.858
-0.141414 -210.151 -199.627
-0.151515 -213.907 -214.437
-0.161616 -217.706 -229.25
-0.171717 -221.735 -244.088
-0.181818 -225.759 -258.928
-0.191919 -229.769 -273.778
-0.20202 -233.733 -288.627
-0.212121 -237.521 -303.474
-0.222222 -241.231 -318.317
-0.232323 -244.665 -333.147
-0.242424 -247.998 -347.97
-0.252525 -251.006 -362.77
-0.262626 -253.896 -377.559
-0.272727 -256.448 -392.318
-0.282828 -258.874 -407.062
-0.292929 -260.972 -421.769
-0.30303 -262.942 -436.457
-0.313131 -264.611 -451.102
-0.323232 -266.156 -465.726
-0.333333 -267.436 -480.302
-0.343434 -268.6 -494.852
-0.353535 -269.537 -509.353
-0.363636 -270.37 -523.823
-0.373737 -271.016 -538.241
-0.383838 -271.57 -552.625
-0.393939 -271.974 -566.954
-0.40404 -272.301 -581.246
-0.414141 -272.511 -595.481
-0.424242 -272.658 -609.675
-0.434343 -272.718 -623.811
-0.444444 -272.727 -637.901
-0.454545 -272.674 -651.932
-0.464646 -272.583 -665.912
-0.474747 -272.449 -679.832
-0.484848 -272.288 -693.697
-0.494949 -272.1 -707.501
-0.505051 -271.895 -721.244
-0.515152 -271.675 -734.926
-0.525253 -271.446 -748.541
-0.535354 -271.211 -762.095
-0.545455 -270.975 -775.575
-0.555556 -270.738 -788.993
-0.565657 -270.506 -802.332
-0.575758 -270.278 -815.608
-0.585859 -270.06 -828.798
-0.59596 -269.85 -841.925
-0.606061 -269.654 -854.958
-0.616162 -269.467 -867.929
-0.626263 -269.299 -880.797
-0.636364 -269.141 -893.603
-0.646465 -269.006 -906.299
-0.656566 -268.883 -918.933
-0.666667 -268.787 -931.447
-0.676768 -268.704 -943.899
-0.686869 -268.651 -956.223
-0.69697 -268.613 -968.486
-0.707071 -268.611 -980.611
-0.717172 -268.624 -992.676
-0.727273 -268.679 -1004.59
-0.737374 -268.749 -1016.45
-0.747475 -268.868 -1028.15
-0.757576 -269.002 -1039.79
-0.767677 -269.191 -1051.26
-0.777778 -269.397 -1062.68
-0.787879 -269.662 -1073.92
-0.79798 -269.945 -1085.1
-0.808081 -270.292 -1096.1
-0.818182 -270.655 -1107.04
-0.828283 -271.086 -1117.78
-0.838384 -271.532 -1128.48
-0.848485 -272.044 -1138.96
-0.858586 -272.569 -1149.4
-0.868687 -273.155 -1159.62
-0.878788 -273.751 -1169.8
-0.888889 -274.394 -1179.75
-0.89899 -275.042 -1189.66
-0.909091 -275.714 -1199.34
-0.919192 -276.388 -1208.98
-0.929293 -277.047 -1218.38
-0.939394 -277.704 -1227.76
-0.949495 -278.292 -1236.89
-0.959596 -278.876 -1246.01
-0.969697 -279.315 -1254.89
-0.979798 -279.748 -1263.77
-0.989899 -279.922 -1272.43
-1 -280.09 -1281.08
