0 -6295.88 -0.000788816
-0.010101 -7691.35 -12.2663
-0.020202 -7669.13 -24.5485
-0.030303 -7652.76 -37.6878
-0.040404 -7636.58 -50.8352
-0.0505051 -7625.22 -64.1747
-0.0606061 -7614.11 -77.5271
-0.0707071 -7606.84 -91.0797
-0.0808081 -7599.84 -104.646
-0.0909091 -7595.84 -118.367
-0.10101 -7592.08 -132.1
-0.111111 -7590.56 -145.943
-0.121212 -7589.27 -159.795
-0.131313 -7589.59 -173.723
-0.141414 -7590.09 -187.658
-0.151515 -7591.69 -201.644
-0.161616 -7593.42 -215.636
-0.171717 -7595.85 -229.66
-0.181818 -7598.37 -243.687
-0.191919 -7601.27 -257.733
-0.20202 -7604.21 -271.78
-0.212121 -7607.31 -285.833
-0.222222 -7610.41 -299.883
-0.232323 -7613.51 -313.929
-0.242424 -7616.57 -327.97
-0.252525 -7619.52 -341.995
-0.262626 -7622.41 -356.012
-0.272727 -7625.12 -370.005
-0.282828 -7627.76 -383.986
-0.292929 -7630.19 -397.936
-0.30303 -7632.52 -411.87
-0.313131 -7634.64 -425.766
-0.323232 -7636.66 -439.643
-0.333333 -7638.48 -453.477
-0.343434 -7640.19 -467.287
-0.353535 -7641.71 -481.051
-0.363636 -7643.13 -494.787
-0.373737 -7644.39 -508.473
-0.383838 -7645.56 -522.127
-0.393939 -7646.58 -535.728
-0.40404 -7647.52 -549.293
-0.414141 -7648.34 -562.803
-0.424242 -7649.09 -576.273
-0.434343 -7649.75 -589.686
-0.444444 -7650.34 -603.055
-0.454545 -7650.86 -616.365
-0.464646 -7651.34 -629.626
-0.474747 -7651.76 -642.828
-0.484848 -7652.14 -655.975
-0.494949 -7652.48 -669.062
-0.505051 -7652.79 -682.089
-0.515152 -7653.08 -695.056
-0.525253 -7653.35 -707.956
-0.535354 -7653.61 -720.796
-0.545455 -7653.85 -733.565
-0.555556 -7654.09 -746.272
-0.565657 -7654.33 -758.9
-0.575758 -7654.56 -771.468
-0.585859 -7654.8 -783.95
-0.59596 -7655.05 -796.372
-0.606061 -7655.31 -808.701
-0.616162 -7655.58 -820.969
-0.626263 -7655.87 -833.137
-0.636364 -7656.17 -845.244
-0.646465 -7656.49 -857.244
-0.656566 -7656.83 -869.183
-0.666667 -7657.2 -881.006
-0.676768 -7657.59 -892.77
-0.686869 -7658.01 -904.409
-0.69697 -7658.45 -915.99
-0.707071 -7658.94 -927.437
-0.717172 -7659.44 -938.826
-0.727273 -7659.99 -950.073
-0.737374 -7660.56 -961.263
-0.747475 -7661.19 -972.302
-0.757576 -7661.83 -983.286
-0.767677 -7662.54 -994.109
-0.777778 -7663.26 -1004.88
-0.787879 -7664.04 -1015.48
-0.79798 -7664.84 -1026.03
-0.808081 -7665.71 -1036.4
-0.818182 -7666.58 -1046.72
-0.828283 -7667.52 -1056.85
-0.838384 -7668.47 -1066.94
-0.848485 -7669.47 -1076.83
-0.858586 -7670.47 -1086.68
-0.868687 -7671.52 -1096.33
-0.878788 -7672.57 -1105.94
-0.888889 -7673.62 -1115.33
-0.89899 -7674.68 -1124.69
-0.909091 -7675.72 -1133.83
-0.919192 -7676.75 -1142.94
-0.929293 -7677.71 -1151.83
-0.939394 -7678.66 -1160.69
-0.949495 -7679.47 -1169.33
-0.959596 -7680.27 -1177.96
-0.969697 -7680.84 -1186.37
-0.979798 -7681.41 -1194.78
-0.989899 -7681.63 -1202.98
-1 -7681.84 -1211.18
