0 -22547.7 -0.00222388
-0.010101 -22045.8 4.82529
-0.020202 -22032.7 9.66562
-0.030303 -22018.7 15.0346
-0.040404 -22004.7 20.4083
-0.0505051 -21990.9 25.8949
-0.0606061 -21977.1 31.3843
-0.0707071 -21964.1 36.9178
-0.0808081 -21951.3 42.452
-0.0909091 -21939.6 47.9937
-0.10101 -21928 53.5345
-0.111111 -21917.9 59.0676
-0.121212 -21907.9 64.5988
-0.131313 -21899.4 70.1166
-0.141414 -21891.1 75.6317
-0.151515 -21884.2 81.1306
-0.161616 -21877.5 86.6258
-0.171717 -21872.1 92.102
-0.181818 -21867 97.5734
-0.191919 -21863 103.023
-0.20202 -21859.2 108.466
-0.212121 -21856.4 113.884
-0.222222 -21853.8 119.295
-0.232323 -21852.1 124.679
-0.242424 -21850.5 130.054
-0.252525 -21849.6 135.401
-0.262626 -21848.8 140.739
-0.272727 -21848.6 146.049
-0.282828 -21848.5 151.348
-0.292929 -21848.9 156.621
-0.30303 -21849.3 161.882
-0.313131 -21850 167.117
-0.323232 -21850.8 172.34
-0.333333 -21851.8 177.539
-0.343434 -21852.9 182.726
-0.353535 -21854.1 187.889
-0.363636 -21855.4 193.04
-0.373737 -21856.7 198.169
-0.383838 -21858.1 203.284
-0.393939 -21859.5 208.379
-0.40404 -21860.9 213.459
-0.414141 -21862.4 218.519
-0.424242 -21863.8 223.564
-0.434343 -21865.3 228.59
-0.444444 -21866.7 233.6
-0.454545 -21868.1 238.59
-0.464646 -21869.6 243.563
-0.474747 -21871 248.517
-0.484848 -21872.4 253.452
-0.494949 -21873.8 258.368
-0.505051 -21875.1 263.265
-0.515152 -21876.5 268.141
-0.525253 -21877.8 272.996
-0.535354 -21879.2 277.831
-0.545455 -21880.5 282.643
-0.555556 -21881.8 287.434
-0.565657 -21883.1 292.2
-0.575758 -21884.4 296.945
-0.585859 -21885.7 301.662
-0.59596 -21887 306.358
-0.606061 -21888.4 311.023
-0.616162 -21889.7 315.667
-0.626263 -21891 320.277
-0.636364 -21892.4 324.866
-0.646465 -21893.7 329.417
-0.656566 -21895.1 333.947
-0.666667 -21896.5 338.436
-0.676768 -21897.8 342.903
-0.686869 -21899.3 347.325
-0.69697 -21900.7 351.725
-0.707071 -21902.1 356.076
-0.717172 -21903.6 360.405
-0.727273 -21905 364.68
-0.737374 -21906.5 368.933
-0.747475 -21908 373.127
-0.757576 -21909.5 377.299
-0.767677 -21910.9 381.406
-0.777778 -21912.4 385.492
-0.787879 -21913.9 389.506
-0.79798 -21915.4 393.501
-0.808081 -21916.9 397.418
-0.818182 -21918.3 401.315
-0.828283 -21919.7 405.128
-0.838384 -21921.1 408.923
-0.848485 -21922.4 412.628
-0.858586 -21923.8 416.315
-0.868687 -21925 419.906
-0.878788 -21926.2 423.481
-0.888889 -21927.3 426.953
-0.89899 -21928.4 430.412
-0.909091 -21929.3 433.762
-0.919192 -21930.3 437.101
-0.929293 -21931 440.328
-0.939394 -21931.7 443.545
-0.949495 -21932.3 446.649
-0.959596 -21932.8 449.745
-0.969697 -21933.1 452.731
-0.979798 -21933.4 455.711
-0.989899 -21933.5 458.632
-1 -21933.6 461.551
