0 -20349.1 -0.00201124
-0.010101 -19546.8 7.46904
-0.020202 -19539 14.956
-0.030303 -19529 23.1359
-0.040404 -19519.1 31.3216
-0.0505051 -19508.1 39.6461
-0.0606061 -19497.2 47.9754
-0.0707071 -19486.2 56.3812
-0.0808081 -19475.2 64.7899
-0.0909091 -19464.7 73.2319
-0.10101 -19454.3 81.6751
-0.111111 -19444.7 90.129
-0.121212 -19435.3 98.5827
-0.131313 -19426.9 107.036
-0.141414 -19418.7 115.488
-0.151515 -19411.6 123.933
-0.161616 -19404.7 132.376
-0.171717 -19398.8 140.806
-0.181818 -19393.3 149.233
-0.191919 -19388.7 157.642
-0.20202 -19384.3 166.045
-0.212121 -19380.9 174.425
-0.222222 -19377.7 182.798
-0.232323 -19375.3 191.144
-0.242424 -19373.1 199.481
-0.252525 -19371.6 207.787
-0.262626 -19370.2 216.083
-0.272727 -19369.4 224.347
-0.282828 -19368.8 232.597
-0.292929 -19368.6 240.815
-0.30303 -19368.5 249.019
-0.313131 -19368.8 257.19
-0.323232 -19369.2 265.345
-0.333333 -19369.8 273.467
-0.343434 -19370.5 281.572
-0.353535 -19371.4 289.645
-0.363636 -19372.4 297.7
-0.373737 -19373.5 305.722
-0.383838 -19374.6 313.726
-0.393939 -19375.8 321.698
-0.40404 -19377.1 329.649
-0.414141 -19378.4 337.569
-0.424242 -19379.7 345.466
-0.434343 -19381 353.333
-0.444444 -19382.4 361.175
-0.454545 -19383.7 368.987
-0.464646 -19385.1 376.773
-0.474747 -19386.4 384.528
-0.484848 -19387.7 392.254
-0.494949 -19389.1 399.949
-0.505051 -19390.4 407.614
-0.515152 -19391.7 415.247
-0.525253 -19393 422.846
-0.535354 -19394.3 430.414
-0.545455 -19395.6 437.945
-0.555556 -19396.9 445.444
-0.565657 -19398.2 452.903
-0.575758 -19399.4 460.33
-0.585859 -19400.7 467.712
-0.59596 -19401.9 475.062
-0.606061 -19403.2 482.364
-0.616162 -19404.5 489.632
-0.626263 -19405.7 496.848
-0.636364 -19407 504.031
-0.646465 -19408.3 511.156
-0.656566 -19409.5 518.248
-0.666667 -19410.8 525.277
-0.676768 -19412.1 532.272
-0.686869 -19413.4 539.199
-0.69697 -19414.7 546.092
-0.707071 -19416 552.91
-0.717172 -19417.3 559.695
-0.727273 -19418.6 566.397
-0.737374 -19419.9 573.067
-0.747475 -19421.2 579.648
-0.757576 -19422.5 586.197
-0.767677 -19423.8 592.648
-0.777778 -19425.1 599.069
-0.787879 -19426.3 605.384
-0.79798 -19427.6 611.67
-0.808081 -19428.8 617.842
-0.818182 -19430 623.985
-0.828283 -19431.2 630.006
-0.838384 -19432.3 636.001
-0.848485 -19433.4 641.865
-0.858586 -19434.4 647.704
-0.868687 -19435.4 653.405
-0.878788 -19436.3 659.083
-0.888889 -19437.2 664.615
-0.89899 -19438 670.127
-0.909091 -19438.6 675.486
-0.919192 -19439.3 680.828
-0.929293 -19439.8 686.011
-0.939394 -19440.3 691.182
-0.949495 -19440.6 696.193
-0.959596 -19441 701.193
-0.969697 -19441.1 706.043
-0.979798 -19441.3 710.886
-0.989899 -19441.4 715.614
-1 -19441.4 720.341
