0 -19776.9 -0.00204231
-0.010101 -18919.1 7.93822
-0.020202 -18912.6 15.8952
-0.030303 -18903.6 24.5853
-0.040404 -18894.7 33.2818
-0.0505051 -18884.5 42.134
-0.0606061 -18874.4 50.9921
-0.0707071 -18863.9 59.9432
-0.0808081 -18853.5 68.8984
-0.0909091 -18843.4 77.9004
-0.10101 -18833.4 86.9047
-0.111111 -18824.1 95.9295
-0.121212 -18814.9 104.955
-0.131313 -18806.7 113.987
-0.141414 -18798.6 123.019
-0.151515 -18791.6 132.048
-0.161616 -18784.7 141.076
-0.171717 -18778.9 150.094
-0.181818 -18773.3 159.108
-0.191919 -18768.7 168.106
-0.20202 -18764.3 177.099
-0.212121 -18760.8 186.069
-0.222222 -18757.5 195.032
-0.232323 -18755 203.968
-0.242424 -18752.7 212.894
-0.252525 -18751 221.79
-0.262626 -18749.5 230.674
-0.272727 -18748.6 239.525
-0.282828 -18747.8 248.363
-0.292929 -18747.5 257.167
-0.30303 -18747.3 265.956
-0.313131 -18747.4 274.71
-0.323232 -18747.7 283.447
-0.333333 -18748.2 292.15
-0.343434 -18748.8 300.834
-0.353535 -18749.5 309.484
-0.363636 -18750.4 318.115
-0.373737 -18751.3 326.71
-0.383838 -18752.4 335.285
-0.393939 -18753.5 343.826
-0.40404 -18754.6 352.344
-0.414141 -18755.8 360.828
-0.424242 -18757 369.287
-0.434343 -18758.2 377.713
-0.444444 -18759.5 386.111
-0.454545 -18760.7 394.476
-0.464646 -18762 402.811
-0.474747 -18763.2 411.112
-0.484848 -18764.5 419.381
-0.494949 -18765.7 427.616
-0.505051 -18766.9 435.816
-0.515152 -18768.2 443.982
-0.525253 -18769.4 452.109
-0.535354 -18770.6 460.202
-0.545455 -18771.8 468.253
-0.555556 -18773 476.268
-0.565657 -18774.2 484.239
-0.575758 -18775.4 492.173
-0.585859 -18776.6 500.058
-0.59596 -18777.8 507.908
-0.606061 -18779 515.703
-0.616162 -18780.2 523.462
-0.626263 -18781.4 531.162
-0.636364 -18782.6 538.826
-0.646465 -18783.8 546.425
-0.656566 -18785 553.988
-0.666667 -18786.2 561.481
-0.676768 -18787.4 568.938
-0.686869 -18788.7 576.318
-0.69697 -18789.9 583.662
-0.707071 -18791.1 590.924
-0.717172 -18792.4 598.149
-0.727273 -18793.6 605.284
-0.737374 -18794.9 612.384
-0.747475 -18796.1 619.386
-0.757576 -18797.4 626.354
-0.767677 -18798.6 633.216
-0.777778 -18799.8 640.045
-0.787879 -18801 646.759
-0.79798 -18802.2 653.441
-0.808081 -18803.4 660.001
-0.818182 -18804.5 666.529
-0.828283 -18805.6 672.927
-0.838384 -18806.7 679.295
-0.848485 -18807.7 685.524
-0.858586 -18808.7 691.726
-0.868687 -18809.5 697.78
-0.878788 -18810.4 703.809
-0.888889 -18811.2 709.682
-0.89899 -18811.9 715.535
-0.909091 -18812.5 721.224
-0.919192 -18813.1 726.895
-0.929293 -18813.6 732.398
-0.939394 -18814 737.886
-0.949495 -18814.3 743.205
-0.959596 -18814.6 748.514
-0.969697 -18814.7 753.661
-0.979798 -18814.9 758.801
-0.989899 -18814.9 763.825
-1 -18815 768.846
