0 17455.1 0.00205854
-0.010101 16418 -9.48295
-0.020202 16415.6 -18.9867
-0.030303 16410 -29.3208
-0.040404 16404.3 -39.6623
-0.0505051 16396.7 -50.1827
-0.0606061 16389 -60.711
-0.0707071 16380.4 -71.3609
-0.0808081 16371.9 -82.017
-0.0909091 16363.1 -92.7441
-0.10101 16354.3 -103.476
-0.111111 16345.9 -114.246
-0.121212 16337.5 -125.019
-0.131313 16329.7 -135.812
-0.141414 16322.1 -146.606
-0.151515 16315.2 -157.407
-0.161616 16308.5 -168.209
-0.171717 16302.7 -179.007
-0.181818 16297 -189.804
-0.191919 16292.2 -200.589
-0.20202 16287.6 -211.369
-0.212121 16283.8 -222.13
-0.222222 16280.2 -232.885
-0.232323 16277.4 -243.613
-0.242424 16274.7 -254.332
-0.252525 16272.7 -265.02
-0.262626 16270.8 -275.696
-0.272727 16269.5 -286.337
-0.282828 16268.4 -296.963
-0.292929 16267.7 -307.553
-0.30303 16267.1 -318.126
-0.313131 16266.9 -328.659
-0.323232 16266.8 -339.174
-0.333333 16267 -349.65
-0.343434 16267.3 -360.104
-0.353535 16267.8 -370.518
-0.363636 16268.3 -380.909
-0.373737 16269.1 -391.259
-0.383838 16269.8 -401.585
-0.393939 16270.7 -411.869
-0.40404 16271.6 -422.126
-0.414141 16272.6 -432.342
-0.424242 16273.6 -442.528
-0.434343 16274.7 -452.673
-0.444444 16275.7 -462.785
-0.454545 16276.8 -472.856
-0.464646 16277.9 -482.891
-0.474747 16279.1 -492.884
-0.484848 16280.2 -502.838
-0.494949 16281.3 -512.75
-0.505051 16282.4 -522.619
-0.515152 16283.5 -532.446
-0.525253 16284.6 -542.227
-0.535354 16285.7 -551.964
-0.545455 16286.8 -561.65
-0.555556 16287.9 -571.294
-0.565657 16288.9 -580.881
-0.575758 16290 -590.425
-0.585859 16291.1 -599.909
-0.59596 16292.1 -609.348
-0.606061 16293.2 -618.721
-0.616162 16294.3 -628.051
-0.626263 16295.3 -637.308
-0.636364 16296.4 -646.521
-0.646465 16297.5 -655.656
-0.656566 16298.5 -664.746
-0.666667 16299.6 -673.752
-0.676768 16300.7 -682.713
-0.686869 16301.7 -691.582
-0.69697 16302.8 -700.407
-0.707071 16303.9 -709.132
-0.717172 16304.9 -717.814
-0.727273 16306 -726.388
-0.737374 16307.1 -734.919
-0.747475 16308.1 -743.332
-0.757576 16309.1 -751.705
-0.767677 16310.2 -759.951
-0.777778 16311.2 -768.157
-0.787879 16312.2 -776.228
-0.79798 16313.1 -784.26
-0.808081 16314.1 -792.147
-0.818182 16315 -799.997
-0.828283 16315.8 -807.692
-0.838384 16316.7 -815.354
-0.848485 16317.4 -822.85
-0.858586 16318.2 -830.316
-0.868687 16318.8 -837.607
-0.878788 16319.5 -844.87
-0.888889 16320 -851.951
-0.89899 16320.5 -859.006
-0.909091 16320.9 -865.872
-0.919192 16321.3 -872.716
-0.929293 16321.5 -879.366
-0.939394 16321.8 -885.998
-0.949495 16321.9 -892.434
-0.959596 16322.1 -898.858
-0.969697 16322.1 -905.097
-0.979798 16322.1 -911.327
-0.989899 16322.1 -917.413
-1 16322.1 -923.496
