0 2574.37 0.000298311
-0.010101 4024.69 12.8318
-0.020202 4005.19 25.6814
-0.030303 3991.55 39.4425
-0.040404 3978.1 53.2116
-0.0505051 3969.35 67.1719
-0.0606061 3960.82 81.1443
-0.0707071 3955.94 95.3077
-0.0808081 3951.3 109.484
-0.0909091 3949.39 123.803
-0.10101 3947.69 138.134
-0.111111 3947.96 152.564
-0.121212 3948.4 167.003
-0.131313 3950.19 181.51
-0.141414 3952.1 196.023
-0.151515 3954.86 210.581
-0.161616 3957.7 225.144
-0.171717 3961 239.735
-0.181818 3964.33 254.329
-0.191919 3967.85 268.937
-0.20202 3971.36 283.545
-0.212121 3974.85 298.154
-0.222222 3978.29 312.761
-0.232323 3981.59 327.358
-0.242424 3984.81 341.949
-0.252525 3987.8 356.521
-0.262626 3990.7 371.083
-0.272727 3993.34 385.618
-0.282828 3995.86 400.139
-0.292929 3998.11 414.625
-0.30303 4000.25 429.094
-0.313131 4002.12 443.522
-0.323232 4003.88 457.93
-0.333333 4005.39 472.292
-0.343434 4006.8 486.629
-0.353535 4007.98 500.917
-0.363636 4009.07 515.176
-0.373737 4009.98 529.384
-0.383838 4010.79 543.559
-0.393939 4011.46 557.68
-0.40404 4012.04 571.764
-0.414141 4012.51 585.793
-0.424242 4012.91 599.781
-0.434343 4013.22 613.711
-0.444444 4013.48 627.596
-0.454545 4013.67 641.423
-0.464646 4013.82 655.199
-0.474747 4013.92 668.916
-0.484848 4013.99 682.578
-0.494949 4014.03 696.181
-0.505051 4014.05 709.722
-0.515152 4014.05 723.203
-0.525253 4014.04 736.618
-0.535354 4014.02 749.971
-0.545455 4014 763.252
-0.555556 4013.98 776.472
-0.565657 4013.96 789.613
-0.575758 4013.95 802.692
-0.585859 4013.94 815.685
-0.59596 4013.95 828.617
-0.606061 4013.97 841.455
-0.616162 4014 854.231
-0.626263 4014.05 866.907
-0.636364 4014.11 879.52
-0.646465 4014.2 892.025
-0.656566 4014.31 904.468
-0.666667 4014.44 916.793
-0.676768 4014.59 929.058
-0.686869 4014.78 941.195
-0.69697 4014.98 953.273
-0.707071 4015.22 965.214
-0.717172 4015.48 977.097
-0.727273 4015.79 988.833
-0.737374 4016.12 1000.51
-0.747475 4016.49 1012.03
-0.757576 4016.89 1023.5
-0.767677 4017.34 1034.8
-0.777778 4017.81 1046.05
-0.787879 4018.34 1057.12
-0.79798 4018.89 1068.14
-0.808081 4019.5 1078.97
-0.818182 4020.12 1089.75
-0.828283 4020.82 1100.33
-0.838384 4021.52 1110.88
-0.848485 4022.28 1121.21
-0.858586 4023.06 1131.5
-0.868687 4023.88 1141.58
-0.878788 4024.71 1151.61
-0.888889 4025.57 1161.43
-0.89899 4026.44 1171.21
-0.909091 4027.3 1180.75
-0.919192 4028.16 1190.27
-0.929293 4028.98 1199.55
-0.939394 4029.79 1208.81
-0.949495 4030.5 1217.83
-0.959596 4031.2 1226.83
-0.969697 4031.71 1235.62
-0.979798 4032.22 1244.4
-0.989899 4032.41 1252.95
-1 4032.61 1261.5
