0 -22918.7 -0.00215038
-0.010101 -23212.2 -2.22702
-0.020202 -23189.3 -4.44949
-0.030303 -23168.7 -6.65311
-0.040404 -23148.1 -8.8565
-0.0505051 -23130.3 -11.0544
-0.0606061 -23112.5 -13.2562
-0.0707071 -23097.5 -15.5181
-0.0808081 -23082.8 -17.7862
-0.0909091 -23070.6 -20.1241
-0.10101 -23058.6 -22.4688
-0.111111 -23049.1 -24.8742
-0.121212 -23039.8 -27.2864
-0.131313 -23032.6 -29.7475
-0.141414 -23025.7 -32.2151
-0.151515 -23020.5 -34.7222
-0.161616 -23015.7 -37.2357
-0.171717 -23012.3 -39.7824
-0.181818 -23009.2 -42.3354
-0.191919 -23007.2 -44.9171
-0.20202 -23005.5 -47.5049
-0.212121 -23004.6 -50.1175
-0.222222 -23004 -52.736
-0.232323 -23004.1 -55.3751
-0.242424 -23004.3 -58.0194
-0.252525 -23005 -60.6802
-0.262626 -23005.9 -63.3451
-0.272727 -23007.1 -66.0219
-0.282828 -23008.3 -68.7017
-0.292929 -23009.8 -71.3889
-0.30303 -23011.4 -74.0776
-0.313131 -23013.1 -76.7696
-0.323232 -23014.8 -79.4615
-0.333333 -23016.5 -82.153
-0.343434 -23018.3 -84.8426
-0.353535 -23020.1 -87.5288
-0.363636 -23021.9 -90.2114
-0.373737 -23023.7 -92.8879
-0.383838 -23025.4 -95.5593
-0.393939 -23027.1 -98.2225
-0.40404 -23028.8 -100.879
-0.414141 -23030.4 -103.526
-0.424242 -23032 -106.164
-0.434343 -23033.6 -108.791
-0.444444 -23035.1 -111.409
-0.454545 -23036.5 -114.015
-0.464646 -23038 -116.61
-0.474747 -23039.4 -119.192
-0.484848 -23040.8 -121.762
-0.494949 -23042.1 -124.319
-0.505051 -23043.4 -126.862
-0.515152 -23044.7 -129.392
-0.525253 -23046 -131.907
-0.535354 -23047.2 -134.408
-0.545455 -23048.5 -136.894
-0.555556 -23049.7 -139.366
-0.565657 -23051 -141.82
-0.575758 -23052.2 -144.261
-0.585859 -23053.5 -146.684
-0.59596 -23054.7 -149.092
-0.606061 -23056 -151.482
-0.616162 -23057.3 -153.858
-0.626263 -23058.6 -156.213
-0.636364 -23059.9 -158.555
-0.646465 -23061.2 -160.875
-0.656566 -23062.6 -163.182
-0.666667 -23064 -165.466
-0.676768 -23065.4 -167.738
-0.686869 -23066.9 -169.986
-0.69697 -23068.3 -172.222
-0.707071 -23069.8 -174.434
-0.717172 -23071.3 -176.634
-0.727273 -23072.9 -178.808
-0.737374 -23074.5 -180.973
-0.747475 -23076.1 -183.111
-0.757576 -23077.7 -185.24
-0.767677 -23079.4 -187.342
-0.777778 -23081.1 -189.436
-0.787879 -23082.8 -191.503
-0.79798 -23084.5 -193.563
-0.808081 -23086.2 -195.597
-0.818182 -23087.9 -197.624
-0.828283 -23089.6 -199.626
-0.838384 -23091.3 -201.622
-0.848485 -23093 -203.593
-0.858586 -23094.7 -205.56
-0.868687 -23096.3 -207.502
-0.878788 -23097.9 -209.44
-0.888889 -23099.4 -211.356
-0.89899 -23100.9 -213.268
-0.909091 -23102.3 -215.158
-0.919192 -23103.6 -217.045
-0.929293 -23104.8 -218.912
-0.939394 -23105.9 -220.776
-0.949495 -23106.8 -222.623
-0.959596 -23107.7 -224.468
-0.969697 -23108.2 -226.302
-0.979798 -23108.8 -228.137
-0.989899 -23109 -229.91
-1 -23109.2 -231.682
