0 -19163 -0.00198022
-0.010101 -18251.5 8.40439
-0.020202 -18246.2 16.8281
-0.030303 -18238.2 26.0138
-0.040404 -18230.1 35.2063
-0.0505051 -18220.6 44.5607
-0.0606061 -18211.2 53.9214
-0.0707071 -18201.2 63.3828
-0.0808081 -18191.3 72.8488
-0.0909091 -18181.6 82.368
-0.10101 -18171.9 91.8899
-0.111111 -18162.8 101.437
-0.121212 -18153.8 110.986
-0.131313 -18145.7 120.544
-0.141414 -18137.7 130.102
-0.151515 -18130.7 139.661
-0.161616 -18123.9 149.218
-0.171717 -18118 158.767
-0.181818 -18112.4 168.312
-0.191919 -18107.7 177.843
-0.20202 -18103.3 187.368
-0.212121 -18099.7 196.872
-0.222222 -18096.3 206.368
-0.232323 -18093.6 215.838
-0.242424 -18091.2 225.298
-0.252525 -18089.4 234.727
-0.262626 -18087.9 244.144
-0.272727 -18086.8 253.528
-0.282828 -18085.9 262.898
-0.292929 -18085.5 272.233
-0.30303 -18085.2 281.553
-0.313131 -18085.2 290.836
-0.323232 -18085.4 300.103
-0.333333 -18085.8 309.333
-0.343434 -18086.3 318.544
-0.353535 -18087 327.719
-0.363636 -18087.7 336.873
-0.373737 -18088.6 345.991
-0.383838 -18089.6 355.087
-0.393939 -18090.6 364.147
-0.40404 -18091.7 373.183
-0.414141 -18092.8 382.183
-0.424242 -18094 391.156
-0.434343 -18095.2 400.093
-0.444444 -18096.4 409.002
-0.454545 -18097.6 417.875
-0.464646 -18098.8 426.717
-0.474747 -18100 435.522
-0.484848 -18101.2 444.293
-0.494949 -18102.4 453.028
-0.505051 -18103.7 461.725
-0.515152 -18104.9 470.386
-0.525253 -18106 479.006
-0.535354 -18107.2 487.589
-0.545455 -18108.4 496.128
-0.555556 -18109.6 504.629
-0.565657 -18110.8 513.082
-0.575758 -18111.9 521.497
-0.585859 -18113.1 529.859
-0.59596 -18114.3 538.183
-0.606061 -18115.4 546.45
-0.616162 -18116.6 554.678
-0.626263 -18117.7 562.843
-0.636364 -18118.9 570.969
-0.646465 -18120.1 579.027
-0.656566 -18121.3 587.047
-0.666667 -18122.4 594.992
-0.676768 -18123.6 602.899
-0.686869 -18124.8 610.724
-0.69697 -18126 618.511
-0.707071 -18127.2 626.21
-0.717172 -18128.4 633.871
-0.727273 -18129.6 641.437
-0.737374 -18130.8 648.965
-0.747475 -18132 656.39
-0.757576 -18133.2 663.779
-0.767677 -18134.4 671.055
-0.777778 -18135.5 678.297
-0.787879 -18136.7 685.417
-0.79798 -18137.8 692.504
-0.808081 -18138.9 699.461
-0.818182 -18140 706.386
-0.828283 -18141 713.173
-0.838384 -18142 719.929
-0.848485 -18143 726.538
-0.858586 -18143.9 733.119
-0.868687 -18144.7 739.544
-0.878788 -18145.5 745.944
-0.888889 -18146.2 752.179
-0.89899 -18146.9 758.392
-0.909091 -18147.5 764.434
-0.919192 -18148 770.458
-0.929293 -18148.4 776.304
-0.939394 -18148.8 782.136
-0.949495 -18149 787.79
-0.959596 -18149.3 793.433
-0.969697 -18149.4 798.908
-0.979798 -18149.5 804.375
-0.989899 -18149.5 809.717
-1 -18149.5 815.056
