0 -19929.7 -0.00170397
-0.010101 -20662 -6.17014
-0.020202 -20636.4 -12.3429
-0.030303 -20614.6 -18.807
-0.040404 -20593 -25.2736
-0.0505051 -20575.2 -31.8003
-0.0606061 -20557.6 -38.3343
-0.0707071 -20543.5 -44.9829
-0.0808081 -20529.6 -51.6408
-0.0909091 -20518.8 -58.4054
-0.10101 -20508.3 -65.1794
-0.111111 -20500.5 -72.0375
-0.121212 -20492.9 -78.9043
-0.131313 -20487.5 -85.8346
-0.141414 -20482.4 -92.7726
-0.151515 -20479.1 -99.7587
-0.161616 -20476 -106.752
-0.171717 -20474.3 -113.782
-0.181818 -20472.8 -120.819
-0.191919 -20472.3 -127.884
-0.20202 -20472.1 -134.954
-0.212121 -20472.6 -142.045
-0.222222 -20473.2 -149.141
-0.232323 -20474.4 -156.25
-0.242424 -20475.6 -163.362
-0.252525 -20477.3 -170.481
-0.262626 -20478.9 -177.601
-0.272727 -20480.8 -184.72
-0.282828 -20482.7 -191.838
-0.292929 -20484.7 -198.951
-0.30303 -20486.7 -206.058
-0.313131 -20488.7 -213.155
-0.323232 -20490.8 -220.245
-0.333333 -20492.7 -227.319
-0.343434 -20494.7 -234.383
-0.353535 -20496.6 -241.428
-0.363636 -20498.4 -248.46
-0.373737 -20500.2 -255.47
-0.383838 -20501.9 -262.464
-0.393939 -20503.6 -269.433
-0.40404 -20505.2 -276.385
-0.414141 -20506.7 -283.309
-0.424242 -20508.1 -290.213
-0.434343 -20509.5 -297.089
-0.444444 -20510.9 -303.941
-0.454545 -20512.2 -310.764
-0.464646 -20513.4 -317.56
-0.474747 -20514.6 -324.326
-0.484848 -20515.8 -331.063
-0.494949 -20516.9 -337.769
-0.505051 -20518 -344.444
-0.515152 -20519.1 -351.087
-0.525253 -20520.1 -357.695
-0.535354 -20521.2 -364.271
-0.545455 -20522.2 -370.81
-0.555556 -20523.2 -377.317
-0.565657 -20524.3 -383.782
-0.575758 -20525.3 -390.216
-0.585859 -20526.3 -396.605
-0.59596 -20527.4 -402.963
-0.606061 -20528.5 -409.272
-0.616162 -20529.5 -415.55
-0.626263 -20530.6 -421.776
-0.636364 -20531.7 -427.971
-0.646465 -20532.9 -434.11
-0.656566 -20534.1 -440.219
-0.666667 -20535.3 -446.268
-0.676768 -20536.5 -452.287
-0.686869 -20537.7 -458.243
-0.69697 -20539 -464.17
-0.707071 -20540.4 -470.029
-0.717172 -20541.7 -475.86
-0.727273 -20543.1 -481.619
-0.737374 -20544.5 -487.352
-0.747475 -20546 -493.009
-0.757576 -20547.5 -498.641
-0.767677 -20549 -504.194
-0.777778 -20550.6 -509.722
-0.787879 -20552.2 -515.168
-0.79798 -20553.8 -520.592
-0.808081 -20555.4 -525.93
-0.818182 -20557.1 -531.247
-0.828283 -20558.7 -536.476
-0.838384 -20560.4 -541.685
-0.848485 -20562 -546.804
-0.858586 -20563.7 -551.905
-0.868687 -20565.3 -556.912
-0.878788 -20566.9 -561.905
-0.888889 -20568.5 -566.801
-0.89899 -20570 -571.685
-0.909091 -20571.4 -576.471
-0.919192 -20572.8 -581.246
-0.929293 -20574.1 -585.923
-0.939394 -20575.3 -590.592
-0.949495 -20576.3 -595.165
-0.959596 -20577.2 -599.732
-0.969697 -20577.9 -604.217
-0.979798 -20578.5 -608.698
-0.989899 -20578.7 -613.054
-1 -20579 -617.407
