0 3369.98 0.000485432
-0.010101 1909.34 -13.0175
-0.020202 1923.91 -26.0556
-0.030303 1932.9 -40.0665
-0.040404 1941.7 -54.086
-0.0505051 1946.24 -68.3108
-0.0606061 1950.57 -82.5475
-0.0707071 1951.75 -96.9717
-0.0808081 1952.75 -111.408
-0.0909091 1951.54 -125.978
-0.10101 1950.16 -140.559
-0.111111 1947.34 -155.23
-0.121212 1944.39 -169.908
-0.131313 1940.59 -184.646
-0.141414 1936.72 -199.389
-0.151515 1932.43 -214.17
-0.161616 1928.13 -228.955
-0.171717 1923.73 -243.761
-0.181818 1919.35 -258.568
-0.191919 1915.1 -273.383
-0.20202 1910.92 -288.196
-0.212121 1907.01 -303.005
-0.222222 1903.19 -317.81
-0.232323 1899.71 -332.6
-0.242424 1896.35 -347.382
-0.252525 1893.37 -362.139
-0.262626 1890.52 -376.885
-0.272727 1888.04 -391.598
-0.282828 1885.7 -406.297
-0.292929 1883.71 -420.957
-0.30303 1881.86 -435.598
-0.313131 1880.32 -450.195
-0.323232 1878.92 -464.77
-0.333333 1877.79 -479.298
-0.343434 1876.77 -493.799
-0.353535 1875.99 -508.25
-0.363636 1875.31 -522.67
-0.373737 1874.82 -537.038
-0.383838 1874.42 -551.373
-0.393939 1874.17 -565.652
-0.40404 1874 -579.894
-0.414141 1873.94 -594.08
-0.424242 1873.94 -608.225
-0.434343 1874.02 -622.312
-0.444444 1874.15 -636.352
-0.454545 1874.34 -650.335
-0.464646 1874.57 -664.267
-0.474747 1874.84 -678.14
-0.484848 1875.13 -691.957
-0.494949 1875.44 -705.714
-0.505051 1875.77 -719.41
-0.515152 1876.12 -733.046
-0.525253 1876.47 -746.615
-0.535354 1876.83 -760.123
-0.545455 1877.18 -773.559
-0.555556 1877.54 -786.933
-0.565657 1877.89 -800.227
-0.575758 1878.24 -813.46
-0.585859 1878.57 -826.607
-0.59596 1878.91 -839.691
-0.606061 1879.22 -852.682
-0.616162 1879.53 -865.611
-0.626263 1879.82 -878.438
-0.636364 1880.11 -891.204
-0.646465 1880.37 -903.859
-0.656566 1880.62 -916.452
-0.666667 1880.85 -928.927
-0.676768 1881.06 -941.34
-0.686869 1881.25 -953.625
-0.69697 1881.43 -965.85
-0.707071 1881.57 -977.936
-0.717172 1881.7 -989.963
-0.727273 1881.79 -1001.84
-0.737374 1881.86 -1013.66
-0.747475 1881.9 -1025.32
-0.757576 1881.91 -1036.93
-0.767677 1881.87 -1048.36
-0.777778 1881.82 -1059.75
-0.787879 1881.71 -1070.95
-0.79798 1881.58 -1082.09
-0.808081 1881.39 -1093.05
-0.818182 1881.19 -1103.96
-0.828283 1880.91 -1114.66
-0.838384 1880.62 -1125.32
-0.848485 1880.25 -1135.76
-0.858586 1879.88 -1146.17
-0.868687 1879.43 -1156.34
-0.878788 1878.98 -1166.48
-0.888889 1878.47 -1176.39
-0.89899 1877.95 -1186.27
-0.909091 1877.4 -1195.9
-0.919192 1876.84 -1205.5
-0.929293 1876.28 -1214.85
-0.939394 1875.72 -1224.19
-0.949495 1875.2 -1233.27
-0.959596 1874.69 -1242.34
-0.969697 1874.3 -1251.19
-0.979798 1873.92 -1260.02
-0.989899 1873.76 -1268.63
-1 1873.61 -1277.23
