0 -16318.7 -0.00192665
-0.010101 -15212.7 10.0833
-0.020202 -15212 20.1879
-0.030303 -15207.9 31.1543
-0.040404 -15203.6 42.1283
-0.0505051 -15197.1 53.2851
-0.0606061 -15190.6 64.4501
-0.0707071 -15182.9 75.7439
-0.0808081 -15175.1 87.0444
-0.0909091 -15166.9 98.4221
-0.10101 -15158.8 109.805
-0.111111 -15150.7 121.23
-0.121212 -15142.7 132.659
-0.131313 -15135.2 144.111
-0.141414 -15127.8 155.564
-0.151515 -15121.1 167.026
-0.161616 -15114.5 178.489
-0.171717 -15108.6 189.95
-0.181818 -15103 201.409
-0.191919 -15098.1 212.858
-0.20202 -15093.4 224.303
-0.212121 -15089.5 235.729
-0.222222 -15085.8 247.147
-0.232323 -15082.8 258.541
-0.242424 -15080 269.924
-0.252525 -15077.8 281.277
-0.262626 -15075.8 292.617
-0.272727 -15074.4 303.921
-0.282828 -15073.1 315.212
-0.292929 -15072.2 326.463
-0.30303 -15071.5 337.698
-0.313131 -15071.1 348.892
-0.323232 -15070.9 360.067
-0.333333 -15070.9 371.201
-0.343434 -15071.1 382.313
-0.353535 -15071.4 393.382
-0.363636 -15071.9 404.428
-0.373737 -15072.5 415.43
-0.383838 -15073.2 426.407
-0.393939 -15073.9 437.34
-0.40404 -15074.8 448.244
-0.414141 -15075.7 459.105
-0.424242 -15076.6 469.935
-0.434343 -15077.6 480.72
-0.444444 -15078.6 491.471
-0.454545 -15079.6 502.178
-0.464646 -15080.6 512.847
-0.474747 -15081.7 523.472
-0.484848 -15082.7 534.055
-0.494949 -15083.8 544.594
-0.505051 -15084.8 555.087
-0.515152 -15085.9 565.535
-0.525253 -15087 575.933
-0.535354 -15088 586.286
-0.545455 -15089 596.585
-0.555556 -15090.1 606.837
-0.565657 -15091.1 617.031
-0.575758 -15092.2 627.178
-0.585859 -15093.2 637.261
-0.59596 -15094.2 647.298
-0.606061 -15095.2 657.264
-0.616162 -15096.2 667.183
-0.626263 -15097.3 677.026
-0.636364 -15098.3 686.822
-0.646465 -15099.3 696.535
-0.656566 -15100.3 706.201
-0.666667 -15101.3 715.777
-0.676768 -15102.3 725.306
-0.686869 -15103.3 734.737
-0.69697 -15104.3 744.122
-0.707071 -15105.3 753.401
-0.717172 -15106.3 762.634
-0.727273 -15107.3 771.753
-0.737374 -15108.3 780.826
-0.747475 -15109.3 789.776
-0.757576 -15110.2 798.682
-0.767677 -15111.2 807.455
-0.777778 -15112.1 816.185
-0.787879 -15113 824.772
-0.79798 -15113.9 833.319
-0.808081 -15114.7 841.712
-0.818182 -15115.5 850.067
-0.828283 -15116.3 858.259
-0.838384 -15117 866.415
-0.848485 -15117.7 874.397
-0.858586 -15118.4 882.347
-0.868687 -15118.9 890.113
-0.878788 -15119.5 897.85
-0.888889 -15119.9 905.394
-0.89899 -15120.3 912.913
-0.909091 -15120.6 920.232
-0.919192 -15120.9 927.528
-0.929293 -15121.1 934.619
-0.939394 -15121.3 941.693
-0.949495 -15121.3 948.56
-0.959596 -15121.4 955.415
-0.969697 -15121.4 962.075
-0.979798 -15121.4 968.727
-0.989899 -15121.4 975.222
-1 -15121.3 981.714
