0 22780.6 0.00143786
-0.010101 23107 2.5197
-0.020202 23083.8 5.03669
-0.030303 23063 7.55762
-0.040404 23042.3 10.0785
-0.0505051 23024.4 12.5988
-0.0606061 23006.6 15.1232
-0.0707071 22991.6 17.712
-0.0808081 22976.9 20.3071
-0.0909091 22964.7 22.9749
-0.10101 22952.9 25.6497
-0.111111 22943.4 28.3871
-0.121212 22934.2 31.1314
-0.131313 22927.1 33.9257
-0.141414 22920.3 36.7266
-0.151515 22915.3 39.5677
-0.161616 22910.5 42.4152
-0.171717 22907.3 45.2962
-0.181818 22904.2 48.1835
-0.191919 22902.4 51.0995
-0.20202 22900.7 54.0217
-0.212121 22900 56.9683
-0.222222 22899.5 59.9206
-0.232323 22899.6 62.8931
-0.242424 22899.9 65.8706
-0.252525 22900.7 68.8639
-0.262626 22901.6 71.861
-0.272727 22902.9 74.8692
-0.282828 22904.2 77.8799
-0.292929 22905.7 80.8972
-0.30303 22907.3 83.9154
-0.313131 22909 86.9359
-0.323232 22910.8 89.9556
-0.333333 22912.6 92.9739
-0.343434 22914.4 95.9897
-0.353535 22916.2 99.0008
-0.363636 22918 102.008
-0.373737 22919.7 105.007
-0.383838 22921.5 108.001
-0.393939 22923.2 110.985
-0.40404 22924.9 113.961
-0.414141 22926.5 116.927
-0.424242 22928.1 119.883
-0.434343 22929.6 122.827
-0.444444 22931.1 125.76
-0.454545 22932.6 128.68
-0.464646 22934 131.588
-0.474747 22935.4 134.481
-0.484848 22936.8 137.362
-0.494949 22938.1 140.227
-0.505051 22939.4 143.078
-0.515152 22940.7 145.914
-0.525253 22942 148.734
-0.535354 22943.2 151.538
-0.545455 22944.4 154.326
-0.555556 22945.7 157.097
-0.565657 22946.9 159.85
-0.575758 22948.2 162.588
-0.585859 22949.4 165.306
-0.59596 22950.6 168.008
-0.606061 22951.9 170.689
-0.616162 22953.2 173.355
-0.626263 22954.5 175.998
-0.636364 22955.8 178.627
-0.646465 22957.1 181.23
-0.656566 22958.4 183.82
-0.666667 22959.8 186.384
-0.676768 22961.2 188.935
-0.686869 22962.7 191.458
-0.69697 22964.1 193.969
-0.707071 22965.6 196.451
-0.717172 22967.1 198.921
-0.727273 22968.7 201.362
-0.737374 22970.3 203.791
-0.747475 22971.9 206.19
-0.757576 22973.5 208.579
-0.767677 22975.2 210.938
-0.777778 22976.8 213.287
-0.787879 22978.5 215.605
-0.79798 22980.2 217.915
-0.808081 22981.9 220.194
-0.818182 22983.7 222.465
-0.828283 22985.4 224.707
-0.838384 22987.1 226.941
-0.848485 22988.8 229.146
-0.858586 22990.5 231.345
-0.868687 22992.1 233.515
-0.878788 22993.7 235.68
-0.888889 22995.2 237.817
-0.89899 22996.7 239.95
-0.909091 22998.1 242.055
-0.919192 22999.4 244.157
-0.929293 23000.6 246.232
-0.939394 23001.7 248.305
-0.949495 23002.6 250.353
-0.959596 23003.5 252.401
-0.969697 23004.1 254.432
-0.979798 23004.7 256.462
-0.989899 23004.9 258.428
-1 23005.1 260.392
