0 -23158.8 -0.00248426
-0.010101 -23386 -1.63607
-0.020202 -23363.7 -3.26603
-0.030303 -23343.4 -4.8321
-0.040404 -23323.2 -6.39754
-0.0505051 -23305.5 -7.94799
-0.0606061 -23287.9 -9.50174
-0.0707071 -23272.9 -11.1072
-0.0808081 -23258.1 -12.7183
-0.0909091 -23245.8 -14.3932
-0.10101 -23233.8 -16.0746
-0.111111 -23224 -17.8128
-0.121212 -23214.6 -19.5573
-0.131313 -23207.2 -21.3483
-0.141414 -23200.1 -23.1455
-0.151515 -23194.7 -24.9807
-0.161616 -23189.6 -26.8221
-0.171717 -23186 -28.6959
-0.181818 -23182.7 -30.5759
-0.191919 -23180.5 -32.4844
-0.20202 -23178.6 -34.3991
-0.212121 -23177.6 -36.3389
-0.222222 -23176.8 -38.2848
-0.232323 -23176.7 -40.2522
-0.242424 -23176.7 -42.2252
-0.252525 -23177.3 -44.2158
-0.262626 -23178 -46.2111
-0.272727 -23179.1 -48.2198
-0.282828 -23180.3 -50.2322
-0.292929 -23181.7 -52.2539
-0.30303 -23183.2 -54.2779
-0.313131 -23184.8 -56.3073
-0.323232 -23186.4 -58.3376
-0.333333 -23188.2 -60.3697
-0.343434 -23189.9 -62.4011
-0.353535 -23191.7 -64.4314
-0.363636 -23193.4 -66.4595
-0.373737 -23195.2 -68.4839
-0.383838 -23196.9 -70.5048
-0.393939 -23198.6 -72.5199
-0.40404 -23200.3 -74.5301
-0.414141 -23201.9 -76.5329
-0.424242 -23203.5 -78.5296
-0.434343 -23205.1 -80.5176
-0.444444 -23206.6 -82.4983
-0.454545 -23208.1 -84.4695
-0.464646 -23209.5 -86.4321
-0.474747 -23210.9 -88.3847
-0.484848 -23212.3 -90.3276
-0.494949 -23213.7 -92.26
-0.505051 -23215 -94.1817
-0.515152 -23216.3 -96.0926
-0.525253 -23217.6 -97.9918
-0.535354 -23218.9 -99.8802
-0.545455 -23220.2 -101.756
-0.555556 -23221.5 -103.621
-0.565657 -23222.7 -105.472
-0.575758 -23224 -107.312
-0.585859 -23225.3 -109.138
-0.59596 -23226.6 -110.953
-0.606061 -23227.8 -112.752
-0.616162 -23229.1 -114.541
-0.626263 -23230.5 -116.314
-0.636364 -23231.8 -118.077
-0.646465 -23233.2 -119.822
-0.656566 -23234.5 -121.558
-0.666667 -23235.9 -123.276
-0.676768 -23237.4 -124.984
-0.686869 -23238.8 -126.675
-0.69697 -23240.3 -128.356
-0.707071 -23241.8 -130.018
-0.717172 -23243.3 -131.673
-0.727273 -23244.9 -133.308
-0.737374 -23246.5 -134.936
-0.747475 -23248.1 -136.545
-0.757576 -23249.8 -138.147
-0.767677 -23251.4 -139.73
-0.777778 -23253.1 -141.307
-0.787879 -23254.8 -142.866
-0.79798 -23256.5 -144.42
-0.808081 -23258.2 -145.957
-0.818182 -23259.9 -147.489
-0.828283 -23261.6 -149.005
-0.838384 -23263.4 -150.517
-0.848485 -23265 -152.014
-0.858586 -23266.7 -153.509
-0.868687 -23268.3 -154.989
-0.878788 -23269.9 -156.468
-0.888889 -23271.4 -157.934
-0.89899 -23272.9 -159.398
-0.909091 -23274.2 -160.851
-0.919192 -23275.5 -162.303
-0.929293 -23276.6 -163.746
-0.939394 -23277.7 -165.187
-0.949495 -23278.6 -166.622
-0.959596 -23279.5 -168.056
-0.969697 -23280 -169.49
-0.979798 -23280.6 -170.924
-0.989899 -23280.8 -172.308
-1 -23281 -173.69
