0 -14684.5 -0.00173631
-0.010101 -13494.7 10.8019
-0.020202 -13496.5 21.6255
-0.030303 -13494.3 33.3496
-0.040404 -13491.9 45.0816
-0.0505051 -13487 57.0039
-0.0606061 -13482.1 68.9351
-0.0707071 -13475.5 81.007
-0.0808081 -13469 93.0865
-0.0909091 -13461.7 105.254
-0.10101 -13454.4 117.426
-0.111111 -13447 129.65
-0.121212 -13439.6 141.878
-0.131313 -13432.4 154.135
-0.141414 -13425.4 166.393
-0.151515 -13418.9 178.666
-0.161616 -13412.5 190.938
-0.171717 -13406.7 203.213
-0.181818 -13401.1 215.486
-0.191919 -13396.2 227.751
-0.20202 -13391.5 240.012
-0.212121 -13387.5 252.255
-0.222222 -13383.7 264.492
-0.232323 -13380.5 276.704
-0.242424 -13377.6 288.906
-0.252525 -13375.2 301.078
-0.262626 -13373 313.236
-0.272727 -13371.4 325.359
-0.282828 -13369.9 337.467
-0.292929 -13368.8 349.535
-0.30303 -13367.9 361.585
-0.313131 -13367.3 373.593
-0.323232 -13366.9 385.581
-0.333333 -13366.8 397.525
-0.343434 -13366.7 409.447
-0.353535 -13366.9 421.323
-0.363636 -13367.2 433.174
-0.373737 -13367.6 444.98
-0.383838 -13368.1 456.758
-0.393939 -13368.8 468.489
-0.40404 -13369.5 480.189
-0.414141 -13370.2 491.843
-0.424242 -13371 503.463
-0.434343 -13371.9 515.036
-0.444444 -13372.8 526.572
-0.454545 -13373.7 538.06
-0.464646 -13374.6 549.508
-0.474747 -13375.6 560.907
-0.484848 -13376.5 572.262
-0.494949 -13377.5 583.569
-0.505051 -13378.5 594.827
-0.515152 -13379.5 606.036
-0.525253 -13380.4 617.191
-0.535354 -13381.4 628.298
-0.545455 -13382.3 639.346
-0.555556 -13383.3 650.345
-0.565657 -13384.3 661.279
-0.575758 -13385.2 672.164
-0.585859 -13386.1 682.98
-0.59596 -13387.1 693.745
-0.606061 -13388 704.435
-0.616162 -13388.9 715.075
-0.626263 -13389.9 725.632
-0.636364 -13390.8 736.138
-0.646465 -13391.7 746.556
-0.656566 -13392.6 756.923
-0.666667 -13393.5 767.193
-0.676768 -13394.5 777.412
-0.686869 -13395.4 787.527
-0.69697 -13396.3 797.592
-0.707071 -13397.1 807.543
-0.717172 -13398 817.445
-0.727273 -13398.9 827.225
-0.737374 -13399.8 836.956
-0.747475 -13400.6 846.555
-0.757576 -13401.5 856.107
-0.767677 -13402.3 865.516
-0.777778 -13403.1 874.88
-0.787879 -13403.8 884.092
-0.79798 -13404.6 893.26
-0.808081 -13405.3 902.265
-0.818182 -13405.9 911.229
-0.828283 -13406.6 920.019
-0.838384 -13407.2 928.771
-0.848485 -13407.7 937.338
-0.858586 -13408.2 945.87
-0.868687 -13408.6 954.209
-0.878788 -13409 962.515
-0.888889 -13409.3 970.618
-0.89899 -13409.6 978.693
-0.909091 -13409.7 986.556
-0.919192 -13409.9 994.396
-0.929293 -13410 1002.02
-0.939394 -13410 1009.62
-0.949495 -13410 1017.01
-0.959596 -13410 1024.38
-0.969697 -13409.9 1031.55
-0.979798 -13409.8 1038.71
-0.989899 -13409.8 1045.69
-1 -13409.8 1052.68
