0 -7065.15 -0.000882645
-0.010101 -5646.26 12.7134
-0.020202 -5657.19 25.4482
-0.030303 -5662.88 39.1608
-0.040404 -5668.41 52.8819
-0.0505051 -5670.07 66.8075
-0.0606061 -5671.56 80.7444
-0.0707071 -5670.33 94.8576
-0.0808081 -5668.94 108.981
-0.0909091 -5665.76 123.227
-0.10101 -5662.45 137.482
-0.111111 -5658.07 151.816
-0.121212 -5653.61 166.156
-0.131313 -5648.63 180.546
-0.141414 -5643.63 194.941
-0.151515 -5638.49 209.366
-0.161616 -5633.38 223.794
-0.171717 -5628.41 238.236
-0.181818 -5623.5 252.679
-0.191919 -5618.92 267.124
-0.20202 -5614.43 281.566
-0.212121 -5610.37 296
-0.222222 -5606.42 310.428
-0.232323 -5602.94 324.837
-0.242424 -5599.6 339.237
-0.252525 -5596.72 353.61
-0.262626 -5593.98 367.971
-0.272727 -5591.69 382.297
-0.282828 -5589.54 396.608
-0.292929 -5587.78 410.878
-0.30303 -5586.17 425.13
-0.313131 -5584.89 439.337
-0.323232 -5583.75 453.522
-0.333333 -5582.9 467.659
-0.343434 -5582.17 481.771
-0.353535 -5581.67 495.832
-0.363636 -5581.27 509.864
-0.373737 -5581.06 523.845
-0.383838 -5580.94 537.792
-0.393939 -5580.97 551.686
-0.40404 -5581.06 565.543
-0.414141 -5581.26 579.346
-0.424242 -5581.52 593.109
-0.434343 -5581.86 606.815
-0.444444 -5582.24 620.478
-0.454545 -5582.67 634.084
-0.464646 -5583.13 647.641
-0.474747 -5583.63 661.141
-0.484848 -5584.14 674.587
-0.494949 -5584.68 687.975
-0.505051 -5585.23 701.304
-0.515152 -5585.79 714.575
-0.525253 -5586.35 727.782
-0.535354 -5586.92 740.93
-0.545455 -5587.48 754.008
-0.555556 -5588.04 767.026
-0.565657 -5588.6 779.968
-0.575758 -5589.16 792.849
-0.585859 -5589.71 805.648
-0.59596 -5590.25 818.387
-0.606061 -5590.78 831.035
-0.616162 -5591.3 843.622
-0.626263 -5591.81 856.112
-0.636364 -5592.31 868.542
-0.646465 -5592.8 880.865
-0.656566 -5593.27 893.128
-0.666667 -5593.73 905.275
-0.676768 -5594.18 917.364
-0.686869 -5594.61 929.327
-0.69697 -5595.03 941.232
-0.707071 -5595.42 953.003
-0.717172 -5595.8 964.716
-0.727273 -5596.15 976.284
-0.737374 -5596.49 987.796
-0.747475 -5596.78 999.153
-0.757576 -5597.07 1010.45
-0.767677 -5597.31 1021.59
-0.777778 -5597.53 1032.67
-0.787879 -5597.7 1043.58
-0.79798 -5597.85 1054.43
-0.808081 -5597.94 1065.1
-0.818182 -5598.01 1075.72
-0.828283 -5598.02 1086.14
-0.838384 -5598 1096.51
-0.848485 -5597.91 1106.67
-0.858586 -5597.81 1116.8
-0.868687 -5597.63 1126.7
-0.878788 -5597.44 1136.56
-0.888889 -5597.17 1146.19
-0.89899 -5596.9 1155.79
-0.909091 -5596.56 1165.15
-0.919192 -5596.22 1174.49
-0.929293 -5595.84 1183.58
-0.939394 -5595.46 1192.64
-0.949495 -5595.09 1201.46
-0.959596 -5594.72 1210.27
-0.969697 -5594.42 1218.84
-0.979798 -5594.12 1227.41
-0.989899 -5594 1235.77
-1 -5593.88 1244.12
