0 -21483.1 -0.00184353
-0.010101 -22034.1 -4.53491
-0.020202 -22009.2 -9.0695
-0.030303 -21987.7 -13.7643
-0.040404 -21966.3 -18.4605
-0.0505051 -21948.2 -23.1891
-0.0606061 -21930.4 -27.9235
-0.0707071 -21915.7 -32.7503
-0.0808081 -21901.2 -37.5851
-0.0909091 -21889.7 -42.5119
-0.10101 -21878.4 -47.4471
-0.111111 -21869.7 -52.4574
-0.121212 -21861.3 -57.4756
-0.131313 -21855.1 -62.5517
-0.141414 -21849.1 -67.6351
-0.151515 -21845 -72.7635
-0.161616 -21841.1 -77.8988
-0.171717 -21838.6 -83.0698
-0.181818 -21836.4 -88.2472
-0.191919 -21835.3 -93.4535
-0.20202 -21834.4 -98.6656
-0.212121 -21834.3 -103.901
-0.222222 -21834.4 -109.141
-0.232323 -21835.1 -114.398
-0.242424 -21835.9 -119.658
-0.252525 -21837.2 -124.93
-0.262626 -21838.5 -130.204
-0.272727 -21840.1 -135.483
-0.282828 -21841.8 -140.763
-0.292929 -21843.6 -146.042
-0.30303 -21845.4 -151.319
-0.313131 -21847.3 -156.592
-0.323232 -21849.2 -161.86
-0.333333 -21851.1 -167.119
-0.343434 -21853 -172.372
-0.353535 -21854.9 -177.612
-0.363636 -21856.7 -182.843
-0.373737 -21858.5 -188.058
-0.383838 -21860.3 -193.263
-0.393939 -21862 -198.449
-0.40404 -21863.6 -203.622
-0.414141 -21865.2 -208.775
-0.424242 -21866.8 -213.913
-0.434343 -21868.2 -219.029
-0.444444 -21869.7 -224.128
-0.454545 -21871.1 -229.205
-0.464646 -21872.4 -234.261
-0.474747 -21873.7 -239.295
-0.484848 -21875 -244.306
-0.494949 -21876.2 -249.294
-0.505051 -21877.4 -254.258
-0.515152 -21878.6 -259.197
-0.525253 -21879.8 -264.11
-0.535354 -21880.9 -268.999
-0.545455 -21882.1 -273.859
-0.555556 -21883.2 -278.695
-0.565657 -21884.3 -283.499
-0.575758 -21885.5 -288.279
-0.585859 -21886.6 -293.025
-0.59596 -21887.8 -297.747
-0.606061 -21888.9 -302.433
-0.616162 -21890.1 -307.094
-0.626263 -21891.3 -311.717
-0.636364 -21892.5 -316.316
-0.646465 -21893.8 -320.873
-0.656566 -21895 -325.407
-0.666667 -21896.3 -329.897
-0.676768 -21897.7 -334.364
-0.686869 -21899 -338.783
-0.69697 -21900.4 -343.181
-0.707071 -21901.8 -347.529
-0.717172 -21903.3 -351.856
-0.727273 -21904.8 -356.131
-0.737374 -21906.3 -360.385
-0.747475 -21907.8 -364.585
-0.757576 -21909.4 -368.765
-0.767677 -21911 -372.889
-0.777778 -21912.6 -376.995
-0.787879 -21914.3 -381.042
-0.79798 -21915.9 -385.072
-0.808081 -21917.6 -389.042
-0.818182 -21919.3 -392.996
-0.828283 -21921 -396.889
-0.838384 -21922.7 -400.767
-0.848485 -21924.4 -404.583
-0.858586 -21926.1 -408.386
-0.868687 -21927.8 -412.125
-0.878788 -21929.4 -415.853
-0.888889 -21930.9 -419.516
-0.89899 -21932.5 -423.17
-0.909091 -21933.9 -426.758
-0.919192 -21935.3 -430.339
-0.929293 -21936.5 -433.854
-0.939394 -21937.7 -437.363
-0.949495 -21938.6 -440.809
-0.959596 -21939.6 -444.251
-0.969697 -21940.2 -447.64
-0.979798 -21940.8 -451.028
-0.989899 -21941 -454.317
-1 -21941.2 -457.603
