0 -20878.6 -0.00235091
-0.010101 -20133.5 6.95595
-0.020202 -20124.7 13.93
-0.030303 -20114 21.5745
-0.040404 -20103.3 29.2249
-0.0505051 -20091.8 37.0178
-0.0606061 -20080.3 44.8157
-0.0707071 -20069 52.6908
-0.0808081 -20057.6 60.5688
-0.0909091 -20046.9 68.4807
-0.10101 -20036.3 76.3938
-0.111111 -20026.6 84.318
-0.121212 -20017.1 92.2421
-0.131313 -20008.7 100.166
-0.141414 -20000.5 108.089
-0.151515 -19993.4 116.004
-0.161616 -19986.6 123.917
-0.171717 -19980.9 131.817
-0.181818 -19975.4 139.713
-0.191919 -19970.9 147.591
-0.20202 -19966.7 155.462
-0.212121 -19963.4 163.311
-0.222222 -19960.3 171.152
-0.232323 -19958 178.965
-0.242424 -19955.9 186.77
-0.252525 -19954.5 194.544
-0.262626 -19953.3 202.307
-0.272727 -19952.6 210.039
-0.282828 -19952 217.758
-0.292929 -19951.9 225.445
-0.30303 -19951.9 233.118
-0.313131 -19952.3 240.759
-0.323232 -19952.7 248.385
-0.333333 -19953.4 255.98
-0.343434 -19954.1 263.558
-0.353535 -19955.1 271.105
-0.363636 -19956.1 278.634
-0.373737 -19957.2 286.133
-0.383838 -19958.3 293.614
-0.393939 -19959.5 301.064
-0.40404 -19960.8 308.495
-0.414141 -19962 315.895
-0.424242 -19963.3 323.274
-0.434343 -19964.7 330.624
-0.444444 -19966 337.95
-0.454545 -19967.3 345.247
-0.464646 -19968.6 352.519
-0.474747 -19969.9 359.761
-0.484848 -19971.2 366.975
-0.494949 -19972.5 374.16
-0.505051 -19973.8 381.315
-0.515152 -19975.1 388.44
-0.525253 -19976.4 395.532
-0.535354 -19977.6 402.594
-0.545455 -19978.9 409.62
-0.555556 -19980.2 416.616
-0.565657 -19981.4 423.572
-0.575758 -19982.7 430.498
-0.585859 -19983.9 437.381
-0.59596 -19985.1 444.233
-0.606061 -19986.4 451.038
-0.616162 -19987.6 457.812
-0.626263 -19988.9 464.535
-0.636364 -19990.1 471.226
-0.646465 -19991.4 477.862
-0.656566 -19992.7 484.466
-0.666667 -19994 491.008
-0.676768 -19995.2 497.52
-0.686869 -19996.5 503.964
-0.69697 -19997.9 510.378
-0.707071 -19999.2 516.718
-0.717172 -20000.5 523.028
-0.727273 -20001.8 529.258
-0.737374 -20003.2 535.458
-0.747475 -20004.5 541.572
-0.757576 -20005.8 547.656
-0.767677 -20007.1 553.646
-0.777778 -20008.5 559.607
-0.787879 -20009.8 565.468
-0.79798 -20011.1 571.3
-0.808081 -20012.3 577.023
-0.818182 -20013.6 582.72
-0.828283 -20014.8 588.3
-0.838384 -20016 593.854
-0.848485 -20017.1 599.284
-0.858586 -20018.2 604.69
-0.868687 -20019.2 609.964
-0.878788 -20020.2 615.216
-0.888889 -20021.1 620.329
-0.89899 -20022 625.423
-0.909091 -20022.7 630.371
-0.919192 -20023.4 635.303
-0.929293 -20024 640.085
-0.939394 -20024.5 644.853
-0.949495 -20024.9 649.47
-0.959596 -20025.3 654.077
-0.969697 -20025.5 658.538
-0.979798 -20025.7 662.993
-0.989899 -20025.7 667.35
-1 -20025.8 671.704
