0 22980.7 0.00181614
-0.010101 22574.8 -3.98158
-0.020202 22560.2 -7.97622
-0.030303 22545.1 -12.4413
-0.040404 22530 -16.9106
-0.0505051 22515.4 -21.4805
-0.0606061 22500.9 -26.0525
-0.0707071 22487.4 -30.6555
-0.0808081 22474.1 -35.2583
-0.0909091 22462.1 -39.8586
-0.10101 22450.3 -44.4573
-0.111111 22440.1 -49.0412
-0.121212 22430.1 -53.6225
-0.131313 22421.6 -58.1856
-0.141414 22413.3 -62.7455
-0.151515 22406.5 -67.2858
-0.161616 22400 -71.8221
-0.171717 22394.7 -76.3372
-0.181818 22389.8 -80.8472
-0.191919 22386 -85.334
-0.20202 22382.4 -89.8144
-0.212121 22379.8 -94.2697
-0.222222 22377.5 -98.7175
-0.232323 22375.9 -103.139
-0.242424 22374.5 -107.552
-0.252525 22373.8 -111.938
-0.262626 22373.3 -116.315
-0.272727 22373.2 -120.666
-0.282828 22373.3 -125.008
-0.292929 22373.8 -129.324
-0.30303 22374.4 -133.63
-0.313131 22375.3 -137.913
-0.323232 22376.2 -142.186
-0.333333 22377.3 -146.437
-0.343434 22378.5 -150.677
-0.353535 22379.8 -154.897
-0.363636 22381.2 -159.107
-0.373737 22382.6 -163.298
-0.383838 22384 -167.478
-0.393939 22385.5 -171.64
-0.40404 22387 -175.791
-0.414141 22388.5 -179.924
-0.424242 22390 -184.047
-0.434343 22391.5 -188.153
-0.444444 22392.9 -192.246
-0.454545 22394.4 -196.323
-0.464646 22395.9 -200.388
-0.474747 22397.3 -204.436
-0.484848 22398.7 -208.47
-0.494949 22400.1 -212.488
-0.505051 22401.5 -216.491
-0.515152 22402.9 -220.478
-0.525253 22404.2 -224.448
-0.535354 22405.6 -228.402
-0.545455 22406.9 -232.338
-0.555556 22408.2 -236.257
-0.565657 22409.6 -240.156
-0.575758 22410.9 -244.038
-0.585859 22412.2 -247.898
-0.59596 22413.5 -251.742
-0.606061 22414.9 -255.56
-0.616162 22416.2 -259.362
-0.626263 22417.6 -263.136
-0.636364 22418.9 -266.893
-0.646465 22420.3 -270.62
-0.656566 22421.7 -274.329
-0.666667 22423.1 -278.005
-0.676768 22424.5 -281.664
-0.686869 22425.9 -285.286
-0.69697 22427.4 -288.89
-0.707071 22428.9 -292.454
-0.717172 22430.3 -296
-0.727273 22431.8 -299.501
-0.737374 22433.4 -302.984
-0.747475 22434.9 -306.418
-0.757576 22436.4 -309.835
-0.767677 22437.9 -313.196
-0.777778 22439.5 -316.541
-0.787879 22441 -319.826
-0.79798 22442.6 -323.094
-0.808081 22444.1 -326.297
-0.818182 22445.6 -329.483
-0.828283 22447.1 -332.599
-0.838384 22448.5 -335.699
-0.848485 22449.9 -338.722
-0.858586 22451.3 -341.73
-0.868687 22452.6 -344.656
-0.878788 22453.9 -347.569
-0.888889 22455.1 -350.393
-0.89899 22456.2 -353.206
-0.909091 22457.2 -355.927
-0.919192 22458.2 -358.637
-0.929293 22459 -361.251
-0.939394 22459.8 -363.856
-0.949495 22460.4 -366.364
-0.959596 22461 -368.865
-0.969697 22461.4 -371.269
-0.979798 22461.7 -373.67
-0.989899 22461.8 -376.024
-1 22461.9 -378.377
