0 -20878.6 -0.00235091
-0.010101 -20133.5 6.95502
-0.020202 -20124.7 13.9282
-0.030303 -20114 21.5718
-0.040404 -20103.3 29.2215
-0.0505051 -20091.8 37.0138
-0.0606061 -20080.4 44.8112
-0.0707071 -20069 52.6859
-0.0808081 -20057.6 60.5636
-0.0909091 -20046.9 68.4754
-0.10101 -20036.3 76.3884
-0.111111 -20026.6 84.3126
-0.121212 -20017.1 92.2369
-0.131313 -20008.7 100.161
-0.141414 -20000.5 108.084
-0.151515 -19993.4 116
-0.161616 -19986.6 123.913
-0.171717 -19980.9 131.814
-0.181818 -19975.4 139.71
-0.191919 -19970.9 147.589
-0.20202 -19966.7 155.461
-0.212121 -19963.4 163.311
-0.222222 -19960.3 171.153
-0.232323 -19958 178.967
-0.242424 -19956 186.773
-0.252525 -19954.5 194.548
-0.262626 -19953.3 202.313
-0.272727 -19952.6 210.046
-0.282828 -19952.1 217.766
-0.292929 -19951.9 225.455
-0.30303 -19952 233.129
-0.313131 -19952.3 240.772
-0.323232 -19952.7 248.399
-0.333333 -19953.4 255.995
-0.343434 -19954.2 263.575
-0.353535 -19955.1 271.124
-0.363636 -19956.1 278.655
-0.373737 -19957.2 286.156
-0.383838 -19958.3 293.638
-0.393939 -19959.5 301.09
-0.40404 -19960.8 308.522
-0.414141 -19962.1 315.924
-0.424242 -19963.4 323.305
-0.434343 -19964.7 330.657
-0.444444 -19966 337.985
-0.454545 -19967.3 345.284
-0.464646 -19968.6 352.557
-0.474747 -19970 359.801
-0.484848 -19971.3 367.017
-0.494949 -19972.6 374.204
-0.505051 -19973.9 381.36
-0.515152 -19975.1 388.487
-0.525253 -19976.4 395.581
-0.535354 -19977.7 402.645
-0.545455 -19978.9 409.673
-0.555556 -19980.2 416.671
-0.565657 -19981.4 423.629
-0.575758 -19982.7 430.556
-0.585859 -19983.9 437.441
-0.59596 -19985.2 444.295
-0.606061 -19986.4 451.102
-0.616162 -19987.7 457.877
-0.626263 -19988.9 464.602
-0.636364 -19990.2 471.295
-0.646465 -19991.4 477.932
-0.656566 -19992.7 484.537
-0.666667 -19994 491.081
-0.676768 -19995.3 497.594
-0.686869 -19996.6 504.041
-0.69697 -19997.9 510.455
-0.707071 -19999.2 516.798
-0.717172 -20000.5 523.109
-0.727273 -20001.9 529.341
-0.737374 -20003.2 535.542
-0.747475 -20004.5 541.657
-0.757576 -20005.9 547.743
-0.767677 -20007.2 553.735
-0.777778 -20008.5 559.697
-0.787879 -20009.8 565.559
-0.79798 -20011.1 571.392
-0.808081 -20012.4 577.117
-0.818182 -20013.6 582.815
-0.828283 -20014.8 588.396
-0.838384 -20016 593.952
-0.848485 -20017.2 599.383
-0.858586 -20018.3 604.791
-0.868687 -20019.3 610.066
-0.878788 -20020.3 615.32
-0.888889 -20021.2 620.434
-0.89899 -20022 625.53
-0.909091 -20022.8 630.479
-0.919192 -20023.5 635.413
-0.929293 -20024 640.196
-0.939394 -20024.6 644.966
-0.949495 -20024.9 649.584
-0.959596 -20025.3 654.192
-0.969697 -20025.5 658.655
-0.979798 -20025.7 663.112
-0.989899 -20025.8 667.47
-1 -20025.8 671.826
