0 16706.4 0.00180815
-0.010101 15622.7 -9.89075
-0.020202 15621.5 -19.8022
-0.030303 15616.8 -30.5646
-0.040404 15612.1 -41.3345
-0.0505051 15605.2 -52.285
-0.0606061 15598.3 -63.2434
-0.0707071 15590.3 -74.3274
-0.0808081 15582.2 -85.4179
-0.0909091 15573.9 -96.5827
-0.10101 15565.5 -107.752
-0.111111 15557.3 -118.963
-0.121212 15549.2 -130.176
-0.131313 15541.6 -141.411
-0.141414 15534.1 -152.647
-0.151515 15527.3 -163.891
-0.161616 15520.6 -175.136
-0.171717 15514.8 -186.378
-0.181818 15509.1 -197.618
-0.191919 15504.3 -208.847
-0.20202 15499.6 -220.072
-0.212121 15495.8 -231.277
-0.222222 15492.1 -242.476
-0.232323 15489.1 -253.649
-0.242424 15486.4 -264.812
-0.252525 15484.2 -275.944
-0.262626 15482.3 -287.064
-0.272727 15480.8 -298.149
-0.282828 15479.6 -309.219
-0.292929 15478.8 -320.251
-0.30303 15478.1 -331.266
-0.313131 15477.8 -342.242
-0.323232 15477.6 -353.198
-0.333333 15477.7 -364.114
-0.343434 15477.9 -375.008
-0.353535 15478.3 -385.86
-0.363636 15478.8 -396.689
-0.373737 15479.4 -407.477
-0.383838 15480.1 -418.238
-0.393939 15480.9 -428.957
-0.40404 15481.8 -439.647
-0.414141 15482.7 -450.295
-0.424242 15483.7 -460.912
-0.434343 15484.7 -471.487
-0.444444 15485.7 -482.027
-0.454545 15486.8 -492.524
-0.464646 15487.8 -502.985
-0.474747 15488.9 -513.401
-0.484848 15490 -523.777
-0.494949 15491.1 -534.11
-0.505051 15492.1 -544.398
-0.515152 15493.2 -554.642
-0.525253 15494.3 -564.837
-0.535354 15495.4 -574.988
-0.545455 15496.4 -585.086
-0.555556 15497.5 -595.138
-0.565657 15498.5 -605.133
-0.575758 15499.6 -615.083
-0.585859 15500.6 -624.97
-0.59596 15501.7 -634.811
-0.606061 15502.7 -644.583
-0.616162 15503.8 -654.309
-0.626263 15504.8 -663.961
-0.636364 15505.8 -673.567
-0.646465 15506.9 -683.091
-0.656566 15507.9 -692.569
-0.666667 15508.9 -701.959
-0.676768 15510 -711.304
-0.686869 15511 -720.552
-0.69697 15512 -729.755
-0.707071 15513.1 -738.854
-0.717172 15514.1 -747.908
-0.727273 15515.1 -756.85
-0.737374 15516.1 -765.748
-0.747475 15517.1 -774.524
-0.757576 15518.1 -783.257
-0.767677 15519.1 -791.86
-0.777778 15520 -800.421
-0.787879 15521 -808.841
-0.79798 15521.9 -817.222
-0.808081 15522.8 -825.452
-0.818182 15523.6 -833.644
-0.828283 15524.4 -841.676
-0.838384 15525.2 -849.673
-0.848485 15525.9 -857.499
-0.858586 15526.6 -865.293
-0.868687 15527.2 -872.907
-0.878788 15527.7 -880.491
-0.888889 15528.2 -887.887
-0.89899 15528.7 -895.257
-0.909091 15529 -902.431
-0.919192 15529.3 -909.583
-0.929293 15529.5 -916.533
-0.939394 15529.7 -923.465
-0.949495 15529.8 -930.195
-0.959596 15529.9 -936.911
-0.969697 15529.9 -943.437
-0.979798 15529.9 -949.955
-0.989899 15529.9 -956.318
-1 15529.9 -962.679
