0 7580.37 0.000945684
-0.010101 6170.47 -12.6357
-0.020202 6180.87 -25.2931
-0.030303 6186.09 -38.929
-0.040404 6191.15 -52.5734
-0.0505051 6192.41 -66.4247
-0.0606061 6193.51 -80.2873
-0.0707071 6191.94 -94.3268
-0.0808081 6190.23 -108.377
-0.0909091 6186.78 -122.549
-0.10101 6183.22 -136.731
-0.111111 6178.63 -150.991
-0.121212 6173.98 -165.258
-0.131313 6168.85 -179.576
-0.141414 6163.7 -193.898
-0.151515 6158.47 -208.25
-0.161616 6153.26 -222.606
-0.171717 6148.23 -236.976
-0.181818 6143.27 -251.347
-0.191919 6138.65 -265.72
-0.20202 6134.15 -280.09
-0.212121 6130.07 -294.452
-0.222222 6126.13 -308.808
-0.232323 6122.66 -323.146
-0.242424 6119.34 -337.474
-0.252525 6116.48 -351.775
-0.262626 6113.78 -366.064
-0.272727 6111.51 -380.319
-0.282828 6109.4 -394.558
-0.292929 6107.68 -408.756
-0.30303 6106.11 -422.936
-0.313131 6104.88 -437.071
-0.323232 6103.79 -451.184
-0.333333 6102.98 -465.25
-0.343434 6102.29 -479.289
-0.353535 6101.83 -493.279
-0.363636 6101.48 -507.239
-0.373737 6101.31 -521.148
-0.383838 6101.23 -535.023
-0.393939 6101.29 -548.846
-0.40404 6101.43 -562.632
-0.414141 6101.67 -576.363
-0.424242 6101.96 -590.055
-0.434343 6102.33 -603.691
-0.444444 6102.74 -617.282
-0.454545 6103.2 -630.818
-0.464646 6103.69 -644.304
-0.474747 6104.22 -657.734
-0.484848 6104.76 -671.11
-0.494949 6105.32 -684.428
-0.505051 6105.89 -697.688
-0.515152 6106.48 -710.89
-0.525253 6107.06 -724.028
-0.535354 6107.65 -737.107
-0.545455 6108.24 -750.116
-0.555556 6108.83 -763.066
-0.565657 6109.41 -775.94
-0.575758 6109.98 -788.754
-0.585859 6110.55 -801.485
-0.59596 6111.11 -814.157
-0.606061 6111.67 -826.738
-0.616162 6112.21 -839.26
-0.626263 6112.74 -851.683
-0.636364 6113.27 -864.047
-0.646465 6113.78 -876.305
-0.656566 6114.28 -888.503
-0.666667 6114.76 -900.586
-0.676768 6115.23 -912.61
-0.686869 6115.69 -924.51
-0.69697 6116.13 -936.351
-0.707071 6116.55 -948.058
-0.717172 6116.96 -959.708
-0.727273 6117.34 -971.214
-0.737374 6117.7 -982.664
-0.747475 6118.03 -993.959
-0.757576 6118.34 -1005.2
-0.767677 6118.61 -1016.27
-0.777778 6118.87 -1027.3
-0.787879 6119.07 -1038.14
-0.79798 6119.25 -1048.94
-0.808081 6119.38 -1059.54
-0.818182 6119.48 -1070.1
-0.828283 6119.52 -1080.46
-0.838384 6119.54 -1090.78
-0.848485 6119.49 -1100.89
-0.858586 6119.42 -1110.95
-0.868687 6119.27 -1120.79
-0.878788 6119.11 -1130.6
-0.888889 6118.88 -1140.18
-0.89899 6118.63 -1149.72
-0.909091 6118.33 -1159.03
-0.919192 6118.01 -1168.31
-0.929293 6117.66 -1177.34
-0.939394 6117.31 -1186.36
-0.949495 6116.95 -1195.12
-0.959596 6116.6 -1203.87
-0.969697 6116.32 -1212.4
-0.979798 6116.03 -1220.91
-0.989899 6115.91 -1229.22
-1 6115.79 -1237.52
