0 19009.6 0.00203177
-0.010101 19827.7 6.94746
-0.020202 19801.8 13.8982
-0.030303 19780.1 21.2036
-0.040404 19758.5 28.5122
-0.0505051 19740.9 35.8941
-0.0606061 19723.6 43.284
-0.0707071 19709.9 50.7986
-0.0808081 19696.4 58.323
-0.0909091 19686.1 65.9608
-0.10101 19676 73.6083
-0.111111 19668.6 81.3439
-0.121212 19661.5 89.0885
-0.131313 19656.6 96.8989
-0.141414 19652 104.717
-0.151515 19649.1 112.585
-0.161616 19646.4 120.459
-0.171717 19645.1 128.371
-0.181818 19644 136.29
-0.191919 19643.9 144.236
-0.20202 19643.9 152.187
-0.212121 19644.7 160.159
-0.222222 19645.6 168.134
-0.232323 19647 176.121
-0.242424 19648.5 184.11
-0.252525 19650.3 192.104
-0.262626 19652.1 200.098
-0.272727 19654.1 208.089
-0.282828 19656.1 216.078
-0.292929 19658.2 224.058
-0.30303 19660.3 232.032
-0.313131 19662.4 239.992
-0.323232 19664.4 247.944
-0.333333 19666.4 255.877
-0.343434 19668.4 263.799
-0.353535 19670.3 271.698
-0.363636 19672.1 279.582
-0.373737 19673.8 287.441
-0.383838 19675.5 295.283
-0.393939 19677.1 303.096
-0.40404 19678.7 310.889
-0.414141 19680.2 318.652
-0.424242 19681.6 326.391
-0.434343 19682.9 334.099
-0.444444 19684.2 341.781
-0.454545 19685.4 349.429
-0.464646 19686.6 357.049
-0.474747 19687.8 364.635
-0.484848 19688.9 372.189
-0.494949 19689.9 379.708
-0.505051 19691 387.192
-0.515152 19692 394.64
-0.525253 19693 402.051
-0.535354 19694 409.425
-0.545455 19694.9 416.758
-0.555556 19695.9 424.056
-0.565657 19696.9 431.307
-0.575758 19697.8 438.523
-0.585859 19698.8 445.69
-0.59596 19699.8 452.821
-0.606061 19700.8 459.899
-0.616162 19701.8 466.941
-0.626263 19702.9 473.926
-0.636364 19703.9 480.876
-0.646465 19705 487.764
-0.656566 19706.1 494.618
-0.666667 19707.3 501.405
-0.676768 19708.4 508.158
-0.686869 19709.6 514.841
-0.69697 19710.9 521.49
-0.707071 19712.2 528.065
-0.717172 19713.5 534.607
-0.727273 19714.8 541.069
-0.737374 19716.2 547.501
-0.747475 19717.6 553.848
-0.757576 19719 560.165
-0.767677 19720.5 566.394
-0.777778 19722 572.595
-0.787879 19723.6 578.704
-0.79798 19725.1 584.786
-0.808081 19726.7 590.771
-0.818182 19728.3 596.732
-0.828283 19729.9 602.592
-0.838384 19731.6 608.43
-0.848485 19733.2 614.164
-0.858586 19734.8 619.879
-0.868687 19736.4 625.485
-0.878788 19738 631.075
-0.888889 19739.6 636.554
-0.89899 19741.1 642.018
-0.909091 19742.5 647.369
-0.919192 19743.9 652.708
-0.929293 19745.1 657.933
-0.939394 19746.3 663.149
-0.949495 19747.3 668.253
-0.959596 19748.3 673.351
-0.969697 19748.9 678.351
-0.979798 19749.6 683.347
-0.989899 19749.8 688.206
-1 19750.1 693.063
