0 8598.58 0.0010709
-0.010101 7208.87 -12.4727
-0.020202 7218.16 -24.9671
-0.030303 7222.41 -38.4364
-0.040404 7226.5 -51.9143
-0.0505051 7226.94 -65.5985
-0.0606061 7227.21 -79.2937
-0.0707071 7224.97 -93.1624
-0.0808081 7222.58 -107.041
-0.0909091 7218.59 -121.039
-0.10101 7214.49 -135.045
-0.111111 7209.49 -149.128
-0.121212 7204.44 -163.217
-0.131313 7199 -177.353
-0.141414 7193.56 -191.494
-0.151515 7188.11 -205.663
-0.161616 7182.71 -219.835
-0.171717 7177.54 -234.021
-0.181818 7172.46 -248.207
-0.191919 7167.78 -262.393
-0.20202 7163.21 -276.578
-0.212121 7159.12 -290.752
-0.222222 7155.17 -304.92
-0.232323 7151.72 -319.069
-0.242424 7148.42 -333.209
-0.252525 7145.61 -347.321
-0.262626 7142.96 -361.421
-0.272727 7140.76 -375.485
-0.282828 7138.72 -389.534
-0.292929 7137.08 -403.543
-0.30303 7135.59 -417.533
-0.313131 7134.44 -431.479
-0.323232 7133.43 -445.402
-0.333333 7132.71 -459.278
-0.343434 7132.11 -473.129
-0.353535 7131.73 -486.93
-0.363636 7131.47 -500.702
-0.373737 7131.38 -514.423
-0.383838 7131.38 -528.111
-0.393939 7131.52 -541.747
-0.40404 7131.73 -555.346
-0.414141 7132.04 -568.892
-0.424242 7132.41 -582.399
-0.434343 7132.85 -595.85
-0.444444 7133.33 -609.258
-0.454545 7133.86 -622.611
-0.464646 7134.41 -635.916
-0.474747 7135 -649.164
-0.484848 7135.6 -662.36
-0.494949 7136.22 -675.499
-0.505051 7136.85 -688.58
-0.515152 7137.49 -701.604
-0.525253 7138.14 -714.565
-0.535354 7138.78 -727.469
-0.545455 7139.42 -740.303
-0.555556 7140.07 -753.079
-0.565657 7140.7 -765.78
-0.575758 7141.33 -778.423
-0.585859 7141.96 -790.983
-0.59596 7142.57 -803.485
-0.606061 7143.18 -815.898
-0.616162 7143.78 -828.252
-0.626263 7144.37 -840.51
-0.636364 7144.95 -852.708
-0.646465 7145.52 -864.802
-0.656566 7146.08 -876.837
-0.666667 7146.63 -888.759
-0.676768 7147.17 -900.623
-0.686869 7147.69 -912.364
-0.69697 7148.19 -924.047
-0.707071 7148.68 -935.599
-0.717172 7149.16 -947.093
-0.727273 7149.6 -958.446
-0.737374 7150.04 -969.743
-0.747475 7150.44 -980.887
-0.757576 7150.83 -991.977
-0.767677 7151.17 -1002.9
-0.777778 7151.5 -1013.78
-0.787879 7151.78 -1024.48
-0.79798 7152.05 -1035.13
-0.808081 7152.25 -1045.59
-0.818182 7152.43 -1056.01
-0.828283 7152.55 -1066.23
-0.838384 7152.65 -1076.41
-0.848485 7152.67 -1086.37
-0.858586 7152.68 -1096.3
-0.868687 7152.61 -1106.01
-0.878788 7152.52 -1115.68
-0.888889 7152.36 -1125.13
-0.89899 7152.18 -1134.54
-0.909091 7151.94 -1143.72
-0.919192 7151.69 -1152.87
-0.929293 7151.39 -1161.77
-0.939394 7151.09 -1170.66
-0.949495 7150.78 -1179.3
-0.959596 7150.48 -1187.93
-0.969697 7150.22 -1196.33
-0.979798 7149.96 -1204.72
-0.989899 7149.85 -1212.9
-1 7149.74 -1221.09
