0 23631.4 0.00253892
-0.010101 23556.7 -1.05058
-0.020202 23537.5 -2.11142
-0.030303 23519.3 -3.43529
-0.040404 23501.1 -4.76154
-0.0505051 23484.4 -6.14495
-0.0606061 23467.9 -7.52755
-0.0707071 23453.3 -8.89755
-0.0808081 23438.9 -10.2645
-0.0909091 23426.4 -11.5958
-0.10101 23414.2 -12.923
-0.111111 23404 -14.2124
-0.121212 23394.1 -15.4973
-0.131313 23385.9 -16.7483
-0.141414 23378.1 -17.9944
-0.151515 23371.9 -19.2106
-0.161616 23366 -20.4216
-0.171717 23361.5 -21.6049
-0.181818 23357.3 -22.7823
-0.191919 23354.3 -23.9332
-0.20202 23351.5 -25.0777
-0.212121 23349.7 -26.1965
-0.222222 23348.2 -27.3085
-0.232323 23347.3 -28.3961
-0.242424 23346.7 -29.4766
-0.252525 23346.7 -30.5347
-0.262626 23346.8 -31.5859
-0.272727 23347.4 -32.6171
-0.282828 23348.1 -33.6417
-0.292929 23349 -34.6492
-0.30303 23350.1 -35.6506
-0.313131 23351.4 -36.6378
-0.323232 23352.8 -37.6196
-0.333333 23354.2 -38.5898
-0.343434 23355.7 -39.5553
-0.353535 23357.3 -40.5116
-0.363636 23358.9 -41.464
-0.373737 23360.6 -42.4092
-0.383838 23362.2 -43.3511
-0.393939 23363.8 -44.2875
-0.40404 23365.5 -45.2211
-0.414141 23367.1 -46.1504
-0.424242 23368.6 -47.0774
-0.434343 23370.2 -48.0012
-0.444444 23371.7 -48.9228
-0.454545 23373.3 -49.8419
-0.464646 23374.7 -50.7591
-0.474747 23376.2 -51.6741
-0.484848 23377.6 -52.5873
-0.494949 23379.1 -53.4986
-0.505051 23380.4 -54.4081
-0.515152 23381.8 -55.3157
-0.525253 23383.2 -56.2214
-0.535354 23384.5 -57.1252
-0.545455 23385.9 -58.0268
-0.555556 23387.2 -58.9265
-0.565657 23388.5 -59.8235
-0.575758 23389.8 -60.7185
-0.585859 23391.2 -61.6103
-0.59596 23392.5 -62.4999
-0.606061 23393.8 -63.3857
-0.616162 23395.2 -64.269
-0.626263 23396.6 -65.1478
-0.636364 23397.9 -66.0237
-0.646465 23399.3 -66.8942
-0.656566 23400.8 -67.7616
-0.666667 23402.2 -68.6224
-0.676768 23403.6 -69.4797
-0.686869 23405.1 -70.329
-0.69697 23406.6 -71.1746
-0.707071 23408.2 -72.0105
-0.717172 23409.7 -72.8423
-0.727273 23411.3 -73.6625
-0.737374 23412.9 -74.4782
-0.747475 23414.5 -75.2802
-0.757576 23416.1 -76.0773
-0.767677 23417.7 -76.858
-0.777778 23419.4 -77.6336
-0.787879 23421.1 -78.3899
-0.79798 23422.7 -79.1409
-0.808081 23424.4 -79.8695
-0.818182 23426 -80.5925
-0.828283 23427.7 -81.2898
-0.838384 23429.3 -81.9815
-0.848485 23430.9 -82.6441
-0.858586 23432.5 -83.3011
-0.868687 23434 -83.9254
-0.878788 23435.4 -84.5445
-0.888889 23436.8 -85.1276
-0.89899 23438.2 -85.7059
-0.909091 23439.4 -86.2452
-0.919192 23440.6 -86.7802
-0.929293 23441.6 -87.2737
-0.939394 23442.6 -87.7636
-0.949495 23443.3 -88.2097
-0.959596 23444 -88.6531
-0.969697 23444.5 -89.0495
-0.979798 23445 -89.444
-0.989899 23445.1 -89.843
-1 23445.3 -90.2422
