0 -22630.5 -0.00221827
-0.010101 -22989.6 -2.81481
-0.020202 -22966.1 -5.62583
-0.030303 -22945.2 -8.46286
-0.040404 -22924.4 -11.3
-0.0505051 -22906.4 -14.1412
-0.0606061 -22888.6 -16.9866
-0.0707071 -22873.6 -19.9005
-0.0808081 -22858.9 -22.8209
-0.0909091 -22846.8 -25.8169
-0.10101 -22835 -28.8201
-0.111111 -22825.7 -31.8879
-0.121212 -22816.6 -34.9626
-0.131313 -22809.6 -38.0887
-0.141414 -22802.9 -41.2214
-0.151515 -22798 -44.3952
-0.161616 -22793.3 -47.5754
-0.171717 -22790.2 -50.7896
-0.181818 -22787.3 -54.01
-0.191919 -22785.5 -57.2593
-0.20202 -22784 -60.5147
-0.212121 -22783.3 -63.7944
-0.222222 -22782.9 -67.0797
-0.232323 -22783.1 -70.3848
-0.242424 -22783.5 -73.6947
-0.252525 -22784.4 -77.0198
-0.262626 -22785.3 -80.3485
-0.272727 -22786.6 -83.6875
-0.282828 -22788 -87.0287
-0.292929 -22789.6 -90.3755
-0.30303 -22791.2 -93.7229
-0.313131 -22792.9 -97.0716
-0.323232 -22794.7 -100.419
-0.333333 -22796.5 -103.764
-0.343434 -22798.3 -107.106
-0.353535 -22800.2 -110.442
-0.363636 -22802 -113.773
-0.373737 -22803.7 -117.095
-0.383838 -22805.5 -120.411
-0.393939 -22807.2 -123.717
-0.40404 -22808.9 -127.013
-0.414141 -22810.5 -130.298
-0.424242 -22812.1 -133.572
-0.434343 -22813.6 -136.833
-0.444444 -22815.1 -140.082
-0.454545 -22816.6 -143.317
-0.464646 -22818 -146.538
-0.474747 -22819.4 -149.744
-0.484848 -22820.7 -152.935
-0.494949 -22822 -156.11
-0.505051 -22823.3 -159.269
-0.515152 -22824.6 -162.412
-0.525253 -22825.9 -165.537
-0.535354 -22827.1 -168.646
-0.545455 -22828.3 -171.735
-0.555556 -22829.5 -174.809
-0.565657 -22830.8 -177.861
-0.575758 -22832 -180.897
-0.585859 -22833.2 -183.91
-0.59596 -22834.5 -186.908
-0.606061 -22835.7 -189.881
-0.616162 -22837 -192.839
-0.626263 -22838.2 -195.77
-0.636364 -22839.5 -198.687
-0.646465 -22840.9 -201.576
-0.656566 -22842.2 -204.449
-0.666667 -22843.6 -207.295
-0.676768 -22845 -210.125
-0.686869 -22846.4 -212.925
-0.69697 -22847.8 -215.711
-0.707071 -22849.3 -218.466
-0.717172 -22850.8 -221.207
-0.727273 -22852.4 -223.916
-0.737374 -22853.9 -226.612
-0.747475 -22855.5 -229.274
-0.757576 -22857.2 -231.925
-0.767677 -22858.8 -234.542
-0.777778 -22860.5 -237.147
-0.787879 -22862.2 -239.718
-0.79798 -22863.9 -242.279
-0.808081 -22865.6 -244.806
-0.818182 -22867.3 -247.323
-0.828283 -22869 -249.806
-0.838384 -22870.8 -252.281
-0.848485 -22872.4 -254.722
-0.858586 -22874.1 -257.155
-0.868687 -22875.8 -259.555
-0.878788 -22877.4 -261.949
-0.888889 -22878.9 -264.309
-0.89899 -22880.4 -266.664
-0.909091 -22881.8 -268.987
-0.919192 -22883.1 -271.305
-0.929293 -22884.3 -273.591
-0.939394 -22885.5 -275.875
-0.949495 -22886.4 -278.128
-0.959596 -22887.3 -280.38
-0.969697 -22887.8 -282.611
-0.979798 -22888.4 -284.841
-0.989899 -22888.6 -287
-1 -22888.8 -289.158
