0 15105.2 0.00178481
-0.010101 13935.4 -10.6274
-0.020202 13936.6 -21.2764
-0.030303 13933.9 -32.8175
-0.040404 13931.1 -44.3664
-0.0505051 13925.8 -56.1046
-0.0606061 13920.4 -67.8517
-0.0707071 13913.6 -79.7373
-0.0808081 13906.7 -91.6304
-0.0909091 13899.2 -103.609
-0.10101 13891.7 -115.594
-0.111111 13884.1 -127.628
-0.121212 13876.6 -139.666
-0.131313 13869.3 -151.731
-0.141414 13862.2 -163.799
-0.151515 13855.6 -175.88
-0.161616 13849.1 -187.962
-0.171717 13843.4 -200.045
-0.181818 13837.8 -212.126
-0.191919 13832.9 -224.199
-0.20202 13828.2 -236.268
-0.212121 13824.2 -248.32
-0.222222 13820.4 -260.365
-0.232323 13817.3 -272.386
-0.242424 13814.4 -284.396
-0.252525 13812 -296.376
-0.262626 13809.9 -308.344
-0.272727 13808.3 -320.276
-0.282828 13806.8 -332.193
-0.292929 13805.8 -344.071
-0.30303 13805 -355.931
-0.313131 13804.4 -367.751
-0.323232 13804.1 -379.549
-0.333333 13804 -391.305
-0.343434 13804 -403.039
-0.353535 13804.2 -414.728
-0.363636 13804.6 -426.393
-0.373737 13805 -438.012
-0.383838 13805.6 -449.604
-0.393939 13806.3 -461.151
-0.40404 13807 -472.667
-0.414141 13807.8 -484.137
-0.424242 13808.6 -495.574
-0.434343 13809.5 -506.965
-0.444444 13810.4 -518.319
-0.454545 13811.4 -529.626
-0.464646 13812.3 -540.894
-0.474747 13813.3 -552.114
-0.484848 13814.3 -563.291
-0.494949 13815.3 -574.42
-0.505051 13816.3 -585.501
-0.515152 13817.3 -596.534
-0.525253 13818.3 -607.515
-0.535354 13819.3 -618.447
-0.545455 13820.2 -629.322
-0.555556 13821.2 -640.148
-0.565657 13822.2 -650.912
-0.575758 13823.2 -661.627
-0.585859 13824.1 -672.273
-0.59596 13825.1 -682.87
-0.606061 13826.1 -693.393
-0.616162 13827 -703.866
-0.626263 13828 -714.258
-0.636364 13828.9 -724.601
-0.646465 13829.8 -734.855
-0.656566 13830.8 -745.06
-0.666667 13831.7 -755.17
-0.676768 13832.7 -765.23
-0.686869 13833.6 -775.187
-0.69697 13834.5 -785.095
-0.707071 13835.4 -794.892
-0.717172 13836.4 -804.639
-0.727273 13837.3 -814.266
-0.737374 13838.2 -823.846
-0.747475 13839 -833.295
-0.757576 13839.9 -842.698
-0.767677 13840.8 -851.961
-0.777778 13841.6 -861.179
-0.787879 13842.4 -870.247
-0.79798 13843.2 -879.272
-0.808081 13843.9 -888.137
-0.818182 13844.6 -896.961
-0.828283 13845.3 -905.613
-0.838384 13845.9 -914.228
-0.848485 13846.4 -922.661
-0.858586 13847 -931.06
-0.868687 13847.4 -939.267
-0.878788 13847.9 -947.443
-0.888889 13848.2 -955.418
-0.89899 13848.5 -963.366
-0.909091 13848.7 -971.105
-0.919192 13848.9 -978.821
-0.929293 13849 -986.322
-0.939394 13849.1 -993.805
-0.949495 13849.1 -1001.07
-0.959596 13849.1 -1008.33
-0.969697 13849.1 -1015.38
-0.979798 13849 -1022.42
-0.989899 13849 -1029.3
-1 13848.9 -1036.17
