0 15105.2 0.00178481
-0.010101 13935.4 -10.6283
-0.020202 13936.6 -21.2781
-0.030303 13933.9 -32.8199
-0.040404 13931.1 -44.3695
-0.0505051 13925.8 -56.1083
-0.0606061 13920.4 -67.8558
-0.0707071 13913.6 -79.7418
-0.0808081 13906.7 -91.6351
-0.0909091 13899.2 -103.614
-0.10101 13891.7 -115.598
-0.111111 13884.1 -127.632
-0.121212 13876.6 -139.67
-0.131313 13869.3 -151.736
-0.141414 13862.2 -163.803
-0.151515 13855.6 -175.884
-0.161616 13849.1 -187.965
-0.171717 13843.4 -200.047
-0.181818 13837.7 -212.128
-0.191919 13832.9 -224.201
-0.20202 13828.2 -236.269
-0.212121 13824.2 -248.32
-0.222222 13820.4 -260.364
-0.232323 13817.3 -272.383
-0.242424 13814.4 -284.393
-0.252525 13812 -296.372
-0.262626 13809.9 -308.338
-0.272727 13808.3 -320.269
-0.282828 13806.8 -332.184
-0.292929 13805.8 -344.061
-0.30303 13804.9 -355.92
-0.313131 13804.4 -367.738
-0.323232 13804.1 -379.535
-0.333333 13804 -391.29
-0.343434 13804 -403.022
-0.353535 13804.2 -414.71
-0.363636 13804.5 -426.372
-0.373737 13805 -437.99
-0.383838 13805.6 -449.58
-0.393939 13806.2 -461.125
-0.40404 13807 -472.64
-0.414141 13807.8 -484.108
-0.424242 13808.6 -495.544
-0.434343 13809.5 -506.933
-0.444444 13810.4 -518.285
-0.454545 13811.4 -529.591
-0.464646 13812.3 -540.857
-0.474747 13813.3 -552.076
-0.484848 13814.3 -563.251
-0.494949 13815.3 -574.378
-0.505051 13816.3 -585.457
-0.515152 13817.3 -596.489
-0.525253 13818.2 -607.468
-0.535354 13819.2 -618.398
-0.545455 13820.2 -629.272
-0.555556 13821.2 -640.097
-0.565657 13822.2 -650.859
-0.575758 13823.1 -661.572
-0.585859 13824.1 -672.216
-0.59596 13825.1 -682.812
-0.606061 13826 -693.333
-0.616162 13827 -703.804
-0.626263 13827.9 -714.195
-0.636364 13828.9 -724.536
-0.646465 13829.8 -734.789
-0.656566 13830.8 -744.993
-0.666667 13831.7 -755.101
-0.676768 13832.6 -765.16
-0.686869 13833.6 -775.116
-0.69697 13834.5 -785.023
-0.707071 13835.4 -794.817
-0.717172 13836.3 -804.564
-0.727273 13837.2 -814.19
-0.737374 13838.1 -823.768
-0.747475 13839 -833.216
-0.757576 13839.9 -842.618
-0.767677 13840.7 -851.879
-0.777778 13841.5 -861.096
-0.787879 13842.3 -870.163
-0.79798 13843.1 -879.187
-0.808081 13843.8 -888.05
-0.818182 13844.6 -896.873
-0.828283 13845.2 -905.524
-0.838384 13845.8 -914.138
-0.848485 13846.4 -922.57
-0.858586 13846.9 -930.967
-0.868687 13847.4 -939.173
-0.878788 13847.8 -947.348
-0.888889 13848.2 -955.322
-0.89899 13848.5 -963.269
-0.909091 13848.7 -971.006
-0.919192 13848.9 -978.721
-0.929293 13849 -986.221
-0.939394 13849.1 -993.703
-0.949495 13849.1 -1000.97
-0.959596 13849.1 -1008.22
-0.969697 13849 -1015.27
-0.979798 13849 -1022.32
-0.989899 13848.9 -1029.19
-1 13848.9 -1036.06
