0 -22630.5 -0.00221827
-0.010101 -22989.6 -2.81476
-0.020202 -22966.1 -5.62575
-0.030303 -22945.2 -8.46273
-0.040404 -22924.4 -11.2999
-0.0505051 -22906.4 -14.141
-0.0606061 -22888.6 -16.9864
-0.0707071 -22873.6 -19.9002
-0.0808081 -22858.9 -22.8206
-0.0909091 -22846.8 -25.8166
-0.10101 -22835 -28.8198
-0.111111 -22825.7 -31.8875
-0.121212 -22816.6 -34.9623
-0.131313 -22809.6 -38.0883
-0.141414 -22802.9 -41.2211
-0.151515 -22798 -44.3948
-0.161616 -22793.3 -47.5751
-0.171717 -22790.2 -50.7892
-0.181818 -22787.3 -54.0097
-0.191919 -22785.5 -57.259
-0.20202 -22784 -60.5144
-0.212121 -22783.3 -63.7941
-0.222222 -22782.9 -67.0794
-0.232323 -22783.1 -70.3846
-0.242424 -22783.5 -73.6945
-0.252525 -22784.4 -77.0196
-0.262626 -22785.3 -80.3483
-0.272727 -22786.6 -83.6874
-0.282828 -22788 -87.0286
-0.292929 -22789.6 -90.3755
-0.30303 -22791.2 -93.723
-0.313131 -22792.9 -97.0717
-0.323232 -22794.7 -100.419
-0.333333 -22796.5 -103.764
-0.343434 -22798.3 -107.106
-0.353535 -22800.2 -110.442
-0.363636 -22802 -113.773
-0.373737 -22803.7 -117.096
-0.383838 -22805.5 -120.412
-0.393939 -22807.2 -123.717
-0.40404 -22808.9 -127.014
-0.414141 -22810.5 -130.299
-0.424242 -22812.1 -133.573
-0.434343 -22813.6 -136.834
-0.444444 -22815.1 -140.083
-0.454545 -22816.6 -143.317
-0.464646 -22818 -146.539
-0.474747 -22819.4 -149.745
-0.484848 -22820.7 -152.936
-0.494949 -22822 -156.111
-0.505051 -22823.3 -159.27
-0.515152 -22824.6 -162.413
-0.525253 -22825.9 -165.539
-0.535354 -22827.1 -168.648
-0.545455 -22828.3 -171.737
-0.555556 -22829.5 -174.81
-0.565657 -22830.8 -177.863
-0.575758 -22832 -180.899
-0.585859 -22833.2 -183.912
-0.59596 -22834.5 -186.91
-0.606061 -22835.7 -189.883
-0.616162 -22837 -192.841
-0.626263 -22838.2 -195.773
-0.636364 -22839.5 -198.689
-0.646465 -22840.9 -201.578
-0.656566 -22842.2 -204.452
-0.666667 -22843.6 -207.297
-0.676768 -22845 -210.128
-0.686869 -22846.4 -212.928
-0.69697 -22847.8 -215.714
-0.707071 -22849.3 -218.469
-0.717172 -22850.8 -221.211
-0.727273 -22852.4 -223.919
-0.737374 -22853.9 -226.615
-0.747475 -22855.5 -229.278
-0.757576 -22857.2 -231.929
-0.767677 -22858.8 -234.546
-0.777778 -22860.5 -237.151
-0.787879 -22862.2 -239.722
-0.79798 -22863.9 -242.284
-0.808081 -22865.6 -244.81
-0.818182 -22867.3 -247.328
-0.828283 -22869 -249.811
-0.838384 -22870.7 -252.286
-0.848485 -22872.4 -254.726
-0.858586 -22874.1 -257.16
-0.868687 -22875.8 -259.56
-0.878788 -22877.4 -261.954
-0.888889 -22878.9 -264.314
-0.89899 -22880.4 -266.67
-0.909091 -22881.8 -268.992
-0.919192 -22883.1 -271.311
-0.929293 -22884.3 -273.597
-0.939394 -22885.5 -275.881
-0.949495 -22886.4 -278.134
-0.959596 -22887.3 -280.386
-0.969697 -22887.8 -282.617
-0.979798 -22888.4 -284.847
-0.989899 -22888.6 -287.007
-1 -22888.8 -289.165
