0 23519.1 0.00275989
-0.010101 23310.5 -2.23677
-0.020202 23293 -4.48594
-0.030303 23275.9 -7.08365
-0.040404 23258.9 -9.68449
-0.0505051 23243 -12.3605
-0.0606061 23227.1 -15.0369
-0.0707071 23212.9 -17.7183
-0.0808081 23198.8 -20.3977
-0.0909091 23186.5 -23.0548
-0.10101 23174.4 -25.7086
-0.111111 23164.1 -28.3337
-0.121212 23154 -30.955
-0.131313 23145.7 -33.5486
-0.141414 23137.7 -36.138
-0.151515 23131.2 -38.7014
-0.161616 23125 -41.26
-0.171717 23120.2 -43.7934
-0.181818 23115.6 -46.3212
-0.191919 23112.3 -48.8236
-0.20202 23109.2 -51.3196
-0.212121 23107 -53.79
-0.222222 23105.1 -56.2532
-0.232323 23104 -58.6911
-0.242424 23103.1 -61.1213
-0.252525 23102.8 -63.5273
-0.262626 23102.6 -65.9254
-0.272727 23103 -68.3009
-0.282828 23103.4 -70.6685
-0.292929 23104.2 -73.0157
-0.30303 23105.1 -75.3552
-0.313131 23106.2 -77.6767
-0.323232 23107.4 -79.9908
-0.333333 23108.7 -82.2891
-0.343434 23110.1 -84.5804
-0.353535 23111.6 -86.858
-0.363636 23113.1 -89.1289
-0.373737 23114.7 -91.3879
-0.383838 23116.3 -93.6406
-0.393939 23117.8 -95.8827
-0.40404 23119.4 -98.1186
-0.414141 23121 -100.345
-0.424242 23122.5 -102.566
-0.434343 23124.1 -104.777
-0.444444 23125.6 -106.983
-0.454545 23127.1 -109.181
-0.464646 23128.6 -111.372
-0.474747 23130.1 -113.555
-0.484848 23131.5 -115.732
-0.494949 23132.9 -117.901
-0.505051 23134.3 -120.063
-0.515152 23135.7 -122.217
-0.525253 23137 -124.363
-0.535354 23138.4 -126.502
-0.545455 23139.7 -128.632
-0.555556 23141.1 -130.754
-0.565657 23142.4 -132.866
-0.575758 23143.8 -134.971
-0.585859 23145.1 -137.064
-0.59596 23146.4 -139.149
-0.606061 23147.8 -141.223
-0.616162 23149.1 -143.287
-0.626263 23150.5 -145.338
-0.636364 23151.9 -147.381
-0.646465 23153.3 -149.408
-0.656566 23154.7 -151.426
-0.666667 23156.1 -153.427
-0.676768 23157.6 -155.418
-0.686869 23159.1 -157.39
-0.69697 23160.5 -159.353
-0.707071 23162.1 -161.293
-0.717172 23163.6 -163.224
-0.727273 23165.1 -165.13
-0.737374 23166.7 -167.026
-0.747475 23168.3 -168.893
-0.757576 23169.9 -170.751
-0.767677 23171.5 -172.577
-0.777778 23173.1 -174.392
-0.787879 23174.7 -176.172
-0.79798 23176.4 -177.942
-0.808081 23178 -179.673
-0.818182 23179.6 -181.393
-0.828283 23181.2 -183.069
-0.838384 23182.7 -184.735
-0.848485 23184.3 -186.353
-0.858586 23185.8 -187.962
-0.868687 23187.2 -189.518
-0.878788 23188.6 -191.065
-0.888889 23189.9 -192.555
-0.89899 23191.2 -194.037
-0.909091 23192.3 -195.459
-0.919192 23193.4 -196.874
-0.929293 23194.4 -198.225
-0.939394 23195.3 -199.571
-0.949495 23196 -200.85
-0.959596 23196.7 -202.125
-0.969697 23197.1 -203.334
-0.979798 23197.5 -204.539
-0.989899 23197.7 -205.728
-1 23197.8 -206.917
