0 11781.5 0.00136474
-0.010101 13019.6 10.7956
-0.020202 12994.8 21.6026
-0.030303 12975.5 33.1009
-0.040404 12956.4 44.6052
-0.0505051 12942.1 56.2543
-0.0606061 12928 67.9143
-0.0707071 12917.8 79.747
-0.0808081 12907.9 91.592
-0.0909091 12901.2 103.577
-0.10101 12894.8 115.574
-0.111111 12890.9 127.674
-0.121212 12887.3 139.783
-0.131313 12885.6 151.965
-0.141414 12884.1 164.156
-0.151515 12884 176.398
-0.161616 12884.1 188.646
-0.171717 12885.2 200.93
-0.181818 12886.4 213.219
-0.191919 12888.3 225.532
-0.20202 12890.2 237.847
-0.212121 12892.5 250.174
-0.222222 12894.9 262.502
-0.232323 12897.5 274.831
-0.242424 12900 287.158
-0.252525 12902.6 299.477
-0.262626 12905.2 311.791
-0.272727 12907.7 324.088
-0.282828 12910.2 336.376
-0.292929 12912.6 348.641
-0.30303 12914.9 360.894
-0.313131 12917 373.116
-0.323232 12919.1 385.323
-0.333333 12921 397.494
-0.343434 12922.9 409.646
-0.353535 12924.6 421.758
-0.363636 12926.2 433.847
-0.373737 12927.6 445.894
-0.383838 12929 457.913
-0.393939 12930.2 469.888
-0.40404 12931.4 481.831
-0.414141 12932.4 493.728
-0.424242 12933.4 505.589
-0.434343 12934.3 517.402
-0.444444 12935.2 529.175
-0.454545 12935.9 540.899
-0.464646 12936.7 552.58
-0.474747 12937.4 564.21
-0.484848 12938 575.792
-0.494949 12938.6 587.322
-0.505051 12939.2 598.8
-0.515152 12939.7 610.226
-0.525253 12940.3 621.595
-0.535354 12940.8 632.911
-0.545455 12941.3 644.164
-0.555556 12941.8 655.365
-0.565657 12942.3 666.497
-0.575758 12942.9 677.577
-0.585859 12943.4 688.582
-0.59596 12943.9 699.535
-0.606061 12944.5 710.407
-0.616162 12945.1 721.226
-0.626263 12945.7 731.959
-0.636364 12946.3 742.639
-0.646465 12946.9 753.226
-0.656566 12947.6 763.76
-0.666667 12948.3 774.194
-0.676768 12949 784.576
-0.686869 12949.8 794.85
-0.69697 12950.5 805.073
-0.707071 12951.4 815.181
-0.717172 12952.2 825.239
-0.727273 12953.1 835.174
-0.737374 12954.1 845.061
-0.747475 12955 854.816
-0.757576 12956 864.525
-0.767677 12957.1 874.094
-0.777778 12958.2 883.619
-0.787879 12959.3 892.997
-0.79798 12960.5 902.333
-0.808081 12961.7 911.513
-0.818182 12962.9 920.654
-0.828283 12964.1 929.632
-0.838384 12965.4 938.574
-0.848485 12966.7 947.345
-0.858586 12968 956.084
-0.868687 12969.4 964.645
-0.878788 12970.7 973.177
-0.888889 12972 981.525
-0.89899 12973.3 989.847
-0.909091 12974.5 997.98
-0.919192 12975.8 1006.09
-0.929293 12976.9 1014.01
-0.939394 12978 1021.91
-0.949495 12978.9 1029.62
-0.959596 12979.8 1037.32
-0.969697 12980.5 1044.85
-0.979798 12981.1 1052.37
-0.989899 12981.3 1059.7
-1 12981.6 1067.02
