0 23544.9 0.00142428
-0.010101 23604.8 0.141612
-0.020202 23584.1 0.276908
-0.030303 23564.9 0.237335
-0.040404 23545.7 0.196164
-0.0505051 23528.5 0.116635
-0.0606061 23511.4 0.0390389
-0.0707071 23496.5 -0.00828889
-0.0808081 23481.9 -0.0514011
-0.0909091 23469.4 -0.0460341
-0.10101 23457.2 -0.0355011
-0.111111 23447.2 0.0215249
-0.121212 23437.4 0.083951
-0.131313 23429.6 0.185977
-0.141414 23422 0.293485
-0.151515 23416.2 0.434662
-0.161616 23410.6 0.581531
-0.171717 23406.5 0.758282
-0.181818 23402.6 0.941072
-0.191919 23400 1.15137
-0.20202 23397.6 1.36804
-0.212121 23396.1 1.61019
-0.222222 23394.9 1.85888
-0.232323 23394.4 2.13073
-0.242424 23394.1 2.40901
-0.252525 23394.3 2.70762
-0.262626 23394.7 3.01225
-0.272727 23395.5 3.33396
-0.282828 23396.4 3.661
-0.292929 23397.6 4.00171
-0.30303 23398.8 4.34685
-0.313131 23400.3 4.70231
-0.323232 23401.8 5.06117
-0.333333 23403.4 5.42728
-0.343434 23405 5.79572
-0.353535 23406.7 6.1687
-0.363636 23408.3 6.54297
-0.373737 23410 6.91952
-0.383838 23411.7 7.29635
-0.393939 23413.4 7.67364
-0.40404 23415 8.05031
-0.414141 23416.7 8.42602
-0.424242 23418.3 8.80027
-0.434343 23419.8 9.17251
-0.444444 23421.4 9.54258
-0.454545 23422.9 9.90987
-0.464646 23424.4 10.2744
-0.474747 23425.8 10.6355
-0.484848 23427.2 10.9934
-0.494949 23428.6 11.3477
-0.505051 23430 11.6981
-0.515152 23431.4 12.0448
-0.525253 23432.7 12.3873
-0.535354 23434 12.7261
-0.545455 23435.3 13.0603
-0.555556 23436.7 13.3908
-0.565657 23438 13.7166
-0.575758 23439.3 14.0388
-0.585859 23440.6 14.3562
-0.59596 23441.9 14.67
-0.606061 23443.2 14.9791
-0.616162 23444.5 15.2849
-0.626263 23445.9 15.5859
-0.636364 23447.3 15.8839
-0.646465 23448.7 16.1773
-0.656566 23450.1 16.4681
-0.666667 23451.5 16.7546
-0.676768 23452.9 17.0389
-0.686869 23454.4 17.3194
-0.69697 23455.9 17.5981
-0.707071 23457.5 17.8737
-0.717172 23459 18.148
-0.727273 23460.6 18.4202
-0.737374 23462.2 18.6916
-0.747475 23463.8 18.9622
-0.757576 23465.4 19.2324
-0.767677 23467.1 19.5034
-0.777778 23468.8 19.7747
-0.787879 23470.5 20.0485
-0.79798 23472.2 20.323
-0.808081 23473.8 20.6022
-0.818182 23475.5 20.8827
-0.828283 23477.2 21.1701
-0.838384 23478.9 21.4592
-0.848485 23480.5 21.7577
-0.858586 23482.1 22.0581
-0.868687 23483.7 22.3705
-0.878788 23485.2 22.6849
-0.888889 23486.7 23.0138
-0.89899 23488.1 23.3447
-0.909091 23489.4 23.6923
-0.919192 23490.6 24.0418
-0.929293 23491.7 24.4102
-0.939394 23492.7 24.7802
-0.949495 23493.5 25.1714
-0.959596 23494.3 25.564
-0.969697 23494.8 25.9827
-0.979798 23495.3 26.4025
-0.989899 23495.5 26.7973
-1 23495.7 27.1916
