0 17643.8 0.00164749
-0.010101 18570 7.92942
-0.020202 18544 15.8645
-0.030303 18522.5 24.2367
-0.040404 18501.2 32.6126
-0.0505051 18484.1 41.0794
-0.0606061 18467.2 49.555
-0.0707071 18454.1 58.1682
-0.0808081 18441.2 66.7919
-0.0909091 18431.6 75.5368
-0.10101 18422.2 84.2921
-0.111111 18415.5 93.14
-0.121212 18409.1 101.997
-0.131313 18404.8 110.923
-0.141414 18400.9 119.857
-0.151515 18398.5 128.841
-0.161616 18396.5 137.832
-0.171717 18395.7 146.861
-0.181818 18395.1 155.896
-0.191919 18395.4 164.958
-0.20202 18395.9 174.025
-0.212121 18397.1 183.11
-0.222222 18398.3 192.198
-0.232323 18400 201.296
-0.242424 18401.7 210.396
-0.252525 18403.7 219.497
-0.262626 18405.8 228.596
-0.272727 18407.9 237.691
-0.282828 18410.1 246.78
-0.292929 18412.3 255.858
-0.30303 18414.4 264.929
-0.313131 18416.5 273.982
-0.323232 18418.6 283.024
-0.333333 18420.6 292.043
-0.343434 18422.6 301.049
-0.353535 18424.5 310.029
-0.363636 18426.3 318.991
-0.373737 18428 327.924
-0.383838 18429.6 336.836
-0.393939 18431.2 345.717
-0.40404 18432.7 354.574
-0.414141 18434.1 363.396
-0.424242 18435.4 372.193
-0.434343 18436.7 380.953
-0.444444 18437.9 389.684
-0.454545 18439 398.378
-0.464646 18440.1 407.039
-0.474747 18441.2 415.661
-0.484848 18442.2 424.248
-0.494949 18443.2 432.795
-0.505051 18444.1 441.303
-0.515152 18445 449.771
-0.525253 18445.9 458.196
-0.535354 18446.8 466.581
-0.545455 18447.7 474.919
-0.555556 18448.6 483.216
-0.565657 18449.5 491.463
-0.575758 18450.4 499.669
-0.585859 18451.3 507.819
-0.59596 18452.2 515.929
-0.606061 18453.1 523.979
-0.616162 18454 531.989
-0.626263 18455 539.934
-0.636364 18455.9 547.839
-0.646465 18456.9 555.675
-0.656566 18458 563.471
-0.666667 18459 571.193
-0.676768 18460.1 578.875
-0.686869 18461.2 586.478
-0.69697 18462.4 594.043
-0.707071 18463.6 601.522
-0.717172 18464.8 608.965
-0.727273 18466 616.317
-0.737374 18467.3 623.633
-0.747475 18468.7 630.853
-0.757576 18470 638.04
-0.767677 18471.4 645.124
-0.777778 18472.9 652.177
-0.787879 18474.3 659.123
-0.79798 18475.8 666.039
-0.808081 18477.4 672.843
-0.818182 18478.9 679.619
-0.828283 18480.5 686.279
-0.838384 18482 692.913
-0.848485 18483.6 699.426
-0.858586 18485.2 705.916
-0.868687 18486.8 712.281
-0.878788 18488.3 718.626
-0.888889 18489.8 724.842
-0.89899 18491.3 731.04
-0.909091 18492.7 737.106
-0.919192 18494.1 743.158
-0.929293 18495.3 749.076
-0.939394 18496.5 754.983
-0.949495 18497.5 760.759
-0.959596 18498.5 766.526
-0.969697 18499.1 772.178
-0.979798 18499.8 777.825
-0.989899 18500 783.32
-1 18500.3 788.811
