0 20068.3 0.00226152
-0.010101 19238 -7.69712
-0.020202 19230.9 -15.4132
-0.030303 19221.5 -23.8473
-0.040404 19212.1 -32.2878
-0.0505051 19201.7 -40.8811
-0.0606061 19191.2 -49.4801
-0.0707071 19180.5 -58.1684
-0.0808081 19169.8 -66.8606
-0.0909091 19159.6 -75.5966
-0.10101 19149.4 -84.3345
-0.111111 19140 -93.0909
-0.121212 19130.7 -101.848
-0.131313 19122.4 -110.61
-0.141414 19114.3 -119.371
-0.151515 19107.3 -128.129
-0.161616 19100.4 -136.885
-0.171717 19094.6 -145.631
-0.181818 19089.1 -154.373
-0.191919 19084.5 -163.098
-0.20202 19080.1 -171.818
-0.212121 19076.7 -180.515
-0.222222 19073.4 -189.205
-0.232323 19071 -197.868
-0.242424 19068.7 -206.521
-0.252525 19067.1 -215.144
-0.262626 19065.7 -223.756
-0.272727 19064.8 -232.335
-0.282828 19064.1 -240.901
-0.292929 19063.8 -249.434
-0.30303 19063.7 -257.952
-0.313131 19063.8 -266.435
-0.323232 19064.1 -274.903
-0.333333 19064.7 -283.337
-0.343434 19065.3 -291.753
-0.353535 19066.1 -300.135
-0.363636 19067 -308.498
-0.373737 19068 -316.828
-0.383838 19069.1 -325.138
-0.393939 19070.2 -333.414
-0.40404 19071.4 -341.668
-0.414141 19072.6 -349.89
-0.424242 19073.8 -358.087
-0.434343 19075.1 -366.252
-0.444444 19076.3 -374.39
-0.454545 19077.6 -382.496
-0.464646 19078.9 -390.574
-0.474747 19080.1 -398.618
-0.484848 19081.4 -406.632
-0.494949 19082.7 -414.613
-0.505051 19083.9 -422.56
-0.515152 19085.1 -430.473
-0.525253 19086.4 -438.35
-0.535354 19087.6 -446.193
-0.545455 19088.8 -453.996
-0.555556 19090.1 -461.765
-0.565657 19091.3 -469.49
-0.575758 19092.5 -477.181
-0.585859 19093.7 -484.823
-0.59596 19094.9 -492.431
-0.606061 19096.1 -499.987
-0.616162 19097.3 -507.508
-0.626263 19098.5 -514.972
-0.636364 19099.7 -522.4
-0.646465 19101 -529.766
-0.656566 19102.2 -537.098
-0.666667 19103.4 -544.361
-0.676768 19104.7 -551.589
-0.686869 19105.9 -558.743
-0.69697 19107.2 -565.862
-0.707071 19108.4 -572.901
-0.717172 19109.7 -579.905
-0.727273 19110.9 -586.822
-0.737374 19112.2 -593.704
-0.747475 19113.5 -600.492
-0.757576 19114.7 -607.246
-0.767677 19116 -613.898
-0.777778 19117.2 -620.517
-0.787879 19118.5 -627.025
-0.79798 19119.7 -633.502
-0.808081 19120.9 -639.859
-0.818182 19122.1 -646.187
-0.828283 19123.2 -652.387
-0.838384 19124.3 -658.559
-0.848485 19125.3 -664.595
-0.858586 19126.3 -670.605
-0.868687 19127.3 -676.471
-0.878788 19128.2 -682.313
-0.888889 19129 -688.003
-0.89899 19129.7 -693.672
-0.909091 19130.4 -699.183
-0.919192 19131 -704.676
-0.929293 19131.5 -710.005
-0.939394 19131.9 -715.32
-0.949495 19132.3 -720.47
-0.959596 19132.6 -725.61
-0.969697 19132.7 -730.592
-0.979798 19132.9 -735.568
-0.989899 19132.9 -740.431
-1 19132.9 -745.291
