0 22109.1 0.00166028
-0.010101 22565.2 3.68272
-0.020202 22541 7.36412
-0.030303 22519.7 11.139
-0.040404 22498.6 14.9147
-0.0505051 22480.5 18.7087
-0.0606061 22462.6 22.5078
-0.0707071 22447.7 26.3874
-0.0808081 22433.1 30.2743
-0.0909091 22421.3 34.2453
-0.10101 22409.7 38.2241
-0.111111 22400.7 42.2727
-0.121212 22391.9 46.3289
-0.131313 22385.3 50.4397
-0.141414 22378.9 54.5576
-0.151515 22374.4 58.7185
-0.161616 22370.1 62.8861
-0.171717 22367.3 67.0886
-0.181818 22364.7 71.2974
-0.191919 22363.3 75.5351
-0.20202 22362.1 79.7788
-0.212121 22361.7 84.0461
-0.222222 22361.5 88.3186
-0.232323 22362 92.6097
-0.242424 22362.6 96.9049
-0.252525 22363.7 101.213
-0.262626 22364.8 105.524
-0.272727 22366.3 109.844
-0.282828 22367.8 114.164
-0.292929 22369.5 118.487
-0.30303 22371.2 122.809
-0.313131 22373 127.13
-0.323232 22374.9 131.447
-0.333333 22376.8 135.759
-0.343434 22378.6 140.066
-0.353535 22380.5 144.364
-0.363636 22382.3 148.654
-0.373737 22384.1 152.933
-0.383838 22385.8 157.203
-0.393939 22387.5 161.458
-0.40404 22389.2 165.702
-0.414141 22390.8 169.931
-0.424242 22392.4 174.146
-0.434343 22393.9 178.344
-0.444444 22395.4 182.527
-0.454545 22396.8 186.692
-0.464646 22398.2 190.84
-0.474747 22399.5 194.969
-0.484848 22400.8 199.079
-0.494949 22402.1 203.169
-0.505051 22403.4 207.24
-0.515152 22404.6 211.29
-0.525253 22405.8 215.317
-0.535354 22407 219.325
-0.545455 22408.2 223.308
-0.555556 22409.4 227.271
-0.565657 22410.6 231.208
-0.575758 22411.7 235.124
-0.585859 22412.9 239.012
-0.59596 22414.1 242.88
-0.606061 22415.3 246.718
-0.616162 22416.6 250.536
-0.626263 22417.8 254.321
-0.636364 22419.1 258.086
-0.646465 22420.4 261.817
-0.656566 22421.7 265.529
-0.666667 22423 269.204
-0.676768 22424.4 272.86
-0.686869 22425.8 276.478
-0.69697 22427.2 280.077
-0.707071 22428.6 283.636
-0.717172 22430.1 287.177
-0.727273 22431.6 290.676
-0.737374 22433.2 294.158
-0.747475 22434.7 297.596
-0.757576 22436.3 301.019
-0.767677 22438 304.396
-0.777778 22439.6 307.758
-0.787879 22441.3 311.074
-0.79798 22443 314.376
-0.808081 22444.7 317.631
-0.818182 22446.4 320.873
-0.828283 22448.1 324.067
-0.838384 22449.9 327.25
-0.848485 22451.5 330.385
-0.858586 22453.2 333.509
-0.868687 22454.9 336.584
-0.878788 22456.5 339.652
-0.888889 22458 342.669
-0.89899 22459.6 345.68
-0.909091 22461 348.64
-0.919192 22462.3 351.595
-0.929293 22463.5 354.501
-0.939394 22464.7 357.403
-0.949495 22465.6 360.258
-0.959596 22466.6 363.11
-0.969697 22467.2 365.926
-0.979798 22467.8 368.739
-0.989899 22468 371.469
-1 22468.2 374.197
