0 -13161.8 -0.00146043
-0.010101 -14342.8 -10.2652
-0.020202 -14317.5 -20.5405
-0.030303 -14297.6 -31.458
-0.040404 -14277.9 -42.381
-0.0505051 -14262.8 -53.4384
-0.0606061 -14247.9 -64.5065
-0.0707071 -14237 -75.7412
-0.0808081 -14226.4 -86.9879
-0.0909091 -14219 -98.3723
-0.10101 -14211.9 -109.768
-0.111111 -14207.4 -121.265
-0.121212 -14203.1 -132.772
-0.131313 -14200.8 -144.352
-0.141414 -14198.8 -155.939
-0.151515 -14198.2 -167.579
-0.161616 -14197.8 -179.226
-0.171717 -14198.5 -190.909
-0.181818 -14199.3 -202.597
-0.191919 -14200.9 -214.309
-0.20202 -14202.5 -226.025
-0.212121 -14204.6 -237.755
-0.222222 -14206.8 -249.485
-0.232323 -14209.2 -261.22
-0.242424 -14211.6 -272.952
-0.252525 -14214.1 -284.679
-0.262626 -14216.6 -296.401
-0.272727 -14219 -308.109
-0.282828 -14221.5 -319.809
-0.292929 -14223.8 -331.489
-0.30303 -14226.1 -343.156
-0.313131 -14228.3 -354.796
-0.323232 -14230.4 -366.421
-0.333333 -14232.3 -378.014
-0.343434 -14234.2 -389.588
-0.353535 -14235.9 -401.125
-0.363636 -14237.6 -412.64
-0.373737 -14239.1 -424.116
-0.383838 -14240.5 -435.565
-0.393939 -14241.9 -446.971
-0.40404 -14243.1 -458.348
-0.414141 -14244.2 -469.681
-0.424242 -14245.3 -480.98
-0.434343 -14246.3 -492.233
-0.444444 -14247.2 -503.448
-0.454545 -14248.1 -514.616
-0.464646 -14248.9 -525.743
-0.474747 -14249.7 -536.821
-0.484848 -14250.4 -547.853
-0.494949 -14251.1 -558.836
-0.505051 -14251.8 -569.77
-0.515152 -14252.4 -580.653
-0.525253 -14253 -591.482
-0.535354 -14253.6 -602.26
-0.545455 -14254.2 -612.978
-0.555556 -14254.8 -623.646
-0.565657 -14255.4 -634.249
-0.575758 -14256 -644.801
-0.585859 -14256.7 -655.283
-0.59596 -14257.3 -665.714
-0.606061 -14257.9 -676.069
-0.616162 -14258.6 -686.372
-0.626263 -14259.3 -696.594
-0.636364 -14259.9 -706.764
-0.646465 -14260.7 -716.846
-0.656566 -14261.4 -726.878
-0.666667 -14262.2 -736.814
-0.676768 -14263 -746.701
-0.686869 -14263.9 -756.485
-0.69697 -14264.7 -766.22
-0.707071 -14265.6 -775.846
-0.717172 -14266.6 -785.424
-0.727273 -14267.6 -794.885
-0.737374 -14268.6 -804.301
-0.747475 -14269.6 -813.591
-0.757576 -14270.7 -822.837
-0.767677 -14271.9 -831.951
-0.777778 -14273 -841.023
-0.787879 -14274.3 -849.954
-0.79798 -14275.5 -858.847
-0.808081 -14276.8 -867.591
-0.818182 -14278.1 -876.299
-0.828283 -14279.4 -884.853
-0.838384 -14280.8 -893.372
-0.848485 -14282.1 -901.731
-0.858586 -14283.5 -910.058
-0.868687 -14284.9 -918.217
-0.878788 -14286.3 -926.35
-0.888889 -14287.7 -934.308
-0.89899 -14289 -942.243
-0.909091 -14290.3 -949.999
-0.919192 -14291.6 -957.735
-0.929293 -14292.7 -965.289
-0.939394 -14293.9 -972.828
-0.949495 -14294.8 -980.188
-0.959596 -14295.7 -987.536
-0.969697 -14296.4 -994.723
-0.979798 -14297 -1001.9
-0.989899 -14297.3 -1008.89
-1 -14297.5 -1015.88
