0 12708.3 0.0014092
-0.010101 13909 10.4482
-0.020202 13883.9 20.907
-0.030303 13864.1 32.0246
-0.040404 13844.6 43.1479
-0.0505051 13829.7 54.409
-0.0606061 13815.1 65.6808
-0.0707071 13804.5 77.1212
-0.0808081 13794.1 88.5737
-0.0909091 13786.9 100.165
-0.10101 13780.1 111.767
-0.111111 13775.7 123.471
-0.121212 13771.7 135.185
-0.131313 13769.6 146.972
-0.141414 13767.7 158.767
-0.151515 13767.3 170.613
-0.161616 13767.1 182.466
-0.171717 13767.9 194.355
-0.181818 13768.9 206.25
-0.191919 13770.5 218.168
-0.20202 13772.3 230.09
-0.212121 13774.4 242.024
-0.222222 13776.7 253.959
-0.232323 13779.1 265.897
-0.242424 13781.6 277.834
-0.252525 13784.1 289.763
-0.262626 13786.6 301.688
-0.272727 13789.1 313.598
-0.282828 13791.6 325.5
-0.292929 13793.9 337.379
-0.30303 13796.2 349.247
-0.313131 13798.4 361.087
-0.323232 13800.5 372.91
-0.333333 13802.4 384.701
-0.343434 13804.3 396.473
-0.353535 13806 408.207
-0.363636 13807.6 419.918
-0.373737 13809.1 431.589
-0.383838 13810.6 443.233
-0.393939 13811.8 454.834
-0.40404 13813.1 466.404
-0.414141 13814.2 477.929
-0.424242 13815.2 489.42
-0.434343 13816.2 500.865
-0.444444 13817.1 512.271
-0.454545 13817.9 523.628
-0.464646 13818.7 534.944
-0.474747 13819.4 546.211
-0.484848 13820.1 557.431
-0.494949 13820.8 568.601
-0.505051 13821.4 579.72
-0.515152 13822.1 590.789
-0.525253 13822.6 601.802
-0.535354 13823.2 612.763
-0.545455 13823.8 623.664
-0.555556 13824.4 634.514
-0.565657 13825 645.298
-0.575758 13825.5 656.03
-0.585859 13826.1 666.69
-0.59596 13826.7 677.299
-0.606061 13827.3 687.83
-0.616162 13828 698.31
-0.626263 13828.6 708.705
-0.636364 13829.3 719.05
-0.646465 13830 729.304
-0.656566 13830.7 739.507
-0.666667 13831.5 749.613
-0.676768 13832.2 759.668
-0.686869 13833 769.619
-0.69697 13833.9 779.521
-0.707071 13834.8 789.311
-0.717172 13835.7 799.053
-0.727273 13836.6 808.676
-0.737374 13837.6 818.251
-0.747475 13838.7 827.7
-0.757576 13839.7 837.104
-0.767677 13840.8 846.373
-0.777778 13842 855.599
-0.787879 13843.2 864.683
-0.79798 13844.4 873.726
-0.808081 13845.6 882.619
-0.818182 13846.9 891.475
-0.828283 13848.2 900.173
-0.838384 13849.5 908.836
-0.848485 13850.9 917.335
-0.858586 13852.3 925.802
-0.868687 13853.6 934.099
-0.878788 13855 942.367
-0.888889 13856.3 950.458
-0.89899 13857.7 958.524
-0.909091 13858.9 966.408
-0.919192 13860.2 974.272
-0.929293 13861.3 981.95
-0.939394 13862.5 989.613
-0.949495 13863.4 997.092
-0.959596 13864.3 1004.56
-0.969697 13865 1011.86
-0.979798 13865.6 1019.16
-0.989899 13865.9 1026.26
-1 13866.1 1033.36
