0 23631.4 0.00253892
-0.010101 23556.7 -1.05062
-0.020202 23537.5 -2.11149
-0.030303 23519.3 -3.43539
-0.040404 23501.1 -4.76168
-0.0505051 23484.4 -6.14511
-0.0606061 23467.9 -7.52774
-0.0707071 23453.3 -8.89777
-0.0808081 23438.9 -10.2647
-0.0909091 23426.4 -11.5961
-0.10101 23414.2 -12.9233
-0.111111 23404 -14.2127
-0.121212 23394.1 -15.4975
-0.131313 23385.9 -16.7485
-0.141414 23378.1 -17.9947
-0.151515 23371.9 -19.2109
-0.161616 23366 -20.4219
-0.171717 23361.5 -21.6052
-0.181818 23357.3 -22.7826
-0.191919 23354.3 -23.9335
-0.20202 23351.5 -25.078
-0.212121 23349.7 -26.1968
-0.222222 23348.2 -27.3087
-0.232323 23347.3 -28.3963
-0.242424 23346.7 -29.4768
-0.252525 23346.7 -30.5349
-0.262626 23346.8 -31.586
-0.272727 23347.4 -32.6173
-0.282828 23348.1 -33.6418
-0.292929 23349 -34.6493
-0.30303 23350.1 -35.6507
-0.313131 23351.4 -36.6378
-0.323232 23352.8 -37.6195
-0.333333 23354.2 -38.5897
-0.343434 23355.7 -39.5552
-0.353535 23357.3 -40.5115
-0.363636 23358.9 -41.4638
-0.373737 23360.6 -42.409
-0.383838 23362.2 -43.3508
-0.393939 23363.8 -44.2871
-0.40404 23365.5 -45.2207
-0.414141 23367.1 -46.15
-0.424242 23368.6 -47.0769
-0.434343 23370.2 -48.0006
-0.444444 23371.7 -48.9222
-0.454545 23373.3 -49.8412
-0.464646 23374.7 -50.7583
-0.474747 23376.2 -51.6733
-0.484848 23377.6 -52.5864
-0.494949 23379 -53.4977
-0.505051 23380.4 -54.4071
-0.515152 23381.8 -55.3146
-0.525253 23383.2 -56.2202
-0.535354 23384.5 -57.124
-0.545455 23385.9 -58.0255
-0.555556 23387.2 -58.9251
-0.565657 23388.5 -59.8221
-0.575758 23389.8 -60.717
-0.585859 23391.2 -61.6087
-0.59596 23392.5 -62.4982
-0.606061 23393.8 -63.384
-0.616162 23395.2 -64.2672
-0.626263 23396.6 -65.1458
-0.636364 23397.9 -66.0217
-0.646465 23399.3 -66.8921
-0.656566 23400.7 -67.7594
-0.666667 23402.2 -68.6201
-0.676768 23403.6 -69.4773
-0.686869 23405.1 -70.3266
-0.69697 23406.6 -71.172
-0.707071 23408.2 -72.0079
-0.717172 23409.7 -72.8396
-0.727273 23411.3 -73.6597
-0.737374 23412.9 -74.4753
-0.747475 23414.5 -75.2771
-0.757576 23416.1 -76.0741
-0.767677 23417.7 -76.8548
-0.777778 23419.4 -77.6303
-0.787879 23421.1 -78.3865
-0.79798 23422.7 -79.1374
-0.808081 23424.4 -79.8659
-0.818182 23426 -80.5888
-0.828283 23427.7 -81.286
-0.838384 23429.3 -81.9776
-0.848485 23430.9 -82.64
-0.858586 23432.5 -83.2969
-0.868687 23434 -83.9212
-0.878788 23435.4 -84.5401
-0.888889 23436.8 -85.1232
-0.89899 23438.2 -85.7013
-0.909091 23439.4 -86.2405
-0.919192 23440.6 -86.7754
-0.929293 23441.6 -87.2688
-0.939394 23442.6 -87.7585
-0.949495 23443.3 -88.2045
-0.959596 23444 -88.6477
-0.969697 23444.5 -89.0441
-0.979798 23445 -89.4384
-0.989899 23445.1 -89.8374
-1 23445.3 -90.2364
