0 -11308.6 -0.00130909
-0.010101 -12564.5 -10.9593
-0.020202 -12540 -21.9303
-0.030303 -12520.9 -33.6087
-0.040404 -12502 -45.2932
-0.0505051 -12487.9 -57.1262
-0.0606061 -12474.1 -68.9703
-0.0707071 -12464.1 -80.9892
-0.0808081 -12454.5 -93.0204
-0.0909091 -12448.1 -105.193
-0.10101 -12441.9 -117.378
-0.111111 -12438.2 -129.665
-0.121212 -12434.8 -141.963
-0.131313 -12433.3 -154.334
-0.141414 -12432 -166.712
-0.151515 -12432.1 -179.143
-0.161616 -12432.3 -191.58
-0.171717 -12433.5 -204.053
-0.181818 -12434.9 -216.53
-0.191919 -12436.8 -229.031
-0.20202 -12438.9 -241.534
-0.212121 -12441.3 -254.049
-0.222222 -12443.7 -266.565
-0.232323 -12446.3 -279.081
-0.242424 -12448.9 -291.595
-0.252525 -12451.6 -304.101
-0.262626 -12454.2 -316.601
-0.272727 -12456.7 -329.085
-0.282828 -12459.2 -341.559
-0.292929 -12461.6 -354.008
-0.30303 -12463.9 -366.445
-0.313131 -12466 -378.852
-0.323232 -12468.1 -391.242
-0.333333 -12470 -403.597
-0.343434 -12471.8 -415.931
-0.353535 -12473.5 -428.226
-0.363636 -12475.1 -440.497
-0.373737 -12476.5 -452.725
-0.383838 -12477.8 -464.925
-0.393939 -12479 -477.08
-0.40404 -12480.2 -489.203
-0.414141 -12481.2 -501.278
-0.424242 -12482.2 -513.318
-0.434343 -12483 -525.309
-0.444444 -12483.9 -537.26
-0.454545 -12484.6 -549.16
-0.464646 -12485.3 -561.017
-0.474747 -12485.9 -572.822
-0.484848 -12486.6 -584.579
-0.494949 -12487.1 -596.284
-0.505051 -12487.7 -607.935
-0.515152 -12488.2 -619.534
-0.525253 -12488.7 -631.074
-0.535354 -12489.2 -642.561
-0.545455 -12489.7 -653.985
-0.555556 -12490.2 -665.356
-0.565657 -12490.7 -676.657
-0.575758 -12491.2 -687.904
-0.585859 -12491.7 -699.077
-0.59596 -12492.2 -710.195
-0.606061 -12492.7 -721.233
-0.616162 -12493.3 -732.216
-0.626263 -12493.8 -743.112
-0.636364 -12494.4 -753.955
-0.646465 -12495 -764.702
-0.656566 -12495.6 -775.397
-0.666667 -12496.3 -785.989
-0.676768 -12497 -796.529
-0.686869 -12497.7 -806.96
-0.69697 -12498.5 -817.339
-0.707071 -12499.3 -827.601
-0.717172 -12500.1 -837.813
-0.727273 -12501 -847.899
-0.737374 -12501.9 -857.936
-0.747475 -12502.8 -867.84
-0.757576 -12503.8 -877.696
-0.767677 -12504.8 -887.411
-0.777778 -12505.9 -897.081
-0.787879 -12507 -906.601
-0.79798 -12508.1 -916.079
-0.808081 -12509.3 -925.399
-0.818182 -12510.5 -934.679
-0.828283 -12511.7 -943.792
-0.838384 -12512.9 -952.87
-0.848485 -12514.2 -961.773
-0.858586 -12515.5 -970.644
-0.868687 -12516.8 -979.334
-0.878788 -12518.1 -987.994
-0.888889 -12519.4 -996.466
-0.89899 -12520.7 -1004.91
-0.909091 -12521.9 -1013.17
-0.919192 -12523.1 -1021.4
-0.929293 -12524.2 -1029.44
-0.939394 -12525.3 -1037.46
-0.949495 -12526.2 -1045.28
-0.959596 -12527.1 -1053.09
-0.969697 -12527.8 -1060.73
-0.979798 -12528.4 -1068.36
-0.989899 -12528.6 -1075.79
-1 -12528.9 -1083.22
