0 -23158.8 -0.00248426
-0.010101 -23386 -1.63656
-0.020202 -23363.7 -3.26701
-0.030303 -23343.4 -4.8335
-0.040404 -23323.2 -6.39936
-0.0505051 -23305.5 -7.95011
-0.0606061 -23287.9 -9.50416
-0.0707071 -23272.9 -11.1098
-0.0808081 -23258.1 -12.721
-0.0909091 -23245.8 -14.3961
-0.10101 -23233.8 -16.0775
-0.111111 -23224 -17.8157
-0.121212 -23214.6 -19.5602
-0.131313 -23207.2 -21.351
-0.141414 -23200.1 -23.1481
-0.151515 -23194.7 -24.9831
-0.161616 -23189.6 -26.8243
-0.171717 -23186 -28.6977
-0.181818 -23182.7 -30.5774
-0.191919 -23180.5 -32.4855
-0.20202 -23178.6 -34.3999
-0.212121 -23177.6 -36.3392
-0.222222 -23176.8 -38.2846
-0.232323 -23176.7 -40.2515
-0.242424 -23176.8 -42.2239
-0.252525 -23177.3 -44.2138
-0.262626 -23178.1 -46.2085
-0.272727 -23179.1 -48.2166
-0.282828 -23180.3 -50.2283
-0.292929 -23181.7 -52.2493
-0.30303 -23183.2 -54.2725
-0.313131 -23184.8 -56.3011
-0.323232 -23186.5 -58.3306
-0.333333 -23188.2 -60.3618
-0.343434 -23189.9 -62.3925
-0.353535 -23191.7 -64.4219
-0.363636 -23193.4 -66.4491
-0.373737 -23195.2 -68.4726
-0.383838 -23196.9 -70.4926
-0.393939 -23198.6 -72.5068
-0.40404 -23200.3 -74.516
-0.414141 -23201.9 -76.5179
-0.424242 -23203.5 -78.5136
-0.434343 -23205.1 -80.5007
-0.444444 -23206.6 -82.4804
-0.454545 -23208.1 -84.4506
-0.464646 -23209.6 -86.4122
-0.474747 -23211 -88.3638
-0.484848 -23212.4 -90.3057
-0.494949 -23213.7 -92.2371
-0.505051 -23215.1 -94.1578
-0.515152 -23216.4 -96.0678
-0.525253 -23217.7 -97.966
-0.535354 -23219 -99.8534
-0.545455 -23220.2 -101.728
-0.555556 -23221.5 -103.592
-0.565657 -23222.8 -105.442
-0.575758 -23224 -107.281
-0.585859 -23225.3 -109.106
-0.59596 -23226.6 -110.92
-0.606061 -23227.9 -112.719
-0.616162 -23229.2 -114.507
-0.626263 -23230.5 -116.279
-0.636364 -23231.8 -118.041
-0.646465 -23233.2 -119.785
-0.656566 -23234.6 -121.52
-0.666667 -23236 -123.237
-0.676768 -23237.4 -124.945
-0.686869 -23238.8 -126.634
-0.69697 -23240.3 -128.314
-0.707071 -23241.8 -129.976
-0.717172 -23243.4 -131.63
-0.727273 -23244.9 -133.264
-0.737374 -23246.5 -134.891
-0.747475 -23248.1 -136.499
-0.757576 -23249.8 -138.1
-0.767677 -23251.5 -139.683
-0.777778 -23253.1 -141.259
-0.787879 -23254.8 -142.817
-0.79798 -23256.5 -144.371
-0.808081 -23258.2 -145.906
-0.818182 -23260 -147.438
-0.828283 -23261.7 -148.953
-0.838384 -23263.4 -150.464
-0.848485 -23265.1 -151.961
-0.858586 -23266.7 -153.455
-0.868687 -23268.3 -154.934
-0.878788 -23269.9 -156.412
-0.888889 -23271.4 -157.877
-0.89899 -23272.9 -159.341
-0.909091 -23274.2 -160.793
-0.919192 -23275.5 -162.245
-0.929293 -23276.7 -163.686
-0.939394 -23277.8 -165.127
-0.949495 -23278.6 -166.561
-0.959596 -23279.5 -167.994
-0.969697 -23280 -169.427
-0.979798 -23280.6 -170.861
-0.989899 -23280.8 -172.243
-1 -23281 -173.625
