0 -8091.6 -0.00100886
-0.010101 -6691.43 12.5586
-0.020202 -6701.28 25.139
-0.030303 -6706.01 38.6961
-0.040404 -6710.59 52.2618
-0.0505051 -6711.44 66.0339
-0.0606061 -6712.12 79.8171
-0.0707071 -6710.22 93.7754
-0.0808081 -6708.16 107.744
-0.0909091 -6704.44 121.833
-0.10101 -6700.61 135.931
-0.111111 -6695.81 150.106
-0.121212 -6690.96 164.288
-0.131313 -6685.67 178.518
-0.141414 -6680.38 192.754
-0.151515 -6675.03 207.018
-0.161616 -6669.73 221.285
-0.171717 -6664.63 235.566
-0.181818 -6659.61 249.847
-0.191919 -6654.95 264.13
-0.20202 -6650.42 278.411
-0.212121 -6646.33 292.681
-0.222222 -6642.38 306.947
-0.232323 -6638.92 321.192
-0.242424 -6635.61 335.429
-0.252525 -6632.77 349.638
-0.262626 -6630.1 363.835
-0.272727 -6627.86 377.997
-0.282828 -6625.79 392.143
-0.292929 -6624.11 406.249
-0.30303 -6622.57 420.336
-0.313131 -6621.38 434.379
-0.323232 -6620.33 448.399
-0.333333 -6619.56 462.372
-0.343434 -6618.91 476.319
-0.353535 -6618.5 490.216
-0.363636 -6618.19 504.084
-0.373737 -6618.06 517.9
-0.383838 -6618.02 531.684
-0.393939 -6618.12 545.414
-0.40404 -6618.29 559.109
-0.414141 -6618.57 572.749
-0.424242 -6618.9 586.35
-0.434343 -6619.3 599.895
-0.444444 -6619.75 613.396
-0.454545 -6620.24 626.841
-0.464646 -6620.76 640.238
-0.474747 -6621.32 653.579
-0.484848 -6621.89 666.866
-0.494949 -6622.48 680.096
-0.505051 -6623.08 693.268
-0.515152 -6623.7 706.382
-0.525253 -6624.31 719.432
-0.535354 -6624.93 732.425
-0.545455 -6625.54 745.348
-0.555556 -6626.15 758.212
-0.565657 -6626.76 771
-0.575758 -6627.37 783.73
-0.585859 -6627.96 796.377
-0.59596 -6628.55 808.964
-0.606061 -6629.13 821.462
-0.616162 -6629.7 833.901
-0.626263 -6630.26 846.243
-0.636364 -6630.82 858.525
-0.646465 -6631.36 870.701
-0.656566 -6631.89 882.819
-0.666667 -6632.4 894.822
-0.676768 -6632.91 906.767
-0.686869 -6633.39 918.588
-0.69697 -6633.87 930.351
-0.707071 -6634.32 941.981
-0.717172 -6634.76 953.554
-0.727273 -6635.18 964.984
-0.737374 -6635.58 976.358
-0.747475 -6635.94 987.578
-0.757576 -6636.29 998.744
-0.767677 -6636.6 1009.75
-0.777778 -6636.89 1020.69
-0.787879 -6637.13 1031.47
-0.79798 -6637.35 1042.19
-0.808081 -6637.52 1052.73
-0.818182 -6637.66 1063.22
-0.828283 -6637.74 1073.51
-0.838384 -6637.8 1083.75
-0.848485 -6637.78 1093.79
-0.858586 -6637.75 1103.79
-0.868687 -6637.64 1113.56
-0.878788 -6637.52 1123.3
-0.888889 -6637.32 1132.81
-0.89899 -6637.11 1142.29
-0.909091 -6636.84 1151.53
-0.919192 -6636.55 1160.75
-0.929293 -6636.23 1169.72
-0.939394 -6635.9 1178.67
-0.949495 -6635.57 1187.37
-0.959596 -6635.24 1196.06
-0.969697 -6634.97 1204.52
-0.979798 -6634.7 1212.97
-0.989899 -6634.58 1221.22
-1 -6634.47 1229.46
