0 14256.1 0.00168682
-0.010101 13046.9 -10.9638
-0.020202 13049.3 -21.9494
-0.030303 13047.6 -33.8446
-0.040404 13045.7 -45.7479
-0.0505051 13041.2 -57.844
-0.0606061 13036.6 -69.9493
-0.0707071 13030.5 -82.1989
-0.0808081 13024.2 -94.4565
-0.0909091 13017.1 -106.805
-0.10101 13010.1 -119.16
-0.111111 13002.8 -131.568
-0.121212 12995.6 -143.98
-0.131313 12988.6 -156.424
-0.141414 12981.6 -168.87
-0.151515 12975.2 -181.331
-0.161616 12968.8 -193.792
-0.171717 12963.1 -206.258
-0.181818 12957.5 -218.721
-0.191919 12952.6 -231.178
-0.20202 12947.9 -243.63
-0.212121 12943.9 -256.067
-0.222222 12940.1 -268.496
-0.232323 12936.9 -280.902
-0.242424 12933.9 -293.298
-0.252525 12931.5 -305.663
-0.262626 12929.2 -318.016
-0.272727 12927.5 -330.333
-0.282828 12926 -342.635
-0.292929 12924.9 -354.897
-0.30303 12923.9 -367.142
-0.313131 12923.3 -379.344
-0.323232 12922.8 -391.526
-0.333333 12922.6 -403.664
-0.343434 12922.6 -415.778
-0.353535 12922.7 -427.848
-0.363636 12923 -439.892
-0.373737 12923.4 -451.89
-0.383838 12923.8 -463.859
-0.393939 12924.4 -475.781
-0.40404 12925.1 -487.672
-0.414141 12925.8 -499.516
-0.424242 12926.6 -511.326
-0.434343 12927.4 -523.087
-0.444444 12928.3 -534.811
-0.454545 12929.2 -546.487
-0.464646 12930.1 -558.121
-0.474747 12931 -569.706
-0.484848 12932 -581.246
-0.494949 12932.9 -592.737
-0.505051 12933.8 -604.178
-0.515152 12934.8 -615.57
-0.525253 12935.7 -626.907
-0.535354 12936.7 -638.194
-0.545455 12937.6 -649.422
-0.555556 12938.6 -660.6
-0.565657 12939.5 -671.713
-0.575758 12940.4 -682.774
-0.585859 12941.3 -693.766
-0.59596 12942.3 -704.706
-0.606061 12943.2 -715.569
-0.616162 12944.1 -726.381
-0.626263 12945 -737.11
-0.636364 12945.9 -747.787
-0.646465 12946.8 -758.373
-0.656566 12947.7 -768.908
-0.666667 12948.6 -779.345
-0.676768 12949.4 -789.73
-0.686869 12950.3 -800.009
-0.69697 12951.2 -810.237
-0.707071 12952.1 -820.35
-0.717172 12952.9 -830.413
-0.727273 12953.8 -840.351
-0.737374 12954.6 -850.24
-0.747475 12955.4 -859.995
-0.757576 12956.2 -869.702
-0.767677 12957 -879.265
-0.777778 12957.8 -888.782
-0.787879 12958.5 -898.144
-0.79798 12959.2 -907.462
-0.808081 12959.8 -916.614
-0.818182 12960.5 -925.725
-0.828283 12961.1 -934.659
-0.838384 12961.6 -943.555
-0.848485 12962.1 -952.264
-0.858586 12962.6 -960.938
-0.868687 12963 -969.415
-0.878788 12963.3 -977.86
-0.888889 12963.6 -986.098
-0.89899 12963.8 -994.309
-0.909091 12964 -1002.3
-0.919192 12964.1 -1010.28
-0.929293 12964.1 -1018.03
-0.939394 12964.2 -1025.76
-0.949495 12964.1 -1033.28
-0.959596 12964.1 -1040.78
-0.969697 12964 -1048.07
-0.979798 12963.9 -1055.35
-0.989899 12963.9 -1062.46
-1 12963.8 -1069.57
