0 -12248.1 -0.00142215
-0.010101 -13467.8 -10.6238
-0.020202 -13442.9 -21.2586
-0.030303 -13423.4 -32.5686
-0.040404 -13404 -43.8846
-0.0505051 -13389.4 -55.342
-0.0606061 -13375.1 -66.8104
-0.0707071 -13364.6 -78.4495
-0.0808081 -13354.5 -90.1009
-0.0909091 -13347.6 -101.892
-0.10101 -13340.9 -113.694
-0.111111 -13336.8 -125.599
-0.121212 -13333 -137.514
-0.131313 -13331.1 -149.502
-0.141414 -13329.4 -161.498
-0.151515 -13329.2 -173.545
-0.161616 -13329.1 -185.599
-0.171717 -13330 -197.69
-0.181818 -13331.1 -209.785
-0.191919 -13332.9 -221.904
-0.20202 -13334.7 -234.026
-0.212121 -13337 -246.161
-0.222222 -13339.3 -258.296
-0.232323 -13341.8 -270.434
-0.242424 -13344.3 -282.57
-0.252525 -13346.9 -294.698
-0.262626 -13349.4 -306.822
-0.272727 -13351.9 -318.93
-0.282828 -13354.4 -331.029
-0.292929 -13356.8 -343.106
-0.30303 -13359.1 -355.17
-0.313131 -13361.2 -367.206
-0.323232 -13363.3 -379.226
-0.333333 -13365.2 -391.211
-0.343434 -13367.1 -403.177
-0.353535 -13368.8 -415.106
-0.363636 -13370.4 -427.01
-0.373737 -13371.9 -438.874
-0.383838 -13373.3 -450.71
-0.393939 -13374.5 -462.503
-0.40404 -13375.7 -474.265
-0.414141 -13376.8 -485.98
-0.424242 -13377.8 -497.661
-0.434343 -13378.8 -509.295
-0.444444 -13379.6 -520.889
-0.454545 -13380.4 -532.435
-0.464646 -13381.2 -543.938
-0.474747 -13381.9 -555.391
-0.484848 -13382.6 -566.797
-0.494949 -13383.2 -578.153
-0.505051 -13383.8 -589.456
-0.515152 -13384.4 -600.708
-0.525253 -13385 -611.904
-0.535354 -13385.5 -623.048
-0.545455 -13386.1 -634.13
-0.555556 -13386.6 -645.16
-0.565657 -13387.1 -656.123
-0.575758 -13387.7 -667.034
-0.585859 -13388.3 -677.872
-0.59596 -13388.8 -688.658
-0.606061 -13389.4 -699.364
-0.616162 -13390 -710.019
-0.626263 -13390.6 -720.588
-0.636364 -13391.3 -731.105
-0.646465 -13391.9 -741.53
-0.656566 -13392.6 -751.904
-0.666667 -13393.4 -762.178
-0.676768 -13394.1 -772.402
-0.686869 -13394.9 -782.519
-0.69697 -13395.7 -792.587
-0.707071 -13396.6 -802.54
-0.717172 -13397.4 -812.445
-0.727273 -13398.4 -822.229
-0.737374 -13399.3 -831.965
-0.747475 -13400.3 -841.571
-0.757576 -13401.4 -851.132
-0.767677 -13402.5 -860.556
-0.777778 -13403.6 -869.937
-0.787879 -13404.7 -879.172
-0.79798 -13405.9 -888.366
-0.808081 -13407.1 -897.407
-0.818182 -13408.4 -906.41
-0.828283 -13409.7 -915.253
-0.838384 -13411 -924.06
-0.848485 -13412.3 -932.7
-0.858586 -13413.6 -941.307
-0.868687 -13415 -949.74
-0.878788 -13416.3 -958.145
-0.888889 -13417.7 -966.369
-0.89899 -13419 -974.568
-0.909091 -13420.2 -982.581
-0.919192 -13421.5 -990.573
-0.929293 -13422.6 -998.376
-0.939394 -13423.7 -1006.16
-0.949495 -13424.7 -1013.76
-0.959596 -13425.6 -1021.35
-0.969697 -13426.2 -1028.77
-0.979798 -13426.8 -1036.18
-0.989899 -13427.1 -1043.4
-1 -13427.3 -1050.62
