0 11536.4 0.00142927
-0.010101 10224.6 -11.8202
-0.020202 10230.5 -23.6626
-0.030303 10231.8 -36.4613
-0.040404 10233 -49.2686
-0.0505051 10231 -62.2834
-0.0606061 10228.9 -75.3087
-0.0707071 10224.6 -88.4997
-0.0808081 10220.3 -101.7
-0.0909091 10214.8 -115.011
-0.10101 10209.2 -128.33
-0.111111 10203 -141.718
-0.121212 10196.9 -155.111
-0.131313 10190.6 -168.547
-0.141414 10184.4 -181.987
-0.151515 10178.4 -195.451
-0.161616 10172.5 -208.917
-0.171717 10167 -222.392
-0.181818 10161.7 -235.868
-0.191919 10156.9 -249.341
-0.20202 10152.2 -262.811
-0.212121 10148.2 -276.268
-0.222222 10144.2 -289.719
-0.232323 10140.9 -303.147
-0.242424 10137.7 -316.567
-0.252525 10135.1 -329.956
-0.262626 10132.7 -343.333
-0.272727 10130.7 -356.675
-0.282828 10128.9 -370
-0.292929 10127.5 -383.285
-0.30303 10126.2 -396.551
-0.313131 10125.4 -409.773
-0.323232 10124.6 -422.974
-0.333333 10124.1 -436.128
-0.343434 10123.8 -449.257
-0.353535 10123.7 -462.338
-0.363636 10123.6 -475.391
-0.373737 10123.8 -488.394
-0.383838 10124 -501.367
-0.393939 10124.4 -514.289
-0.40404 10124.8 -527.176
-0.414141 10125.3 -540.012
-0.424242 10125.8 -552.811
-0.434343 10126.5 -565.557
-0.444444 10127.1 -578.261
-0.454545 10127.8 -590.913
-0.464646 10128.5 -603.519
-0.474747 10129.3 -616.071
-0.484848 10130 -628.574
-0.494949 10130.8 -641.022
-0.505051 10131.5 -653.416
-0.515152 10132.3 -665.754
-0.525253 10133.1 -678.033
-0.535354 10133.8 -690.257
-0.545455 10134.6 -702.415
-0.555556 10135.4 -714.518
-0.565657 10136.1 -726.549
-0.575758 10136.9 -738.524
-0.585859 10137.7 -750.421
-0.59596 10138.4 -762.262
-0.606061 10139.1 -774.018
-0.616162 10139.9 -785.718
-0.626263 10140.6 -797.326
-0.636364 10141.3 -808.878
-0.646465 10142 -820.329
-0.656566 10142.7 -831.725
-0.666667 10143.4 -843.012
-0.676768 10144.1 -854.244
-0.686869 10144.8 -865.358
-0.69697 10145.5 -876.417
-0.707071 10146.1 -887.35
-0.717172 10146.8 -898.229
-0.727273 10147.4 -908.971
-0.737374 10148 -919.661
-0.747475 10148.6 -930.203
-0.757576 10149.2 -940.695
-0.767677 10149.8 -951.029
-0.777778 10150.3 -961.314
-0.787879 10150.8 -971.431
-0.79798 10151.3 -981.5
-0.808081 10151.7 -991.39
-0.818182 10152.1 -1001.24
-0.828283 10152.4 -1010.89
-0.838384 10152.7 -1020.51
-0.848485 10153 -1029.92
-0.858586 10153.2 -1039.29
-0.868687 10153.3 -1048.46
-0.878788 10153.5 -1057.59
-0.888889 10153.5 -1066.5
-0.89899 10153.5 -1075.38
-0.909091 10153.5 -1084.03
-0.919192 10153.4 -1092.65
-0.929293 10153.3 -1101.04
-0.939394 10153.1 -1109.41
-0.949495 10153 -1117.55
-0.959596 10152.8 -1125.67
-0.969697 10152.6 -1133.57
-0.979798 10152.4 -1141.46
-0.989899 10152.3 -1149.16
-1 10152.3 -1156.86
