0 -17815.8 -0.00210047
-0.010101 -16802.8 9.28236
-0.020202 -16799.7 18.5853
-0.030303 -16793.6 28.7038
-0.040404 -16787.4 38.8294
-0.0505051 -16779.4 49.1282
-0.0606061 -16771.4 59.4343
-0.0707071 -16762.5 69.8557
-0.0808081 -16753.6 80.2828
-0.0909091 -16744.6 90.7754
-0.10101 -16735.7 101.272
-0.111111 -16727.1 111.802
-0.121212 -16718.6 122.335
-0.131313 -16710.7 132.885
-0.141414 -16703 143.435
-0.151515 -16696.1 153.99
-0.161616 -16689.3 164.544
-0.171717 -16683.5 175.093
-0.181818 -16677.8 185.64
-0.191919 -16673 196.174
-0.20202 -16668.4 206.704
-0.212121 -16664.7 217.213
-0.222222 -16661.1 227.714
-0.232323 -16658.3 238.19
-0.242424 -16655.6 248.656
-0.252525 -16653.7 259.091
-0.262626 -16651.9 269.513
-0.272727 -16650.6 279.901
-0.282828 -16649.5 290.275
-0.292929 -16648.8 300.612
-0.30303 -16648.3 310.933
-0.313131 -16648.2 321.215
-0.323232 -16648.1 331.479
-0.333333 -16648.3 341.704
-0.343434 -16648.7 351.908
-0.353535 -16649.2 362.073
-0.363636 -16649.8 372.216
-0.373737 -16650.6 382.319
-0.383838 -16651.4 392.398
-0.393939 -16652.3 402.437
-0.40404 -16653.2 412.449
-0.414141 -16654.3 422.422
-0.424242 -16655.3 432.365
-0.434343 -16656.4 442.268
-0.444444 -16657.5 452.14
-0.454545 -16658.6 461.971
-0.464646 -16659.8 471.768
-0.474747 -16660.9 481.524
-0.484848 -16662 491.242
-0.494949 -16663.2 500.92
-0.505051 -16664.3 510.556
-0.515152 -16665.4 520.151
-0.525253 -16666.6 529.7
-0.535354 -16667.7 539.208
-0.545455 -16668.8 548.667
-0.555556 -16669.9 558.084
-0.565657 -16671 567.447
-0.575758 -16672.1 576.767
-0.585859 -16673.2 586.029
-0.59596 -16674.3 595.248
-0.606061 -16675.4 604.403
-0.616162 -16676.5 613.515
-0.626263 -16677.6 622.557
-0.636364 -16678.7 631.556
-0.646465 -16679.8 640.479
-0.656566 -16680.9 649.36
-0.666667 -16682 658.157
-0.676768 -16683.1 666.912
-0.686869 -16684.2 675.577
-0.69697 -16685.3 684.199
-0.707071 -16686.4 692.724
-0.717172 -16687.5 701.207
-0.727273 -16688.6 709.585
-0.737374 -16689.7 717.921
-0.747475 -16690.8 726.143
-0.757576 -16691.9 734.325
-0.767677 -16692.9 742.383
-0.777778 -16694 750.403
-0.787879 -16695 758.29
-0.79798 -16696 766.14
-0.808081 -16697 773.848
-0.818182 -16698 781.52
-0.828283 -16698.9 789.041
-0.838384 -16699.7 796.529
-0.848485 -16700.5 803.855
-0.858586 -16701.3 811.151
-0.868687 -16702 818.277
-0.878788 -16702.7 825.375
-0.888889 -16703.3 832.295
-0.89899 -16703.8 839.19
-0.909091 -16704.3 845.898
-0.919192 -16704.7 852.586
-0.929293 -16705 859.083
-0.939394 -16705.3 865.563
-0.949495 -16705.4 871.85
-0.959596 -16705.6 878.125
-0.969697 -16705.6 884.218
-0.979798 -16705.7 890.304
-0.989899 -16705.7 896.247
-1 -16705.7 902.188
