0 -4183.05 -0.000544495
-0.010101 -5614.46 -12.6346
-0.020202 -5593.82 -25.2861
-0.030303 -5579.04 -38.8228
-0.040404 -5564.46 -52.3672
-0.0505051 -5554.64 -66.0978
-0.0606061 -5545.05 -79.8407
-0.0707071 -5539.21 -93.7743
-0.0808081 -5533.61 -107.721
-0.0909091 -5530.85 -121.812
-0.10101 -5528.32 -135.916
-0.111111 -5527.88 -150.12
-0.121212 -5527.63 -164.335
-0.131313 -5528.83 -178.618
-0.141414 -5530.19 -192.91
-0.151515 -5532.49 -207.248
-0.161616 -5534.89 -221.591
-0.171717 -5537.84 -235.965
-0.181818 -5540.86 -250.342
-0.191919 -5544.13 -264.734
-0.20202 -5547.41 -279.128
-0.212121 -5550.74 -293.525
-0.222222 -5554.04 -307.92
-0.232323 -5557.25 -322.308
-0.242424 -5560.39 -336.69
-0.252525 -5563.35 -351.055
-0.262626 -5566.23 -365.411
-0.272727 -5568.88 -379.741
-0.282828 -5571.43 -394.059
-0.292929 -5573.72 -408.343
-0.30303 -5575.91 -422.61
-0.313131 -5577.85 -436.839
-0.323232 -5579.68 -451.046
-0.333333 -5581.28 -465.211
-0.343434 -5582.78 -479.35
-0.353535 -5584.06 -493.442
-0.363636 -5585.25 -507.506
-0.373737 -5586.26 -521.519
-0.383838 -5587.18 -535.5
-0.393939 -5587.95 -549.428
-0.40404 -5588.64 -563.32
-0.414141 -5589.21 -577.156
-0.424242 -5589.72 -590.953
-0.434343 -5590.13 -604.693
-0.444444 -5590.49 -618.388
-0.454545 -5590.78 -632.025
-0.464646 -5591.03 -645.613
-0.474747 -5591.23 -659.142
-0.484848 -5591.4 -672.617
-0.494949 -5591.54 -686.033
-0.505051 -5591.65 -699.388
-0.515152 -5591.75 -712.684
-0.525253 -5591.83 -725.914
-0.535354 -5591.91 -739.084
-0.545455 -5591.98 -752.182
-0.555556 -5592.05 -765.219
-0.565657 -5592.12 -778.179
-0.575758 -5592.2 -791.077
-0.585859 -5592.28 -803.891
-0.59596 -5592.38 -816.643
-0.606061 -5592.49 -829.303
-0.616162 -5592.61 -841.902
-0.626263 -5592.76 -854.402
-0.636364 -5592.92 -866.84
-0.646465 -5593.1 -879.171
-0.656566 -5593.3 -891.441
-0.666667 -5593.54 -903.595
-0.676768 -5593.79 -915.689
-0.686869 -5594.07 -927.658
-0.69697 -5594.38 -939.568
-0.707071 -5594.72 -951.343
-0.717172 -5595.09 -963.06
-0.727273 -5595.5 -974.633
-0.737374 -5595.93 -986.15
-0.747475 -5596.41 -997.512
-0.757576 -5596.92 -1008.82
-0.767677 -5597.48 -1019.96
-0.777778 -5598.06 -1031.06
-0.787879 -5598.7 -1041.97
-0.79798 -5599.35 -1052.84
-0.808081 -5600.07 -1063.52
-0.818182 -5600.81 -1074.16
-0.828283 -5601.61 -1084.6
-0.838384 -5602.42 -1095
-0.848485 -5603.28 -1105.19
-0.858586 -5604.16 -1115.35
-0.868687 -5605.08 -1125.29
-0.878788 -5606.01 -1135.2
-0.888889 -5606.95 -1144.88
-0.89899 -5607.9 -1154.53
-0.909091 -5608.84 -1163.96
-0.919192 -5609.78 -1173.35
-0.929293 -5610.65 -1182.52
-0.939394 -5611.53 -1191.66
-0.949495 -5612.28 -1200.57
-0.959596 -5613.02 -1209.46
-0.969697 -5613.56 -1218.15
-0.979798 -5614.1 -1226.82
-0.989899 -5614.3 -1235.27
-1 -5614.51 -1243.72
