0 14479.8 0.0015407
-0.010101 15598.2 9.6888
-0.020202 15572.5 19.3865
-0.030303 15552 29.6737
-0.040404 15531.7 39.966
-0.0505051 15516 50.3812
-0.0606061 15500.5 60.8065
-0.0707071 15488.9 71.3912
-0.0808081 15477.6 81.9874
-0.0909091 15469.6 92.7174
-0.10101 15461.8 103.458
-0.111111 15456.6 114.299
-0.121212 15451.8 125.149
-0.131313 15448.9 136.07
-0.141414 15446.3 147
-0.151515 15445.3 157.982
-0.161616 15444.4 168.97
-0.171717 15444.7 179.995
-0.181818 15445.1 191.026
-0.191919 15446.4 202.081
-0.20202 15447.7 213.14
-0.212121 15449.6 224.214
-0.222222 15451.5 235.29
-0.232323 15453.7 246.371
-0.242424 15455.9 257.45
-0.252525 15458.3 268.527
-0.262626 15460.7 279.599
-0.272727 15463.1 290.659
-0.282828 15465.4 301.712
-0.292929 15467.8 312.746
-0.30303 15470 323.77
-0.313131 15472.2 334.769
-0.323232 15474.3 345.754
-0.333333 15476.3 356.709
-0.343434 15478.2 367.646
-0.353535 15480 378.549
-0.363636 15481.7 389.431
-0.373737 15483.3 400.276
-0.383838 15484.8 411.096
-0.393939 15486.2 421.876
-0.40404 15487.5 432.629
-0.414141 15488.7 443.339
-0.424242 15489.9 454.017
-0.434343 15490.9 464.651
-0.444444 15492 475.251
-0.454545 15492.9 485.805
-0.464646 15493.8 496.32
-0.474747 15494.7 506.789
-0.484848 15495.5 517.214
-0.494949 15496.2 527.593
-0.505051 15497 537.924
-0.515152 15497.7 548.208
-0.525253 15498.4 558.441
-0.535354 15499.1 568.625
-0.545455 15499.8 578.753
-0.555556 15500.5 588.832
-0.565657 15501.2 598.85
-0.575758 15501.8 608.82
-0.585859 15502.5 618.723
-0.59596 15503.2 628.578
-0.606061 15504 638.36
-0.616162 15504.7 648.094
-0.626263 15505.5 657.751
-0.636364 15506.2 667.359
-0.646465 15507 676.883
-0.656566 15507.9 686.36
-0.666667 15508.7 695.746
-0.676768 15509.6 705.085
-0.686869 15510.6 714.328
-0.69697 15511.5 723.524
-0.707071 15512.5 732.617
-0.717172 15513.5 741.665
-0.727273 15514.6 750.602
-0.737374 15515.7 759.496
-0.747475 15516.8 768.272
-0.757576 15518 777.007
-0.767677 15519.2 785.616
-0.777778 15520.5 794.187
-0.787879 15521.8 802.625
-0.79798 15523.1 811.027
-0.808081 15524.4 819.29
-0.818182 15525.8 827.518
-0.828283 15527.2 835.601
-0.838384 15528.6 843.652
-0.848485 15530.1 851.552
-0.858586 15531.5 859.423
-0.868687 15533 867.137
-0.878788 15534.4 874.826
-0.888889 15535.8 882.352
-0.89899 15537.2 889.855
-0.909091 15538.6 897.192
-0.919192 15539.9 904.51
-0.929293 15541.1 911.659
-0.939394 15542.2 918.792
-0.949495 15543.2 925.759
-0.959596 15544.1 932.715
-0.969697 15544.8 939.522
-0.979798 15545.4 946.321
-0.989899 15545.7 952.942
-1 15545.9 959.558
