0 -22199.6 -0.00249509
-0.010101 -21635 5.37502
-0.020202 -21622.9 10.7664
-0.030303 -21609.7 16.7238
-0.040404 -21596.5 22.6862
-0.0505051 -21583.2 28.7696
-0.0606061 -21570 34.8563
-0.0707071 -21557.4 40.9956
-0.0808081 -21544.8 47.1362
-0.0909091 -21533.4 53.291
-0.10101 -21522 59.4455
-0.111111 -21512 65.597
-0.121212 -21502.1 71.7471
-0.131313 -21493.6 77.8871
-0.141414 -21485.2 84.0248
-0.151515 -21478.3 90.1485
-0.161616 -21471.5 96.2689
-0.171717 -21466.1 102.372
-0.181818 -21460.8 108.47
-0.191919 -21456.7 114.547
-0.20202 -21452.8 120.618
-0.212121 -21449.8 126.664
-0.222222 -21447.1 132.703
-0.232323 -21445.2 138.715
-0.242424 -21443.5 144.718
-0.252525 -21442.5 150.693
-0.262626 -21441.6 156.657
-0.272727 -21441.3 162.593
-0.282828 -21441.1 168.518
-0.292929 -21441.3 174.414
-0.30303 -21441.6 180.298
-0.313131 -21442.2 186.155
-0.323232 -21443 191.999
-0.333333 -21443.9 197.817
-0.343434 -21444.9 203.622
-0.353535 -21446 209.401
-0.363636 -21447.2 215.166
-0.373737 -21448.5 220.907
-0.383838 -21449.8 226.634
-0.393939 -21451.2 232.337
-0.40404 -21452.6 238.025
-0.414141 -21454 243.69
-0.424242 -21455.4 249.338
-0.434343 -21456.8 254.964
-0.444444 -21458.2 260.572
-0.454545 -21459.7 266.158
-0.464646 -21461.1 271.726
-0.474747 -21462.5 277.271
-0.484848 -21463.8 282.795
-0.494949 -21465.2 288.298
-0.505051 -21466.5 293.778
-0.515152 -21467.9 299.235
-0.525253 -21469.2 304.668
-0.535354 -21470.5 310.079
-0.545455 -21471.9 315.463
-0.555556 -21473.2 320.824
-0.565657 -21474.5 326.156
-0.575758 -21475.8 331.465
-0.585859 -21477.1 336.741
-0.59596 -21478.4 341.995
-0.606061 -21479.7 347.213
-0.616162 -21481 352.408
-0.626263 -21482.3 357.564
-0.636364 -21483.6 362.696
-0.646465 -21484.9 367.786
-0.656566 -21486.3 372.852
-0.666667 -21487.7 377.872
-0.676768 -21489 382.867
-0.686869 -21490.4 387.812
-0.69697 -21491.8 392.733
-0.707071 -21493.2 397.598
-0.717172 -21494.6 402.439
-0.727273 -21496.1 407.219
-0.737374 -21497.5 411.976
-0.747475 -21499 416.666
-0.757576 -21500.4 421.332
-0.767677 -21501.9 425.926
-0.777778 -21503.3 430.497
-0.787879 -21504.8 434.988
-0.79798 -21506.2 439.458
-0.808081 -21507.6 443.842
-0.818182 -21509 448.204
-0.828283 -21510.4 452.474
-0.838384 -21511.7 456.724
-0.848485 -21513 460.874
-0.858586 -21514.3 465.005
-0.868687 -21515.5 469.031
-0.878788 -21516.6 473.039
-0.888889 -21517.7 476.936
-0.89899 -21518.7 480.817
-0.909091 -21519.6 484.58
-0.919192 -21520.5 488.33
-0.929293 -21521.2 491.958
-0.939394 -21521.9 495.576
-0.949495 -21522.4 499.071
-0.959596 -21522.8 502.557
-0.969697 -21523.1 505.923
-0.979798 -21523.4 509.285
-0.989899 -21523.5 512.576
-1 -21523.6 515.865
