0 130.057 3.37677e-05
-0.010101 -1336.51 -13.0152
-0.020202 -1319.11 -26.0497
-0.030303 -1307.49 -40.0316
-0.040404 -1296.06 -54.0219
-0.0505051 -1289.17 -68.2123
-0.0606061 -1282.5 -82.415
-0.0707071 -1279.27 -96.8093
-0.0808081 -1276.26 -111.216
-0.0909091 -1275.76 -125.764
-0.10101 -1275.46 -140.323
-0.111111 -1276.89 -154.979
-0.121212 -1278.49 -169.644
-0.131313 -1281.21 -184.373
-0.141414 -1284.03 -199.108
-0.151515 -1287.51 -213.886
-0.161616 -1291.04 -228.669
-0.171717 -1294.87 -243.477
-0.181818 -1298.7 -258.288
-0.191919 -1302.58 -273.11
-0.20202 -1306.42 -287.932
-0.212121 -1310.13 -302.753
-0.222222 -1313.77 -317.571
-0.232323 -1317.18 -332.377
-0.242424 -1320.48 -347.176
-0.252525 -1323.49 -361.954
-0.262626 -1326.39 -376.721
-0.272727 -1328.97 -391.458
-0.282828 -1331.43 -406.182
-0.292929 -1333.58 -420.868
-0.30303 -1335.6 -435.537
-0.313131 -1337.33 -450.163
-0.323232 -1338.94 -464.768
-0.333333 -1340.29 -479.326
-0.343434 -1341.52 -493.858
-0.353535 -1342.53 -508.341
-0.363636 -1343.44 -522.794
-0.373737 -1344.16 -537.194
-0.383838 -1344.79 -551.562
-0.393939 -1345.27 -565.874
-0.40404 -1345.67 -580.149
-0.414141 -1345.95 -594.368
-0.424242 -1346.17 -608.545
-0.434343 -1346.3 -622.664
-0.444444 -1346.38 -636.737
-0.454545 -1346.39 -650.752
-0.464646 -1346.37 -664.715
-0.474747 -1346.3 -678.619
-0.484848 -1346.21 -692.467
-0.494949 -1346.08 -706.255
-0.505051 -1345.94 -719.982
-0.515152 -1345.78 -733.647
-0.525253 -1345.61 -747.245
-0.535354 -1345.44 -760.782
-0.545455 -1345.26 -774.246
-0.555556 -1345.09 -787.647
-0.565657 -1344.91 -800.969
-0.575758 -1344.75 -814.229
-0.585859 -1344.59 -827.401
-0.59596 -1344.44 -840.512
-0.606061 -1344.3 -853.528
-0.616162 -1344.18 -866.482
-0.626263 -1344.07 -879.333
-0.636364 -1343.97 -892.122
-0.646465 -1343.9 -904.801
-0.656566 -1343.84 -917.418
-0.666667 -1343.81 -929.915
-0.676768 -1343.8 -942.351
-0.686869 -1343.81 -954.658
-0.69697 -1343.84 -966.905
-0.707071 -1343.91 -979.013
-0.717172 -1343.99 -991.062
-0.727273 -1344.12 -1002.96
-0.737374 -1344.26 -1014.8
-0.747475 -1344.45 -1026.49
-0.757576 -1344.66 -1038.11
-0.767677 -1344.93 -1049.57
-0.777778 -1345.21 -1060.98
-0.787879 -1345.55 -1072.2
-0.79798 -1345.91 -1083.37
-0.808081 -1346.33 -1094.35
-0.818182 -1346.77 -1105.28
-0.828283 -1347.28 -1116.01
-0.838384 -1347.8 -1126.69
-0.848485 -1348.39 -1137.17
-0.858586 -1348.98 -1147.6
-0.868687 -1349.64 -1157.8
-0.878788 -1350.3 -1167.98
-0.888889 -1351.01 -1177.91
-0.89899 -1351.72 -1187.82
-0.909091 -1352.45 -1197.49
-0.919192 -1353.18 -1207.13
-0.929293 -1353.89 -1216.52
-0.939394 -1354.59 -1225.9
-0.949495 -1355.21 -1235.02
-0.959596 -1355.83 -1244.14
-0.969697 -1356.29 -1253.03
-0.979798 -1356.75 -1261.9
-0.989899 -1356.93 -1270.56
-1 -1357.1 -1279.21
