0 -21483.1 -0.00184353
-0.010101 -22034.1 -4.53476
-0.020202 -22009.2 -9.0692
-0.030303 -21987.7 -13.7639
-0.040404 -21966.3 -18.46
-0.0505051 -21948.2 -23.1884
-0.0606061 -21930.4 -27.9227
-0.0707071 -21915.7 -32.7494
-0.0808081 -21901.2 -37.5841
-0.0909091 -21889.7 -42.5109
-0.10101 -21878.4 -47.4461
-0.111111 -21869.7 -52.4563
-0.121212 -21861.3 -57.4745
-0.131313 -21855.1 -62.5506
-0.141414 -21849.1 -67.634
-0.151515 -21845 -72.7625
-0.161616 -21841.1 -77.8977
-0.171717 -21838.6 -83.0688
-0.181818 -21836.4 -88.2462
-0.191919 -21835.3 -93.4526
-0.20202 -21834.4 -98.6648
-0.212121 -21834.3 -103.9
-0.222222 -21834.4 -109.14
-0.232323 -21835.1 -114.397
-0.242424 -21835.9 -119.658
-0.252525 -21837.2 -124.93
-0.262626 -21838.5 -130.204
-0.272727 -21840.1 -135.483
-0.282828 -21841.8 -140.763
-0.292929 -21843.6 -146.042
-0.30303 -21845.4 -151.32
-0.313131 -21847.3 -156.593
-0.323232 -21849.2 -161.861
-0.333333 -21851.1 -167.12
-0.343434 -21853 -172.373
-0.353535 -21854.9 -177.613
-0.363636 -21856.7 -182.845
-0.373737 -21858.5 -188.06
-0.383838 -21860.3 -193.265
-0.393939 -21862 -198.451
-0.40404 -21863.6 -203.625
-0.414141 -21865.2 -208.778
-0.424242 -21866.8 -213.916
-0.434343 -21868.2 -219.033
-0.444444 -21869.7 -224.132
-0.454545 -21871.1 -229.208
-0.464646 -21872.4 -234.265
-0.474747 -21873.7 -239.299
-0.484848 -21875 -244.311
-0.494949 -21876.2 -249.299
-0.505051 -21877.4 -254.263
-0.515152 -21878.6 -259.203
-0.525253 -21879.8 -264.116
-0.535354 -21880.9 -269.005
-0.545455 -21882.1 -273.866
-0.555556 -21883.2 -278.701
-0.565657 -21884.3 -283.506
-0.575758 -21885.5 -288.286
-0.585859 -21886.6 -293.033
-0.59596 -21887.8 -297.755
-0.606061 -21888.9 -302.441
-0.616162 -21890.1 -307.103
-0.626263 -21891.3 -311.726
-0.636364 -21892.5 -316.325
-0.646465 -21893.8 -320.883
-0.656566 -21895 -325.417
-0.666667 -21896.3 -329.907
-0.676768 -21897.7 -334.374
-0.686869 -21899 -338.795
-0.69697 -21900.4 -343.193
-0.707071 -21901.8 -347.541
-0.717172 -21903.3 -351.868
-0.727273 -21904.8 -356.143
-0.737374 -21906.3 -360.398
-0.747475 -21907.8 -364.598
-0.757576 -21909.4 -368.779
-0.767677 -21911 -372.903
-0.777778 -21912.6 -377.009
-0.787879 -21914.3 -381.056
-0.79798 -21915.9 -385.087
-0.808081 -21917.6 -389.057
-0.818182 -21919.3 -393.012
-0.828283 -21921 -396.905
-0.838384 -21922.7 -400.784
-0.848485 -21924.4 -404.6
-0.858586 -21926.1 -408.403
-0.868687 -21927.8 -412.143
-0.878788 -21929.4 -415.871
-0.888889 -21930.9 -419.535
-0.89899 -21932.5 -423.189
-0.909091 -21933.9 -426.778
-0.919192 -21935.3 -430.359
-0.929293 -21936.5 -433.874
-0.939394 -21937.7 -437.383
-0.949495 -21938.6 -440.83
-0.959596 -21939.6 -444.272
-0.969697 -21940.2 -447.662
-0.979798 -21940.8 -451.05
-0.989899 -21941 -454.339
-1 -21941.2 -457.626
