0 -14684.5 -0.00173631
-0.010101 -13494.7 10.7997
-0.020202 -13496.5 21.6211
-0.030303 -13494.3 33.3434
-0.040404 -13492 45.0737
-0.0505051 -13487.1 56.9948
-0.0606061 -13482.1 68.9249
-0.0707071 -13475.6 80.9963
-0.0808081 -13469 93.0754
-0.0909091 -13461.7 105.243
-0.10101 -13454.4 117.415
-0.111111 -13447 129.64
-0.121212 -13439.6 141.869
-0.131313 -13432.5 154.126
-0.141414 -13425.4 166.386
-0.151515 -13418.9 178.66
-0.161616 -13412.5 190.934
-0.171717 -13406.7 203.211
-0.181818 -13401.2 215.486
-0.191919 -13396.3 227.753
-0.20202 -13391.6 240.017
-0.212121 -13387.6 252.263
-0.222222 -13383.7 264.502
-0.232323 -13380.6 276.718
-0.242424 -13377.6 288.923
-0.252525 -13375.3 301.097
-0.262626 -13373.1 313.259
-0.272727 -13371.4 325.386
-0.282828 -13369.9 337.497
-0.292929 -13368.8 349.568
-0.30303 -13367.9 361.622
-0.313131 -13367.4 373.634
-0.323232 -13366.9 385.626
-0.333333 -13366.8 397.574
-0.343434 -13366.8 409.499
-0.353535 -13367 421.38
-0.363636 -13367.2 433.235
-0.373737 -13367.7 445.045
-0.383838 -13368.2 456.826
-0.393939 -13368.8 468.562
-0.40404 -13369.5 480.266
-0.414141 -13370.3 491.924
-0.424242 -13371.1 503.548
-0.434343 -13372 515.125
-0.444444 -13372.8 526.664
-0.454545 -13373.8 538.157
-0.464646 -13374.7 549.608
-0.474747 -13375.7 561.011
-0.484848 -13376.6 572.37
-0.494949 -13377.6 583.681
-0.505051 -13378.6 594.942
-0.515152 -13379.5 606.155
-0.525253 -13380.5 617.314
-0.535354 -13381.5 628.424
-0.545455 -13382.4 639.476
-0.555556 -13383.4 650.478
-0.565657 -13384.3 661.417
-0.575758 -13385.3 672.305
-0.585859 -13386.2 683.124
-0.59596 -13387.2 693.893
-0.606061 -13388.1 704.586
-0.616162 -13389 715.229
-0.626263 -13389.9 725.79
-0.636364 -13390.9 736.3
-0.646465 -13391.8 746.72
-0.656566 -13392.7 757.09
-0.666667 -13393.6 767.363
-0.676768 -13394.5 777.586
-0.686869 -13395.4 787.704
-0.69697 -13396.3 797.772
-0.707071 -13397.2 807.727
-0.717172 -13398.1 817.632
-0.727273 -13399 827.415
-0.737374 -13399.9 837.149
-0.747475 -13400.7 846.751
-0.757576 -13401.5 856.306
-0.767677 -13402.3 865.718
-0.777778 -13403.1 875.086
-0.787879 -13403.9 884.3
-0.79798 -13404.6 893.472
-0.808081 -13405.3 902.48
-0.818182 -13406 911.447
-0.828283 -13406.6 920.24
-0.838384 -13407.2 928.995
-0.848485 -13407.8 937.566
-0.858586 -13408.3 946.102
-0.868687 -13408.7 954.443
-0.878788 -13409.1 962.753
-0.888889 -13409.4 970.859
-0.89899 -13409.6 978.937
-0.909091 -13409.8 986.804
-0.919192 -13410 994.647
-0.929293 -13410.1 1002.27
-0.939394 -13410.1 1009.88
-0.949495 -13410.1 1017.27
-0.959596 -13410.1 1024.65
-0.969697 -13410 1031.82
-0.979798 -13409.9 1038.98
-0.989899 -13409.9 1045.97
-1 -13409.8 1052.96
