0 -953.5 -0.000106005
-0.010101 -2415.88 -12.9622
-0.020202 -2397.61 -25.943
-0.030303 -2385.16 -39.8585
-0.040404 -2372.9 -53.7821
-0.0505051 -2365.25 -67.9027
-0.0606061 -2357.83 -82.0355
-0.0707071 -2353.93 -96.36
-0.0808081 -2350.26 -110.697
-0.0909091 -2349.2 -125.177
-0.10101 -2348.33 -139.667
-0.111111 -2349.3 -154.256
-0.121212 -2350.44 -168.853
-0.131313 -2352.79 -183.516
-0.141414 -2355.25 -198.187
-0.151515 -2358.45 -212.9
-0.161616 -2361.71 -227.618
-0.171717 -2365.33 -242.363
-0.181818 -2368.97 -257.11
-0.191919 -2372.71 -271.87
-0.20202 -2376.42 -286.63
-0.212121 -2380.05 -301.39
-0.222222 -2383.62 -316.147
-0.232323 -2386.98 -330.893
-0.242424 -2390.26 -345.632
-0.252525 -2393.27 -360.351
-0.262626 -2396.18 -375.06
-0.272727 -2398.78 -389.739
-0.282828 -2401.27 -404.405
-0.292929 -2403.46 -419.034
-0.30303 -2405.53 -433.646
-0.313131 -2407.32 -448.217
-0.323232 -2408.99 -462.765
-0.333333 -2410.41 -477.268
-0.343434 -2411.71 -491.745
-0.353535 -2412.8 -506.173
-0.363636 -2413.78 -520.572
-0.373737 -2414.57 -534.918
-0.383838 -2415.28 -549.231
-0.393939 -2415.83 -563.489
-0.40404 -2416.31 -577.711
-0.414141 -2416.67 -591.876
-0.424242 -2416.96 -605.999
-0.434343 -2417.16 -620.065
-0.444444 -2417.31 -634.086
-0.454545 -2417.4 -648.047
-0.464646 -2417.44 -661.958
-0.474747 -2417.44 -675.809
-0.484848 -2417.41 -689.605
-0.494949 -2417.35 -703.34
-0.505051 -2417.28 -717.014
-0.515152 -2417.18 -730.627
-0.525253 -2417.08 -744.174
-0.535354 -2416.97 -757.658
-0.545455 -2416.85 -771.07
-0.555556 -2416.74 -784.42
-0.565657 -2416.63 -797.691
-0.575758 -2416.52 -810.899
-0.585859 -2416.42 -824.021
-0.59596 -2416.34 -837.081
-0.606061 -2416.26 -850.046
-0.616162 -2416.2 -862.95
-0.626263 -2416.16 -875.751
-0.636364 -2416.13 -888.49
-0.646465 -2416.12 -901.12
-0.656566 -2416.13 -913.687
-0.666667 -2416.16 -926.135
-0.676768 -2416.21 -938.523
-0.686869 -2416.3 -950.782
-0.69697 -2416.39 -962.98
-0.707071 -2416.53 -975.041
-0.717172 -2416.69 -987.042
-0.727273 -2416.89 -998.896
-0.737374 -2417.1 -1010.69
-0.747475 -2417.37 -1022.33
-0.757576 -2417.65 -1033.91
-0.767677 -2417.99 -1045.32
-0.777778 -2418.35 -1056.68
-0.787879 -2418.77 -1067.86
-0.79798 -2419.2 -1078.99
-0.808081 -2419.7 -1089.93
-0.818182 -2420.22 -1100.82
-0.828283 -2420.8 -1111.51
-0.838384 -2421.4 -1122.15
-0.848485 -2422.05 -1132.58
-0.858586 -2422.72 -1142.98
-0.868687 -2423.45 -1153.15
-0.878788 -2424.18 -1163.28
-0.888889 -2424.95 -1173.19
-0.89899 -2425.72 -1183.06
-0.909091 -2426.51 -1192.69
-0.919192 -2427.29 -1202.3
-0.929293 -2428.04 -1211.66
-0.939394 -2428.79 -1221.01
-0.949495 -2429.45 -1230.11
-0.959596 -2430.1 -1239.19
-0.969697 -2430.58 -1248.05
-0.979798 -2431.06 -1256.91
-0.989899 -2431.25 -1265.54
-1 -2431.43 -1274.16
