0 6816.5 0.000818657
-0.010101 8201.4 12.1798
-0.020202 8179.08 24.3747
-0.030303 8162.57 37.4008
-0.040404 8146.27 50.4342
-0.0505051 8134.77 63.6419
-0.0606061 8123.52 76.8617
-0.0707071 8116.13 90.2684
-0.0808081 8109 103.688
-0.0909091 8104.88 117.253
-0.10101 8101 130.829
-0.111111 8099.38 144.509
-0.121212 8097.99 158.198
-0.131313 8098.21 171.959
-0.141414 8098.62 185.727
-0.151515 8100.15 199.545
-0.161616 8101.8 213.368
-0.171717 8104.16 227.223
-0.181818 8106.6 241.083
-0.191919 8109.44 254.96
-0.20202 8112.31 268.84
-0.212121 8115.34 282.725
-0.222222 8118.38 296.61
-0.232323 8121.4 310.49
-0.242424 8124.4 324.365
-0.252525 8127.28 338.226
-0.262626 8130.1 352.079
-0.272727 8132.74 365.909
-0.282828 8135.3 379.727
-0.292929 8137.65 393.515
-0.30303 8139.9 407.287
-0.313131 8141.94 421.023
-0.323232 8143.88 434.74
-0.333333 8145.61 448.415
-0.343434 8147.24 462.066
-0.353535 8148.68 475.673
-0.363636 8150.02 489.252
-0.373737 8151.19 502.783
-0.383838 8152.28 516.283
-0.393939 8153.22 529.732
-0.40404 8154.08 543.146
-0.414141 8154.83 556.506
-0.424242 8155.5 569.828
-0.434343 8156.09 583.095
-0.444444 8156.62 596.319
-0.454545 8157.08 609.487
-0.464646 8157.49 622.606
-0.474747 8157.86 635.67
-0.484848 8158.19 648.68
-0.494949 8158.49 661.632
-0.505051 8158.76 674.527
-0.515152 8159.01 687.363
-0.525253 8159.25 700.136
-0.535354 8159.48 712.85
-0.545455 8159.71 725.495
-0.555556 8159.93 738.08
-0.565657 8160.15 750.591
-0.575758 8160.38 763.042
-0.585859 8160.62 775.41
-0.59596 8160.87 787.72
-0.606061 8161.14 799.94
-0.616162 8161.41 812.101
-0.626263 8161.71 824.166
-0.636364 8162.03 836.171
-0.646465 8162.37 848.073
-0.656566 8162.73 859.915
-0.666667 8163.13 871.645
-0.676768 8163.54 883.318
-0.686869 8163.99 894.869
-0.69697 8164.46 906.363
-0.707071 8164.98 917.727
-0.717172 8165.51 929.036
-0.727273 8166.1 940.205
-0.737374 8166.7 951.32
-0.747475 8167.36 962.287
-0.757576 8168.04 973.201
-0.767677 8168.77 983.957
-0.777778 8169.53 994.663
-0.787879 8170.35 1005.2
-0.79798 8171.18 1015.69
-0.808081 8172.07 1026.01
-0.818182 8172.98 1036.27
-0.828283 8173.95 1046.36
-0.838384 8174.93 1056.4
-0.848485 8175.95 1066.24
-0.858586 8176.99 1076.05
-0.868687 8178.06 1085.65
-0.878788 8179.13 1095.22
-0.888889 8180.21 1104.58
-0.89899 8181.3 1113.91
-0.909091 8182.35 1123.02
-0.919192 8183.4 1132.1
-0.929293 8184.37 1140.96
-0.939394 8185.34 1149.8
-0.949495 8186.16 1158.42
-0.959596 8186.97 1167.03
-0.969697 8187.55 1175.43
-0.979798 8188.12 1183.83
-0.989899 8188.34 1192.01
-1 8188.55 1200.18
