0 19475.1 0.0022928
-0.010101 18590.3 -8.16093
-0.020202 18584.3 -16.3416
-0.030303 18575.9 -25.2757
-0.040404 18567.5 -34.2167
-0.0505051 18557.7 -43.3233
-0.0606061 18548 -52.4365
-0.0707071 18537.8 -61.6525
-0.0808081 18527.7 -70.8732
-0.0909091 18517.8 -80.1489
-0.10101 18508 -89.4276
-0.111111 18498.8 -98.7332
-0.121212 18489.8 -108.04
-0.131313 18481.7 -117.359
-0.141414 18473.7 -126.678
-0.151515 18466.7 -135.997
-0.161616 18459.9 -145.316
-0.171717 18454.1 -154.627
-0.181818 18448.5 -163.935
-0.191919 18443.8 -173.229
-0.20202 18439.4 -182.517
-0.212121 18435.9 -191.784
-0.222222 18432.6 -201.043
-0.232323 18430 -210.276
-0.242424 18427.7 -219.499
-0.252525 18425.9 -228.692
-0.262626 18424.4 -237.873
-0.272727 18423.4 -247.02
-0.282828 18422.6 -256.154
-0.292929 18422.2 -265.253
-0.30303 18422 -274.337
-0.313131 18422 -283.385
-0.323232 18422.2 -292.416
-0.333333 18422.7 -301.411
-0.343434 18423.2 -310.387
-0.353535 18423.9 -319.328
-0.363636 18424.7 -328.248
-0.373737 18425.7 -337.133
-0.383838 18426.6 -345.996
-0.393939 18427.7 -354.823
-0.40404 18428.8 -363.627
-0.414141 18429.9 -372.395
-0.424242 18431.1 -381.137
-0.434343 18432.2 -389.844
-0.444444 18433.4 -398.522
-0.454545 18434.6 -407.165
-0.464646 18435.8 -415.777
-0.474747 18437 -424.354
-0.484848 18438.2 -432.897
-0.494949 18439.4 -441.403
-0.505051 18440.6 -449.873
-0.515152 18441.8 -458.307
-0.525253 18443 -466.7
-0.535354 18444.2 -475.057
-0.545455 18445.3 -483.37
-0.555556 18446.5 -491.645
-0.565657 18447.6 -499.873
-0.575758 18448.8 -508.063
-0.585859 18449.9 -516.201
-0.59596 18451.1 -524.302
-0.606061 18452.2 -532.345
-0.616162 18453.4 -540.35
-0.626263 18454.5 -548.293
-0.636364 18455.7 -556.198
-0.646465 18456.9 -564.035
-0.656566 18458 -571.833
-0.666667 18459.2 -579.559
-0.676768 18460.4 -587.246
-0.686869 18461.6 -594.852
-0.69697 18462.8 -602.422
-0.707071 18463.9 -609.904
-0.717172 18465.1 -617.348
-0.727273 18466.3 -624.699
-0.737374 18467.5 -632.012
-0.747475 18468.7 -639.224
-0.757576 18469.9 -646.399
-0.767677 18471.1 -653.464
-0.777778 18472.3 -660.495
-0.787879 18473.5 -667.406
-0.79798 18474.6 -674.284
-0.808081 18475.7 -681.035
-0.818182 18476.8 -687.754
-0.828283 18477.9 -694.336
-0.838384 18478.9 -700.889
-0.848485 18479.8 -707.297
-0.858586 18480.8 -713.677
-0.868687 18481.6 -719.904
-0.878788 18482.5 -726.106
-0.888889 18483.2 -732.147
-0.89899 18483.9 -738.165
-0.909091 18484.5 -744.016
-0.919192 18485 -749.849
-0.929293 18485.5 -755.508
-0.939394 18485.9 -761.152
-0.949495 18486.1 -766.623
-0.959596 18486.4 -772.082
-0.969697 18486.5 -777.375
-0.979798 18486.6 -782.661
-0.989899 18486.7 -787.83
-1 18486.7 -792.996
