0 -23621.9 -0.00265312
-0.010101 -23513.7 1.3488
-0.020202 -23494.9 2.70851
-0.030303 -23476.9 4.35285
-0.040404 -23459 5.99976
-0.0505051 -23442.5 7.70827
-0.0606061 -23426.2 9.41625
-0.0707071 -23411.6 11.1159
-0.0808081 -23397.3 12.8128
-0.0909091 -23384.9 14.4773
-0.10101 -23372.7 16.1378
-0.111111 -23362.4 17.7627
-0.121212 -23352.4 19.3832
-0.131313 -23344.3 20.9713
-0.141414 -23336.4 22.5546
-0.151515 -23330.1 24.109
-0.161616 -23324.1 25.6581
-0.171717 -23319.6 27.1801
-0.181818 -23315.2 28.6963
-0.191919 -23312.1 30.1862
-0.20202 -23309.3 31.6696
-0.212121 -23307.4 33.1272
-0.222222 -23305.7 34.5779
-0.232323 -23304.9 36.0039
-0.242424 -23304.2 37.4227
-0.252525 -23304.1 38.8185
-0.262626 -23304.1 40.2071
-0.272727 -23304.6 41.575
-0.282828 -23305.2 42.9359
-0.292929 -23306.2 44.2789
-0.30303 -23307.2 45.6153
-0.313131 -23308.5 46.9364
-0.323232 -23309.8 48.2517
-0.333333 -23311.2 49.5542
-0.343434 -23312.7 50.8515
-0.353535 -23314.3 52.1384
-0.363636 -23315.8 53.4206
-0.373737 -23317.4 54.6945
-0.383838 -23319.1 55.9642
-0.393939 -23320.7 57.2271
-0.40404 -23322.3 58.4864
-0.414141 -23323.9 59.7401
-0.424242 -23325.5 60.9905
-0.434343 -23327 62.2362
-0.444444 -23328.6 63.4788
-0.454545 -23330.1 64.7174
-0.464646 -23331.6 65.953
-0.474747 -23333 67.185
-0.484848 -23334.5 68.4139
-0.494949 -23335.9 69.6395
-0.505051 -23337.3 70.8618
-0.515152 -23338.6 72.0809
-0.525253 -23340 73.2964
-0.535354 -23341.4 74.5087
-0.545455 -23342.7 75.7171
-0.555556 -23344 76.9221
-0.565657 -23345.4 78.1226
-0.575758 -23346.7 79.3196
-0.585859 -23348 80.5115
-0.59596 -23349.4 81.6997
-0.606061 -23350.7 82.8819
-0.616162 -23352 84.0602
-0.626263 -23353.4 85.2315
-0.636364 -23354.8 86.3987
-0.646465 -23356.2 87.5578
-0.656566 -23357.6 88.7124
-0.666667 -23359.1 89.8576
-0.676768 -23360.5 90.998
-0.686869 -23362 92.1274
-0.69697 -23363.5 93.2517
-0.707071 -23365 94.3631
-0.717172 -23366.6 95.4691
-0.727273 -23368.1 96.56
-0.737374 -23369.7 97.6451
-0.747475 -23371.3 98.7128
-0.757576 -23372.9 99.7743
-0.767677 -23374.6 100.816
-0.777778 -23376.2 101.851
-0.787879 -23377.9 102.862
-0.79798 -23379.5 103.867
-0.808081 -23381.2 104.845
-0.818182 -23382.8 105.817
-0.828283 -23384.4 106.758
-0.838384 -23386.1 107.692
-0.848485 -23387.6 108.593
-0.858586 -23389.2 109.487
-0.868687 -23390.7 110.343
-0.878788 -23392.1 111.193
-0.888889 -23393.5 112.002
-0.89899 -23394.8 112.805
-0.909091 -23396 113.564
-0.919192 -23397.2 114.318
-0.929293 -23398.2 115.024
-0.939394 -23399.1 115.727
-0.949495 -23399.9 116.38
-0.959596 -23400.6 117.03
-0.969697 -23401.1 117.628
-0.979798 -23401.5 118.223
-0.989899 -23401.7 118.819
-1 -23401.8 119.415
