0 10578.7 0.00136926
-0.010101 9238.03 -12.0699
-0.020202 9245.05 -24.1619
-0.030303 9247.33 -37.215
-0.040404 9249.46 -50.2766
-0.0505051 9248.24 -63.5416
-0.0606061 9246.88 -76.8172
-0.0707071 9243.28 -90.2578
-0.0808081 9239.57 -103.708
-0.0909091 9234.51 -117.269
-0.10101 9229.38 -130.837
-0.111111 9223.57 -144.474
-0.121212 9217.74 -158.117
-0.131313 9211.72 -171.803
-0.141414 9205.73 -185.492
-0.151515 9199.89 -199.205
-0.161616 9194.13 -212.921
-0.171717 9188.73 -226.646
-0.181818 9183.44 -240.372
-0.191919 9178.65 -254.095
-0.20202 9174 -267.815
-0.212121 9169.89 -281.524
-0.222222 9165.95 -295.226
-0.232323 9162.56 -308.906
-0.242424 9159.33 -322.578
-0.252525 9156.63 -336.22
-0.262626 9154.1 -349.85
-0.272727 9152.05 -363.444
-0.282828 9150.15 -377.023
-0.292929 9148.68 -390.561
-0.30303 9147.35 -404.081
-0.313131 9146.38 -417.556
-0.323232 9145.54 -431.01
-0.333333 9144.99 -444.417
-0.343434 9144.56 -457.799
-0.353535 9144.36 -471.133
-0.363636 9144.26 -484.439
-0.373737 9144.34 -497.694
-0.383838 9144.5 -510.918
-0.393939 9144.8 -524.091
-0.40404 9145.16 -537.23
-0.414141 9145.62 -550.316
-0.424242 9146.12 -563.364
-0.434343 9146.7 -576.36
-0.444444 9147.31 -589.313
-0.454545 9147.96 -602.213
-0.464646 9148.64 -615.066
-0.474747 9149.35 -627.866
-0.484848 9150.07 -640.615
-0.494949 9150.81 -653.309
-0.505051 9151.55 -665.948
-0.515152 9152.3 -678.531
-0.525253 9153.05 -691.054
-0.535354 9153.8 -703.521
-0.545455 9154.55 -715.922
-0.555556 9155.29 -728.267
-0.565657 9156.03 -740.54
-0.575758 9156.77 -752.756
-0.585859 9157.5 -764.894
-0.59596 9158.22 -776.974
-0.606061 9158.94 -788.97
-0.616162 9159.64 -800.908
-0.626263 9160.34 -812.753
-0.636364 9161.04 -824.542
-0.646465 9161.72 -836.23
-0.656566 9162.4 -847.86
-0.666667 9163.07 -859.382
-0.676768 9163.72 -870.847
-0.686869 9164.37 -882.195
-0.69697 9165 -893.486
-0.707071 9165.62 -904.65
-0.717172 9166.23 -915.759
-0.727273 9166.82 -926.73
-0.737374 9167.39 -937.648
-0.747475 9167.93 -948.417
-0.757576 9168.46 -959.135
-0.767677 9168.96 -969.694
-0.777778 9169.44 -980.202
-0.787879 9169.87 -990.541
-0.79798 9170.28 -1000.83
-0.808081 9170.64 -1010.94
-0.818182 9170.98 -1021.01
-0.828283 9171.25 -1030.88
-0.838384 9171.51 -1040.71
-0.848485 9171.69 -1050.34
-0.858586 9171.85 -1059.93
-0.868687 9171.93 -1069.3
-0.878788 9172 -1078.64
-0.888889 9171.97 -1087.76
-0.89899 9171.94 -1096.85
-0.909091 9171.83 -1105.7
-0.919192 9171.7 -1114.53
-0.929293 9171.52 -1123.12
-0.939394 9171.32 -1131.7
-0.949495 9171.1 -1140.03
-0.959596 9170.88 -1148.35
-0.969697 9170.68 -1156.45
-0.979798 9170.47 -1164.54
-0.989899 9170.38 -1172.43
-1 9170.3 -1180.31
