0 -5244.98 -0.000625296
-0.010101 -6660.01 -12.4717
-0.020202 -6638.66 -24.9597
-0.030303 -6623.17 -38.3127
-0.040404 -6607.88 -51.6732
-0.0505051 -6597.37 -65.2157
-0.0606061 -6587.1 -78.7703
-0.0707071 -6580.62 -92.5145
-0.0808081 -6574.4 -106.271
-0.0909091 -6571.09 -120.174
-0.10101 -6568.02 -134.089
-0.111111 -6567.1 -148.105
-0.121212 -6566.4 -162.132
-0.131313 -6567.21 -176.229
-0.141414 -6568.19 -190.333
-0.151515 -6570.18 -204.485
-0.161616 -6572.28 -218.643
-0.171717 -6575 -232.832
-0.181818 -6577.79 -247.024
-0.191919 -6580.89 -261.234
-0.20202 -6584.02 -275.444
-0.212121 -6587.23 -289.66
-0.222222 -6590.43 -303.873
-0.232323 -6593.57 -318.081
-0.242424 -6596.66 -332.283
-0.252525 -6599.59 -346.47
-0.262626 -6602.45 -360.647
-0.272727 -6605.1 -374.8
-0.282828 -6607.66 -388.941
-0.292929 -6609.98 -403.049
-0.30303 -6612.2 -417.141
-0.313131 -6614.18 -431.196
-0.323232 -6616.06 -445.23
-0.333333 -6617.71 -459.221
-0.343434 -6619.26 -473.188
-0.353535 -6620.61 -487.109
-0.363636 -6621.86 -501.001
-0.373737 -6622.94 -514.844
-0.383838 -6623.92 -528.655
-0.393939 -6624.76 -542.414
-0.40404 -6625.52 -556.137
-0.414141 -6626.17 -569.806
-0.424242 -6626.74 -583.435
-0.434343 -6627.23 -597.008
-0.444444 -6627.65 -610.537
-0.454545 -6628.01 -624.009
-0.464646 -6628.33 -637.431
-0.474747 -6628.59 -650.796
-0.484848 -6628.83 -664.107
-0.494949 -6629.03 -677.359
-0.505051 -6629.21 -690.552
-0.515152 -6629.37 -703.686
-0.525253 -6629.51 -716.754
-0.535354 -6629.65 -729.763
-0.545455 -6629.78 -742.702
-0.555556 -6629.91 -755.58
-0.565657 -6630.04 -768.38
-0.575758 -6630.18 -781.121
-0.585859 -6630.33 -793.777
-0.59596 -6630.49 -806.373
-0.606061 -6630.66 -818.879
-0.616162 -6630.85 -831.323
-0.626263 -6631.05 -843.669
-0.636364 -6631.27 -855.955
-0.646465 -6631.52 -868.134
-0.656566 -6631.79 -880.253
-0.666667 -6632.09 -892.258
-0.676768 -6632.4 -904.203
-0.686869 -6632.75 -916.024
-0.69697 -6633.12 -927.787
-0.707071 -6633.54 -939.417
-0.717172 -6633.97 -950.99
-0.727273 -6634.45 -962.421
-0.737374 -6634.95 -973.796
-0.747475 -6635.51 -985.018
-0.757576 -6636.08 -996.187
-0.767677 -6636.72 -1007.19
-0.777778 -6637.37 -1018.15
-0.787879 -6638.08 -1028.93
-0.79798 -6638.81 -1039.67
-0.808081 -6639.6 -1050.22
-0.818182 -6640.4 -1060.73
-0.828283 -6641.27 -1071.04
-0.838384 -6642.15 -1081.32
-0.848485 -6643.08 -1091.39
-0.858586 -6644.02 -1101.42
-0.868687 -6645 -1111.24
-0.878788 -6645.99 -1121.03
-0.888889 -6646.99 -1130.6
-0.89899 -6648 -1140.14
-0.909091 -6648.98 -1149.45
-0.919192 -6649.97 -1158.74
-0.929293 -6650.88 -1167.8
-0.939394 -6651.79 -1176.84
-0.949495 -6652.57 -1185.64
-0.959596 -6653.35 -1194.44
-0.969697 -6653.9 -1203.02
-0.979798 -6654.45 -1211.6
-0.989899 -6654.67 -1219.96
-1 -6654.87 -1228.31
