0 6816.5 0.000818658
-0.010101 8201.4 12.1791
-0.020202 8179.08 24.3735
-0.030303 8162.57 37.3991
-0.040404 8146.26 50.4319
-0.0505051 8134.77 63.6393
-0.0606061 8123.52 76.8587
-0.0707071 8116.13 90.2652
-0.0808081 8109 103.684
-0.0909091 8104.87 117.249
-0.10101 8101 130.826
-0.111111 8099.38 144.505
-0.121212 8097.98 158.195
-0.131313 8098.21 171.956
-0.141414 8098.62 185.724
-0.151515 8100.14 199.542
-0.161616 8101.79 213.366
-0.171717 8104.15 227.221
-0.181818 8106.59 241.081
-0.191919 8109.43 254.96
-0.20202 8112.3 268.84
-0.212121 8115.33 282.726
-0.222222 8118.36 296.611
-0.232323 8121.39 310.492
-0.242424 8124.38 324.368
-0.252525 8127.26 338.23
-0.262626 8130.08 352.083
-0.272727 8132.72 365.914
-0.282828 8135.28 379.733
-0.292929 8137.63 393.522
-0.30303 8139.89 407.296
-0.313131 8141.93 421.032
-0.323232 8143.87 434.75
-0.333333 8145.6 448.426
-0.343434 8147.23 462.079
-0.353535 8148.66 475.686
-0.363636 8150 489.267
-0.373737 8151.18 502.799
-0.383838 8152.26 516.3
-0.393939 8153.2 529.75
-0.40404 8154.06 543.165
-0.414141 8154.81 556.527
-0.424242 8155.48 569.85
-0.434343 8156.07 583.118
-0.444444 8156.6 596.343
-0.454545 8157.06 609.512
-0.464646 8157.47 622.633
-0.474747 8157.84 635.697
-0.484848 8158.17 648.709
-0.494949 8158.46 661.662
-0.505051 8158.74 674.558
-0.515152 8158.99 687.396
-0.525253 8159.23 700.17
-0.535354 8159.46 712.885
-0.545455 8159.68 725.531
-0.555556 8159.9 738.118
-0.565657 8160.13 750.629
-0.575758 8160.36 763.081
-0.585859 8160.6 775.451
-0.59596 8160.85 787.761
-0.606061 8161.11 799.983
-0.616162 8161.39 812.145
-0.626263 8161.69 824.211
-0.636364 8162 836.217
-0.646465 8162.35 848.12
-0.656566 8162.71 859.963
-0.666667 8163.1 871.694
-0.676768 8163.51 883.368
-0.686869 8163.96 894.92
-0.69697 8164.43 906.415
-0.707071 8164.95 917.78
-0.717172 8165.48 929.09
-0.727273 8166.07 940.26
-0.737374 8166.67 951.376
-0.747475 8167.33 962.343
-0.757576 8168.01 973.258
-0.767677 8168.74 984.015
-0.777778 8169.5 994.722
-0.787879 8170.32 1005.26
-0.79798 8171.15 1015.75
-0.808081 8172.04 1026.07
-0.818182 8172.95 1036.34
-0.828283 8173.92 1046.42
-0.838384 8174.9 1056.46
-0.848485 8175.92 1066.31
-0.858586 8176.96 1076.12
-0.868687 8178.03 1085.72
-0.878788 8179.1 1095.29
-0.888889 8180.18 1104.65
-0.89899 8181.27 1113.98
-0.909091 8182.32 1123.09
-0.919192 8183.37 1132.17
-0.929293 8184.34 1141.03
-0.939394 8185.3 1149.88
-0.949495 8186.12 1158.5
-0.959596 8186.94 1167.11
-0.969697 8187.52 1175.51
-0.979798 8188.09 1183.91
-0.989899 8188.31 1192.09
-1 8188.52 1200.26
