0 23044.8 0.00247213
-0.010101 23305.3 1.93341
-0.020202 23282.6 3.86119
-0.030303 23262.1 5.74743
-0.040404 23241.8 7.63324
-0.0505051 23224 9.5086
-0.0606061 23206.3 11.3875
-0.0707071 23191.3 13.3222
-0.0808081 23176.5 15.2627
-0.0909091 23164.3 17.2699
-0.10101 23152.3 19.2837
-0.111111 23142.6 21.3562
-0.121212 23133.3 23.4352
-0.131313 23126 25.5618
-0.141414 23119 27.6947
-0.151515 23113.7 29.8663
-0.161616 23108.7 32.0441
-0.171717 23105.2 34.2545
-0.181818 23102 36.4713
-0.191919 23099.9 38.7165
-0.20202 23098.1 40.9679
-0.212121 23097.2 43.2441
-0.222222 23096.5 45.5262
-0.232323 23096.5 47.8294
-0.242424 23096.6 50.1379
-0.252525 23097.3 52.4633
-0.262626 23098 54.7931
-0.272727 23099.2 57.1356
-0.282828 23100.4 59.4813
-0.292929 23101.9 61.8353
-0.30303 23103.4 64.1912
-0.313131 23105 66.5514
-0.323232 23106.7 68.9118
-0.333333 23108.4 71.273
-0.343434 23110.2 73.6329
-0.353535 23112 75.9904
-0.363636 23113.8 78.345
-0.373737 23115.5 80.6947
-0.383838 23117.2 83.04
-0.393939 23118.9 85.3782
-0.40404 23120.6 87.7107
-0.414141 23122.3 90.0344
-0.424242 23123.9 92.351
-0.434343 23125.4 94.6577
-0.444444 23126.9 96.9559
-0.454545 23128.4 99.2433
-0.464646 23129.9 101.521
-0.474747 23131.3 103.787
-0.484848 23132.6 106.042
-0.494949 23134 108.286
-0.505051 23135.3 110.517
-0.515152 23136.6 112.736
-0.525253 23137.9 114.942
-0.535354 23139.2 117.136
-0.545455 23140.5 119.315
-0.555556 23141.7 121.482
-0.565657 23143 123.633
-0.575758 23144.2 125.773
-0.585859 23145.5 127.895
-0.59596 23146.8 130.006
-0.606061 23148 132.099
-0.616162 23149.3 134.18
-0.626263 23150.6 136.243
-0.636364 23152 138.293
-0.646465 23153.3 140.325
-0.656566 23154.7 142.345
-0.666667 23156.1 144.344
-0.676768 23157.5 146.333
-0.686869 23159 148.301
-0.69697 23160.4 150.258
-0.707071 23161.9 152.193
-0.717172 23163.5 154.119
-0.727273 23165 156.022
-0.737374 23166.6 157.917
-0.747475 23168.2 159.789
-0.757576 23169.9 161.652
-0.767677 23171.5 163.494
-0.777778 23173.2 165.328
-0.787879 23174.9 167.139
-0.79798 23176.6 168.945
-0.808081 23178.3 170.728
-0.818182 23180 172.506
-0.828283 23181.8 174.263
-0.838384 23183.5 176.016
-0.848485 23185.1 177.748
-0.858586 23186.8 179.477
-0.868687 23188.4 181.187
-0.878788 23190 182.893
-0.888889 23191.5 184.582
-0.89899 23193 186.268
-0.909091 23194.4 187.938
-0.919192 23195.7 189.606
-0.929293 23196.8 191.259
-0.939394 23197.9 192.91
-0.949495 23198.8 194.548
-0.959596 23199.7 196.186
-0.969697 23200.3 197.818
-0.979798 23200.8 199.45
-0.989899 23201 201.027
-1 23201.2 202.603
