0 5771.95 0.000690005
-0.010101 7177.67 12.3814
-0.020202 7155.99 24.7788
-0.030303 7140.15 38.0302
-0.040404 7124.51 51.2891
-0.0505051 7113.67 64.7275
-0.0606061 7103.07 78.1779
-0.0707071 7096.28 91.817
-0.0808081 7089.76 105.469
-0.0909091 7086.17 119.266
-0.10101 7082.83 133.075
-0.111111 7081.68 146.987
-0.121212 7080.74 160.909
-0.131313 7081.36 174.901
-0.141414 7082.15 188.9
-0.151515 7083.99 202.948
-0.161616 7085.94 217.002
-0.171717 7088.54 231.087
-0.181818 7091.22 245.175
-0.191919 7094.23 259.281
-0.20202 7097.28 273.388
-0.212121 7100.43 287.501
-0.222222 7103.58 301.612
-0.232323 7106.68 315.717
-0.242424 7109.74 329.817
-0.252525 7112.66 343.902
-0.262626 7115.51 357.978
-0.272727 7118.15 372.03
-0.282828 7120.71 386.07
-0.292929 7123.05 400.078
-0.30303 7125.28 414.071
-0.313131 7127.28 428.025
-0.323232 7129.18 441.96
-0.333333 7130.86 455.852
-0.343434 7132.44 469.721
-0.353535 7133.82 483.543
-0.363636 7135.1 497.338
-0.373737 7136.21 511.083
-0.383838 7137.23 524.797
-0.393939 7138.1 538.458
-0.40404 7138.9 552.084
-0.414141 7139.58 565.657
-0.424242 7140.19 579.189
-0.434343 7140.7 592.667
-0.444444 7141.17 606.1
-0.454545 7141.56 619.476
-0.464646 7141.91 632.804
-0.474747 7142.21 646.074
-0.484848 7142.47 659.29
-0.494949 7142.71 672.448
-0.505051 7142.92 685.547
-0.515152 7143.11 698.588
-0.525253 7143.29 711.563
-0.535354 7143.45 724.48
-0.545455 7143.62 737.326
-0.555556 7143.78 750.112
-0.565657 7143.94 762.821
-0.575758 7144.11 775.471
-0.585859 7144.29 788.037
-0.59596 7144.48 800.543
-0.606061 7144.68 812.958
-0.616162 7144.9 825.313
-0.626263 7145.14 837.571
-0.636364 7145.39 849.768
-0.646465 7145.67 861.86
-0.656566 7145.97 873.892
-0.666667 7146.3 885.81
-0.676768 7146.64 897.669
-0.686869 7147.03 909.405
-0.69697 7147.43 921.084
-0.707071 7147.88 932.63
-0.717172 7148.35 944.119
-0.727273 7148.87 955.467
-0.737374 7149.4 966.761
-0.747475 7149.99 977.902
-0.757576 7150.6 988.991
-0.767677 7151.27 999.919
-0.777778 7151.95 1010.8
-0.787879 7152.7 1021.5
-0.79798 7153.47 1032.16
-0.808081 7154.29 1042.64
-0.818182 7155.13 1053.07
-0.828283 7156.03 1063.31
-0.838384 7156.95 1073.51
-0.848485 7157.91 1083.51
-0.858586 7158.89 1093.47
-0.868687 7159.9 1103.22
-0.878788 7160.91 1112.94
-0.888889 7161.94 1122.45
-0.89899 7162.97 1131.92
-0.909091 7163.98 1141.17
-0.919192 7164.99 1150.39
-0.929293 7165.92 1159.39
-0.939394 7166.85 1168.36
-0.949495 7167.65 1177.11
-0.959596 7168.43 1185.85
-0.969697 7169 1194.37
-0.979798 7169.55 1202.89
-0.989899 7169.77 1211.19
-1 7169.98 1219.49
