0 -11060.4 -0.00143082
-0.010101 -9733.83 11.9542
-0.020202 -9740.28 23.9305
-0.030303 -9742.06 36.8632
-0.040404 -9743.7 49.8043
-0.0505051 -9742.06 62.9476
-0.0606061 -9740.29 76.1013
-0.0707071 -9736.36 89.4176
-0.0808081 -9732.32 102.743
-0.0909091 -9727 116.177
-0.10101 -9721.62 129.618
-0.111111 -9715.62 143.126
-0.121212 -9709.6 156.64
-0.131313 -9703.44 170.194
-0.141414 -9697.32 183.752
-0.151515 -9691.39 197.333
-0.161616 -9685.54 210.916
-0.171717 -9680.09 224.508
-0.181818 -9674.76 238.099
-0.191919 -9669.95 251.688
-0.20202 -9665.28 265.274
-0.212121 -9661.18 278.847
-0.222222 -9657.23 292.413
-0.232323 -9653.86 305.958
-0.242424 -9650.66 319.493
-0.252525 -9647.99 332.999
-0.262626 -9645.49 346.492
-0.272727 -9643.48 359.95
-0.282828 -9641.62 373.392
-0.292929 -9640.19 386.793
-0.30303 -9638.91 400.176
-0.313131 -9637.98 413.515
-0.323232 -9637.18 426.832
-0.333333 -9636.68 440.103
-0.343434 -9636.29 453.349
-0.353535 -9636.13 466.546
-0.363636 -9636.08 479.716
-0.373737 -9636.2 492.836
-0.383838 -9636.4 505.925
-0.393939 -9636.73 518.963
-0.40404 -9637.13 531.967
-0.414141 -9637.62 544.92
-0.424242 -9638.16 557.834
-0.434343 -9638.77 570.696
-0.444444 -9639.41 583.517
-0.454545 -9640.1 596.284
-0.464646 -9640.8 609.006
-0.474747 -9641.54 621.675
-0.484848 -9642.29 634.293
-0.494949 -9643.05 646.857
-0.505051 -9643.82 659.366
-0.515152 -9644.59 671.821
-0.525253 -9645.37 684.215
-0.535354 -9646.15 696.555
-0.545455 -9646.92 708.829
-0.555556 -9647.69 721.048
-0.565657 -9648.46 733.195
-0.575758 -9649.22 745.286
-0.585859 -9649.97 757.3
-0.59596 -9650.72 769.257
-0.606061 -9651.46 781.13
-0.616162 -9652.19 792.946
-0.626263 -9652.92 804.671
-0.636364 -9653.64 816.339
-0.646465 -9654.35 827.907
-0.656566 -9655.06 839.419
-0.666667 -9655.75 850.823
-0.676768 -9656.44 862.172
-0.686869 -9657.12 873.403
-0.69697 -9657.78 884.579
-0.707071 -9658.43 895.629
-0.717172 -9659.07 906.625
-0.727273 -9659.69 917.484
-0.737374 -9660.3 928.29
-0.747475 -9660.88 938.95
-0.757576 -9661.44 949.558
-0.767677 -9661.97 960.008
-0.777778 -9662.49 970.409
-0.787879 -9662.96 980.642
-0.79798 -9663.41 990.827
-0.808081 -9663.81 1000.83
-0.818182 -9664.19 1010.79
-0.828283 -9664.5 1020.56
-0.838384 -9664.79 1030.29
-0.848485 -9665.01 1039.82
-0.858586 -9665.21 1049.31
-0.868687 -9665.33 1058.59
-0.878788 -9665.43 1067.83
-0.888889 -9665.44 1076.85
-0.89899 -9665.44 1085.84
-0.909091 -9665.36 1094.6
-0.919192 -9665.27 1103.34
-0.929293 -9665.11 1111.84
-0.939394 -9664.95 1120.32
-0.949495 -9664.75 1128.56
-0.959596 -9664.54 1136.79
-0.969697 -9664.36 1144.8
-0.979798 -9664.17 1152.8
-0.989899 -9664.08 1160.6
-1 -9664 1168.4
