0 15320.8 0.00163176
-0.010101 16394.4 9.27865
-0.020202 16368.6 18.5653
-0.030303 16347.8 28.4047
-0.040404 16327.2 38.2489
-0.0505051 16311.1 48.208
-0.0606061 16295.2 58.1768
-0.0707071 16283.2 68.2997
-0.0808081 16271.4 78.434
-0.0909091 16263 88.6989
-0.10101 16254.8 98.9747
-0.111111 16249.2 109.348
-0.121212 16243.9 119.731
-0.131313 16240.7 130.185
-0.141414 16237.8 140.647
-0.151515 16236.4 151.161
-0.161616 16235.2 161.681
-0.171717 16235.3 172.238
-0.181818 16235.4 182.801
-0.191919 16236.4 193.389
-0.20202 16237.6 203.981
-0.212121 16239.2 214.589
-0.222222 16241 225.199
-0.232323 16243.1 235.815
-0.242424 16245.2 246.43
-0.252525 16247.5 257.043
-0.262626 16249.8 267.652
-0.272727 16252.1 278.252
-0.282828 16254.5 288.845
-0.292929 16256.8 299.42
-0.30303 16259 309.986
-0.313131 16261.2 320.529
-0.323232 16263.3 331.058
-0.333333 16265.3 341.559
-0.343434 16267.2 352.043
-0.353535 16269 362.496
-0.363636 16270.8 372.928
-0.373737 16272.4 383.324
-0.383838 16273.9 393.697
-0.393939 16275.4 404.032
-0.40404 16276.7 414.34
-0.414141 16278 424.608
-0.424242 16279.2 434.845
-0.434343 16280.3 445.04
-0.444444 16281.4 455.201
-0.454545 16282.4 465.319
-0.464646 16283.4 475.4
-0.474747 16284.3 485.436
-0.484848 16285.1 495.43
-0.494949 16285.9 505.38
-0.505051 16286.7 515.284
-0.515152 16287.5 525.142
-0.525253 16288.3 534.951
-0.535354 16289 544.713
-0.545455 16289.8 554.421
-0.555556 16290.5 564.083
-0.565657 16291.2 573.686
-0.575758 16292 583.242
-0.585859 16292.7 592.735
-0.59596 16293.5 602.18
-0.606061 16294.2 611.557
-0.616162 16295 620.887
-0.626263 16295.8 630.142
-0.636364 16296.7 639.351
-0.646465 16297.5 648.479
-0.656566 16298.4 657.562
-0.666667 16299.3 666.558
-0.676768 16300.3 675.509
-0.686869 16301.2 684.367
-0.69697 16302.3 693.181
-0.707071 16303.3 701.895
-0.717172 16304.4 710.567
-0.727273 16305.5 719.132
-0.737374 16306.6 727.656
-0.747475 16307.8 736.068
-0.757576 16309.1 744.439
-0.767677 16310.3 752.691
-0.777778 16311.6 760.906
-0.787879 16313 768.994
-0.79798 16314.3 777.047
-0.808081 16315.7 784.968
-0.818182 16317.2 792.856
-0.828283 16318.6 800.605
-0.838384 16320.1 808.324
-0.848485 16321.6 815.899
-0.858586 16323.1 823.446
-0.868687 16324.5 830.844
-0.878788 16326 838.217
-0.888889 16327.4 845.435
-0.89899 16328.9 852.633
-0.909091 16330.2 859.672
-0.919192 16331.6 866.693
-0.929293 16332.8 873.553
-0.939394 16333.9 880.399
-0.949495 16334.9 887.086
-0.959596 16335.9 893.764
-0.969697 16336.5 900.299
-0.979798 16337.2 906.829
-0.989899 16337.4 913.185
-1 16337.6 919.537
