0 8860.44 0.00106882
-0.010101 10195 11.6992
-0.020202 10171.5 23.412
-0.030303 10153.8 35.905
-0.040404 10136.3 48.4048
-0.0505051 10123.5 61.0681
-0.0606061 10111.1 73.7432
-0.0707071 10102.5 86.6006
-0.0808081 10094.2 99.4706
-0.0909091 10089 112.485
-0.10101 10084.1 125.511
-0.111111 10081.6 138.641
-0.121212 10079.3 151.78
-0.131313 10078.7 164.992
-0.141414 10078.4 178.212
-0.151515 10079.2 191.483
-0.161616 10080.3 204.759
-0.171717 10082.1 218.069
-0.181818 10084.1 231.384
-0.191919 10086.6 244.719
-0.20202 10089.1 258.057
-0.212121 10091.9 271.403
-0.222222 10094.6 284.748
-0.232323 10097.5 298.091
-0.242424 10100.3 311.431
-0.252525 10103.1 324.759
-0.262626 10105.9 338.08
-0.272727 10108.5 351.38
-0.282828 10111 364.67
-0.292929 10113.4 377.932
-0.30303 10115.7 391.179
-0.313131 10117.8 404.393
-0.323232 10119.8 417.588
-0.333333 10121.6 430.744
-0.343434 10123.3 443.879
-0.353535 10124.9 456.97
-0.363636 10126.3 470.035
-0.373737 10127.6 483.054
-0.383838 10128.8 496.043
-0.393939 10129.9 508.984
-0.40404 10130.9 521.89
-0.414141 10131.8 534.746
-0.424242 10132.6 547.564
-0.434343 10133.3 560.33
-0.444444 10133.9 573.054
-0.454545 10134.5 585.724
-0.464646 10135.1 598.347
-0.474747 10135.6 610.916
-0.484848 10136 623.433
-0.494949 10136.4 635.895
-0.505051 10136.8 648.301
-0.515152 10137.2 660.651
-0.525253 10137.6 672.94
-0.535354 10137.9 685.171
-0.545455 10138.3 697.336
-0.555556 10138.6 709.444
-0.565657 10139 721.478
-0.575758 10139.3 733.456
-0.585859 10139.7 745.354
-0.59596 10140 757.195
-0.606061 10140.4 768.95
-0.616162 10140.8 780.648
-0.626263 10141.2 792.253
-0.636364 10141.7 803.801
-0.646465 10142.1 815.248
-0.656566 10142.6 826.639
-0.666667 10143.1 837.922
-0.676768 10143.7 849.148
-0.686869 10144.3 860.258
-0.69697 10144.9 871.314
-0.707071 10145.5 882.244
-0.717172 10146.2 893.121
-0.727273 10146.9 903.864
-0.737374 10147.6 914.555
-0.747475 10148.4 925.103
-0.757576 10149.2 935.601
-0.767677 10150.1 945.947
-0.777778 10151 956.246
-0.787879 10151.9 966.383
-0.79798 10152.9 976.476
-0.808081 10153.9 986.398
-0.818182 10155 996.278
-0.828283 10156.1 1005.98
-0.838384 10157.2 1015.64
-0.848485 10158.3 1025.12
-0.858586 10159.5 1034.56
-0.868687 10160.6 1043.8
-0.878788 10161.8 1053.01
-0.888889 10163 1062.02
-0.89899 10164.2 1071.01
-0.909091 10165.3 1079.78
-0.919192 10166.4 1088.53
-0.929293 10167.5 1097.07
-0.939394 10168.5 1105.59
-0.949495 10169.4 1113.9
-0.959596 10170.2 1122.19
-0.969697 10170.8 1130.3
-0.979798 10171.4 1138.39
-0.989899 10171.7 1146.28
-1 10171.9 1154.16
