0 -18682.7 -0.00190847
-0.010101 -19528.5 -7.1983
-0.020202 -19502.5 -14.4005
-0.030303 -19480.9 -21.9784
-0.040404 -19459.4 -29.5595
-0.0505051 -19441.9 -37.2185
-0.0606061 -19424.7 -44.8857
-0.0707071 -19411.1 -52.681
-0.0808081 -19397.7 -60.4864
-0.0909091 -19387.6 -68.4071
-0.10101 -19377.7 -76.3378
-0.111111 -19370.5 -84.3578
-0.121212 -19363.5 -92.387
-0.131313 -19358.8 -100.483
-0.141414 -19354.3 -108.586
-0.151515 -19351.5 -116.74
-0.161616 -19349 -124.9
-0.171717 -19347.8 -133.098
-0.181818 -19346.9 -141.302
-0.191919 -19346.9 -149.534
-0.20202 -19347 -157.771
-0.212121 -19347.9 -166.028
-0.222222 -19348.9 -174.288
-0.232323 -19350.3 -182.56
-0.242424 -19351.9 -190.833
-0.252525 -19353.7 -199.111
-0.262626 -19355.6 -207.388
-0.272727 -19357.7 -215.662
-0.282828 -19359.7 -223.933
-0.292929 -19361.8 -232.195
-0.30303 -19363.9 -240.45
-0.313131 -19366 -248.691
-0.323232 -19368.1 -256.922
-0.333333 -19370.1 -265.134
-0.343434 -19372 -273.333
-0.353535 -19373.9 -281.51
-0.363636 -19375.8 -289.671
-0.373737 -19377.5 -297.805
-0.383838 -19379.2 -305.922
-0.393939 -19380.8 -314.009
-0.40404 -19382.3 -322.075
-0.414141 -19383.8 -330.11
-0.424242 -19385.2 -338.121
-0.434343 -19386.5 -346.099
-0.444444 -19387.8 -354.05
-0.454545 -19389 -361.967
-0.464646 -19390.1 -369.854
-0.474747 -19391.2 -377.706
-0.484848 -19392.3 -385.525
-0.494949 -19393.4 -393.308
-0.505051 -19394.4 -401.055
-0.515152 -19395.4 -408.766
-0.525253 -19396.4 -416.437
-0.535354 -19397.3 -424.071
-0.545455 -19398.3 -431.662
-0.555556 -19399.2 -439.217
-0.565657 -19400.2 -446.724
-0.575758 -19401.1 -454.194
-0.585859 -19402.1 -461.614
-0.59596 -19403 -468.997
-0.606061 -19404 -476.324
-0.616162 -19405 -483.615
-0.626263 -19406 -490.847
-0.636364 -19407.1 -498.043
-0.646465 -19408.1 -505.174
-0.656566 -19409.2 -512.27
-0.666667 -19410.4 -519.298
-0.676768 -19411.5 -526.29
-0.686869 -19412.7 -533.21
-0.69697 -19413.9 -540.095
-0.707071 -19415.2 -546.902
-0.717172 -19416.4 -553.676
-0.727273 -19417.8 -560.367
-0.737374 -19419.1 -567.026
-0.747475 -19420.5 -573.598
-0.757576 -19421.9 -580.139
-0.767677 -19423.4 -586.589
-0.777778 -19424.9 -593.009
-0.787879 -19426.4 -599.333
-0.79798 -19427.9 -605.63
-0.808081 -19429.5 -611.826
-0.818182 -19431.1 -617.997
-0.828283 -19432.7 -624.063
-0.838384 -19434.3 -630.107
-0.848485 -19436 -636.041
-0.858586 -19437.6 -641.956
-0.868687 -19439.2 -647.758
-0.878788 -19440.8 -653.542
-0.888889 -19442.3 -659.212
-0.89899 -19443.8 -664.865
-0.909091 -19445.2 -670.401
-0.919192 -19446.6 -675.924
-0.929293 -19447.8 -681.328
-0.939394 -19449.1 -686.722
-0.949495 -19450 -692
-0.959596 -19451 -697.271
-0.969697 -19451.7 -702.44
-0.979798 -19452.3 -707.605
-0.989899 -19452.6 -712.628
-1 -19452.8 -717.648
