0 -17999.6 -0.00167938
-0.010101 -18899.5 -7.68922
-0.020202 -18873.5 -15.3836
-0.030303 -18851.9 -23.4949
-0.040404 -18830.5 -31.6098
-0.0505051 -18813.3 -39.8114
-0.0606061 -18796.3 -48.0215
-0.0707071 -18783 -56.3662
-0.0808081 -18770 -64.7213
-0.0909091 -18760.2 -73.1958
-0.10101 -18750.6 -81.6805
-0.111111 -18743.7 -90.2568
-0.121212 -18737.2 -98.8425
-0.131313 -18732.7 -107.496
-0.141414 -18728.6 -116.157
-0.151515 -18726.1 -124.869
-0.161616 -18723.9 -133.588
-0.171717 -18723 -142.345
-0.181818 -18722.2 -151.107
-0.191919 -18722.5 -159.897
-0.20202 -18722.9 -168.692
-0.212121 -18723.9 -177.506
-0.222222 -18725.1 -186.323
-0.232323 -18726.7 -195.151
-0.242424 -18728.4 -203.979
-0.252525 -18730.3 -212.811
-0.262626 -18732.3 -221.641
-0.272727 -18734.4 -230.467
-0.282828 -18736.5 -239.289
-0.292929 -18738.7 -248.099
-0.30303 -18740.8 -256.903
-0.313131 -18742.9 -265.69
-0.323232 -18745 -274.467
-0.333333 -18747 -283.222
-0.343434 -18749 -291.965
-0.353535 -18750.9 -300.681
-0.363636 -18752.7 -309.382
-0.373737 -18754.4 -318.053
-0.383838 -18756.1 -326.705
-0.393939 -18757.6 -335.326
-0.40404 -18759.1 -343.925
-0.414141 -18760.5 -352.49
-0.424242 -18761.9 -361.029
-0.434343 -18763.2 -369.534
-0.444444 -18764.4 -378.01
-0.454545 -18765.6 -386.45
-0.464646 -18766.7 -394.858
-0.474747 -18767.8 -403.228
-0.484848 -18768.8 -411.564
-0.494949 -18769.8 -419.862
-0.505051 -18770.8 -428.121
-0.515152 -18771.7 -436.341
-0.525253 -18772.7 -444.52
-0.535354 -18773.6 -452.66
-0.545455 -18774.5 -460.753
-0.555556 -18775.4 -468.808
-0.565657 -18776.3 -476.813
-0.575758 -18777.2 -484.779
-0.585859 -18778.1 -492.69
-0.59596 -18779 -500.563
-0.606061 -18780 -508.377
-0.616162 -18780.9 -516.152
-0.626263 -18781.9 -523.864
-0.636364 -18782.9 -531.538
-0.646465 -18783.9 -539.144
-0.656566 -18785 -546.711
-0.666667 -18786.1 -554.206
-0.676768 -18787.2 -561.663
-0.686869 -18788.3 -569.043
-0.69697 -18789.5 -576.386
-0.707071 -18790.7 -583.646
-0.717172 -18791.9 -590.87
-0.727273 -18793.2 -598.006
-0.737374 -18794.5 -605.108
-0.747475 -18795.9 -612.117
-0.757576 -18797.3 -619.093
-0.767677 -18798.7 -625.97
-0.777778 -18800.1 -632.816
-0.787879 -18801.6 -639.559
-0.79798 -18803.1 -646.273
-0.808081 -18804.7 -652.879
-0.818182 -18806.2 -659.458
-0.828283 -18807.8 -665.924
-0.838384 -18809.4 -672.366
-0.848485 -18811 -678.69
-0.858586 -18812.6 -684.993
-0.868687 -18814.2 -691.174
-0.878788 -18815.7 -697.337
-0.888889 -18817.2 -703.374
-0.89899 -18818.8 -709.395
-0.909091 -18820.2 -715.289
-0.919192 -18821.5 -721.168
-0.929293 -18822.8 -726.919
-0.939394 -18824 -732.659
-0.949495 -18825 -738.273
-0.959596 -18825.9 -743.879
-0.969697 -18826.6 -749.374
-0.979798 -18827.2 -754.865
-0.989899 -18827.5 -760.205
-1 -18827.7 -765.543
