0 -17278.7 -0.00161282
-0.010101 -18230.7 -8.16433
-0.020202 -18204.7 -16.3348
-0.030303 -18183.3 -24.9623
-0.040404 -18162.1 -33.5939
-0.0505051 -18145.1 -42.3207
-0.0606061 -18128.4 -51.0564
-0.0707071 -18115.5 -59.9329
-0.0808081 -18102.8 -68.8201
-0.0909091 -18093.3 -77.8304
-0.10101 -18084.1 -86.8512
-0.111111 -18077.6 -95.9658
-0.121212 -18071.4 -105.09
-0.131313 -18067.3 -114.283
-0.141414 -18063.5 -123.484
-0.151515 -18061.3 -132.736
-0.161616 -18059.4 -141.995
-0.171717 -18058.7 -151.292
-0.181818 -18058.3 -160.594
-0.191919 -18058.7 -169.924
-0.20202 -18059.3 -179.259
-0.212121 -18060.5 -188.611
-0.222222 -18061.9 -197.966
-0.232323 -18063.6 -207.331
-0.242424 -18065.4 -216.697
-0.252525 -18067.5 -226.064
-0.262626 -18069.6 -235.429
-0.272727 -18071.7 -244.788
-0.282828 -18073.9 -254.142
-0.292929 -18076.1 -263.484
-0.30303 -18078.3 -272.817
-0.313131 -18080.4 -282.133
-0.323232 -18082.5 -291.437
-0.333333 -18084.6 -300.717
-0.343434 -18086.5 -309.984
-0.353535 -18088.4 -319.223
-0.363636 -18090.2 -328.444
-0.373737 -18091.9 -337.635
-0.383838 -18093.5 -346.805
-0.393939 -18095 -355.942
-0.40404 -18096.5 -365.055
-0.414141 -18097.9 -374.133
-0.424242 -18099.2 -383.183
-0.434343 -18100.4 -392.197
-0.444444 -18101.6 -401.18
-0.454545 -18102.7 -410.125
-0.464646 -18103.8 -419.037
-0.474747 -18104.8 -427.909
-0.484848 -18105.8 -436.744
-0.494949 -18106.8 -445.539
-0.505051 -18107.7 -454.293
-0.515152 -18108.6 -463.007
-0.525253 -18109.5 -471.676
-0.535354 -18110.4 -480.305
-0.545455 -18111.2 -488.884
-0.555556 -18112.1 -497.423
-0.565657 -18112.9 -505.909
-0.575758 -18113.8 -514.353
-0.585859 -18114.7 -522.741
-0.59596 -18115.5 -531.087
-0.606061 -18116.4 -539.372
-0.616162 -18117.3 -547.615
-0.626263 -18118.3 -555.791
-0.636364 -18119.2 -563.927
-0.646465 -18120.2 -571.991
-0.656566 -18121.2 -580.015
-0.666667 -18122.2 -587.962
-0.676768 -18123.3 -595.869
-0.686869 -18124.4 -603.694
-0.69697 -18125.5 -611.479
-0.707071 -18126.7 -619.177
-0.717172 -18127.9 -626.837
-0.727273 -18129.1 -634.404
-0.737374 -18130.4 -641.934
-0.747475 -18131.7 -649.365
-0.757576 -18133.1 -656.761
-0.767677 -18134.4 -664.053
-0.777778 -18135.8 -671.311
-0.787879 -18137.3 -678.46
-0.79798 -18138.8 -685.577
-0.808081 -18140.3 -692.579
-0.818182 -18141.8 -699.552
-0.828283 -18143.4 -706.405
-0.838384 -18144.9 -713.232
-0.848485 -18146.5 -719.933
-0.858586 -18148 -726.611
-0.868687 -18149.6 -733.16
-0.878788 -18151.1 -739.687
-0.888889 -18152.6 -746.081
-0.89899 -18154.1 -752.457
-0.909091 -18155.5 -758.697
-0.919192 -18156.9 -764.921
-0.929293 -18158.1 -771.007
-0.939394 -18159.3 -777.081
-0.949495 -18160.3 -783.02
-0.959596 -18161.3 -788.95
-0.969697 -18161.9 -794.76
-0.979798 -18162.6 -800.565
-0.989899 -18162.8 -806.213
-1 -18163.1 -811.858
