0 10578.7 0.00136926
-0.010101 9238.03 -12.0685
-0.020202 9245.06 -24.1591
-0.030303 9247.33 -37.2111
-0.040404 9249.47 -50.2715
-0.0505051 9248.25 -63.5358
-0.0606061 9246.88 -76.8107
-0.0707071 9243.29 -90.2509
-0.0808081 9239.58 -103.701
-0.0909091 9234.52 -117.261
-0.10101 9229.39 -130.829
-0.111111 9223.58 -144.467
-0.121212 9217.75 -158.111
-0.131313 9211.74 -171.797
-0.141414 9205.75 -185.487
-0.151515 9199.91 -199.201
-0.161616 9194.14 -212.917
-0.171717 9188.75 -226.644
-0.181818 9183.46 -240.371
-0.191919 9178.67 -254.096
-0.20202 9174.02 -267.817
-0.212121 9169.92 -281.527
-0.222222 9165.97 -295.231
-0.232323 9162.58 -308.914
-0.242424 9159.36 -322.587
-0.252525 9156.66 -336.231
-0.262626 9154.13 -349.863
-0.272727 9152.07 -363.459
-0.282828 9150.18 -377.04
-0.292929 9148.71 -390.581
-0.30303 9147.38 -404.103
-0.313131 9146.41 -417.581
-0.323232 9145.57 -431.037
-0.333333 9145.02 -444.447
-0.343434 9144.59 -457.831
-0.353535 9144.39 -471.167
-0.363636 9144.3 -484.475
-0.373737 9144.38 -497.733
-0.383838 9144.54 -510.96
-0.393939 9144.83 -524.136
-0.40404 9145.2 -537.277
-0.414141 9145.65 -550.366
-0.424242 9146.16 -563.416
-0.434343 9146.74 -576.414
-0.444444 9147.35 -589.37
-0.454545 9148 -602.272
-0.464646 9148.68 -615.129
-0.474747 9149.39 -627.93
-0.484848 9150.11 -640.682
-0.494949 9150.85 -653.378
-0.505051 9151.59 -666.02
-0.515152 9152.34 -678.605
-0.525253 9153.09 -691.131
-0.535354 9153.84 -703.6
-0.545455 9154.59 -716.004
-0.555556 9155.34 -728.351
-0.565657 9156.08 -740.626
-0.575758 9156.81 -752.844
-0.585859 9157.54 -764.984
-0.59596 9158.27 -777.067
-0.606061 9158.98 -789.065
-0.616162 9159.69 -801.005
-0.626263 9160.39 -812.853
-0.636364 9161.09 -824.643
-0.646465 9161.77 -836.333
-0.656566 9162.45 -847.966
-0.666667 9163.12 -859.49
-0.676768 9163.78 -870.957
-0.686869 9164.42 -882.307
-0.69697 9165.06 -893.6
-0.707071 9165.67 -904.766
-0.717172 9166.28 -915.877
-0.727273 9166.87 -926.85
-0.737374 9167.44 -937.77
-0.747475 9167.99 -948.541
-0.757576 9168.52 -959.261
-0.767677 9169.01 -969.822
-0.777778 9169.49 -980.333
-0.787879 9169.92 -990.674
-0.79798 9170.34 -1000.97
-0.808081 9170.69 -1011.08
-0.818182 9171.04 -1021.15
-0.828283 9171.31 -1031.02
-0.838384 9171.57 -1040.85
-0.848485 9171.74 -1050.48
-0.858586 9171.91 -1060.07
-0.868687 9171.99 -1069.45
-0.878788 9172.05 -1078.79
-0.888889 9172.03 -1087.91
-0.89899 9171.99 -1097
-0.909091 9171.88 -1105.86
-0.919192 9171.76 -1114.69
-0.929293 9171.57 -1123.29
-0.939394 9171.38 -1131.86
-0.949495 9171.16 -1140.2
-0.959596 9170.93 -1148.52
-0.969697 9170.73 -1156.62
-0.979798 9170.53 -1164.71
-0.989899 9170.44 -1172.6
-1 9170.35 -1180.49
