0 -3905.42 -0.000496281
-0.010101 -2448.45 12.9942
-0.020202 -2462.53 26.009
-0.030303 -2471.06 39.9992
-0.040404 -2479.41 53.9979
-0.0505051 -2483.54 68.2024
-0.0606061 -2487.48 82.4187
-0.0707071 -2488.32 96.8215
-0.0808081 -2488.97 111.236
-0.0909091 -2487.48 125.784
-0.10101 -2485.83 140.341
-0.111111 -2482.77 154.987
-0.121212 -2479.61 169.642
-0.131313 -2475.63 184.353
-0.141414 -2471.6 199.071
-0.151515 -2467.18 213.825
-0.161616 -2462.75 228.583
-0.171717 -2458.26 243.362
-0.181818 -2453.81 258.141
-0.191919 -2449.51 272.928
-0.20202 -2445.28 287.713
-0.212121 -2441.33 302.493
-0.222222 -2437.49 317.268
-0.232323 -2434.01 332.028
-0.242424 -2430.65 346.78
-0.252525 -2427.68 361.507
-0.262626 -2424.84 376.222
-0.272727 -2422.38 390.904
-0.282828 -2420.07 405.572
-0.292929 -2418.11 420.2
-0.30303 -2416.29 434.81
-0.313131 -2414.79 449.376
-0.323232 -2413.42 463.919
-0.333333 -2412.32 478.414
-0.343434 -2411.35 492.884
-0.353535 -2410.61 507.302
-0.363636 -2409.97 521.691
-0.373737 -2409.52 536.027
-0.383838 -2409.16 550.33
-0.393939 -2408.95 564.578
-0.40404 -2408.81 578.788
-0.414141 -2408.78 592.942
-0.424242 -2408.82 607.055
-0.434343 -2408.94 621.11
-0.444444 -2409.11 635.119
-0.454545 -2409.33 649.07
-0.464646 -2409.59 662.971
-0.474747 -2409.89 676.813
-0.484848 -2410.22 690.599
-0.494949 -2410.56 704.325
-0.505051 -2410.93 717.991
-0.515152 -2411.3 731.596
-0.525253 -2411.68 745.135
-0.535354 -2412.07 758.613
-0.545455 -2412.45 772.019
-0.555556 -2412.84 785.363
-0.565657 -2413.22 798.628
-0.575758 -2413.6 811.832
-0.585859 -2413.96 824.949
-0.59596 -2414.32 838.005
-0.606061 -2414.67 850.967
-0.616162 -2415.01 863.867
-0.626263 -2415.33 876.666
-0.636364 -2415.65 889.403
-0.646465 -2415.94 902.031
-0.656566 -2416.22 914.597
-0.666667 -2416.48 927.044
-0.676768 -2416.73 939.43
-0.686869 -2416.96 951.688
-0.69697 -2417.16 963.885
-0.707071 -2417.34 975.945
-0.717172 -2417.51 987.946
-0.727273 -2417.63 999.798
-0.737374 -2417.74 1011.59
-0.747475 -2417.81 1023.23
-0.757576 -2417.87 1034.81
-0.767677 -2417.87 1046.22
-0.777778 -2417.85 1057.57
-0.787879 -2417.78 1068.75
-0.79798 -2417.69 1079.87
-0.808081 -2417.54 1090.8
-0.818182 -2417.37 1101.68
-0.828283 -2417.14 1112.36
-0.838384 -2416.88 1123
-0.848485 -2416.56 1133.41
-0.858586 -2416.22 1143.79
-0.868687 -2415.81 1153.95
-0.878788 -2415.39 1164.06
-0.888889 -2414.92 1173.94
-0.89899 -2414.43 1183.79
-0.909091 -2413.91 1193.4
-0.919192 -2413.38 1202.98
-0.929293 -2412.84 1212.31
-0.939394 -2412.31 1221.62
-0.949495 -2411.81 1230.68
-0.959596 -2411.32 1239.72
-0.969697 -2410.94 1248.54
-0.979798 -2410.57 1257.34
-0.989899 -2410.42 1265.93
-1 -2410.27 1274.51
