0 20215.7 0.00172903
-0.010101 20918.6 5.90518
-0.020202 20893.1 11.8125
-0.030303 20871.3 17.9896
-0.040404 20849.7 24.169
-0.0505051 20831.8 30.4039
-0.0606061 20814.2 36.6459
-0.0707071 20799.9 42.9989
-0.0808081 20786 49.361
-0.0909091 20775 55.8274
-0.10101 20764.4 62.303
-0.111111 20756.4 68.8613
-0.121212 20748.7 75.4282
-0.131313 20743.1 82.0577
-0.141414 20737.9 88.6949
-0.151515 20734.4 95.3796
-0.161616 20731.2 102.071
-0.171717 20729.3 108.8
-0.181818 20727.7 115.535
-0.191919 20727.2 122.298
-0.20202 20726.8 129.067
-0.212121 20727.2 135.858
-0.222222 20727.7 142.652
-0.232323 20728.8 149.461
-0.242424 20730 156.273
-0.252525 20731.6 163.092
-0.262626 20733.2 169.912
-0.272727 20735 176.733
-0.282828 20736.9 183.553
-0.292929 20738.9 190.368
-0.30303 20740.8 197.179
-0.313131 20742.9 203.98
-0.323232 20744.9 210.774
-0.333333 20746.8 217.553
-0.343434 20748.8 224.324
-0.353535 20750.7 231.076
-0.363636 20752.5 237.816
-0.373737 20754.3 244.534
-0.383838 20756 251.238
-0.393939 20757.7 257.918
-0.40404 20759.3 264.581
-0.414141 20760.8 271.218
-0.424242 20762.3 277.835
-0.434343 20763.7 284.425
-0.444444 20765.1 290.993
-0.454545 20766.4 297.532
-0.464646 20767.6 304.046
-0.474747 20768.8 310.53
-0.484848 20770 316.987
-0.494949 20771.2 323.414
-0.505051 20772.3 329.811
-0.515152 20773.4 336.177
-0.525253 20774.5 342.51
-0.535354 20775.5 348.812
-0.545455 20776.6 355.078
-0.555556 20777.6 361.313
-0.565657 20778.7 367.509
-0.575758 20779.7 373.674
-0.585859 20780.8 379.796
-0.59596 20781.9 385.888
-0.606061 20782.9 391.933
-0.616162 20784 397.948
-0.626263 20785.1 403.914
-0.636364 20786.3 409.849
-0.646465 20787.4 415.731
-0.656566 20788.6 421.584
-0.666667 20789.9 427.38
-0.676768 20791.1 433.146
-0.686869 20792.4 438.852
-0.69697 20793.7 444.53
-0.707071 20795 450.143
-0.717172 20796.4 455.729
-0.727273 20797.8 461.248
-0.737374 20799.3 466.739
-0.747475 20800.7 472.16
-0.757576 20802.2 477.555
-0.767677 20803.8 482.875
-0.777778 20805.4 488.172
-0.787879 20807 493.391
-0.79798 20808.6 498.587
-0.808081 20810.2 503.703
-0.818182 20811.9 508.798
-0.828283 20813.5 513.809
-0.838384 20815.2 518.802
-0.848485 20816.9 523.708
-0.858586 20818.5 528.598
-0.868687 20820.2 533.399
-0.878788 20821.8 538.185
-0.888889 20823.3 542.881
-0.89899 20824.9 547.564
-0.909091 20826.3 552.155
-0.919192 20827.7 556.736
-0.929293 20828.9 561.223
-0.939394 20830.1 565.703
-0.949495 20831.1 570.093
-0.959596 20832.1 574.476
-0.969697 20832.7 578.782
-0.979798 20833.3 583.085
-0.989899 20833.6 587.268
-1 20833.8 591.448
