0 -2035.05 -0.000231979
-0.010101 -3490.14 -12.8735
-0.020202 -3471.02 -25.7651
-0.030303 -3457.76 -39.5792
-0.040404 -3444.68 -53.4014
-0.0505051 -3436.27 -67.4204
-0.0606061 -3428.1 -81.4517
-0.0707071 -3423.52 -95.6776
-0.0808081 -3419.19 -109.916
-0.0909091 -3417.54 -124.301
-0.10101 -3416.1 -138.697
-0.111111 -3416.59 -153.195
-0.121212 -3417.25 -167.702
-0.131313 -3419.21 -182.277
-0.141414 -3421.29 -196.861
-0.151515 -3424.18 -211.49
-0.161616 -3427.15 -226.124
-0.171717 -3430.55 -240.787
-0.181818 -3433.98 -255.453
-0.191919 -3437.55 -270.134
-0.20202 -3441.12 -284.815
-0.212121 -3444.65 -299.498
-0.222222 -3448.13 -314.178
-0.232323 -3451.44 -328.849
-0.242424 -3454.67 -343.514
-0.252525 -3457.66 -358.159
-0.262626 -3460.56 -372.795
-0.272727 -3463.18 -387.403
-0.282828 -3465.69 -401.997
-0.292929 -3467.92 -416.555
-0.30303 -3470.03 -431.097
-0.313131 -3471.87 -445.597
-0.323232 -3473.59 -460.076
-0.333333 -3475.07 -474.51
-0.343434 -3476.44 -488.918
-0.353535 -3477.6 -503.277
-0.363636 -3478.65 -517.606
-0.373737 -3479.52 -531.884
-0.383838 -3480.3 -546.129
-0.393939 -3480.93 -560.319
-0.40404 -3481.48 -574.472
-0.414141 -3481.91 -588.569
-0.424242 -3482.28 -602.624
-0.434343 -3482.56 -616.622
-0.444444 -3482.79 -630.575
-0.454545 -3482.95 -644.468
-0.464646 -3483.07 -658.311
-0.474747 -3483.14 -672.094
-0.484848 -3483.18 -685.822
-0.494949 -3483.2 -699.489
-0.505051 -3483.19 -713.095
-0.515152 -3483.17 -726.64
-0.525253 -3483.14 -740.118
-0.535354 -3483.09 -753.535
-0.545455 -3483.05 -766.879
-0.555556 -3483.01 -780.161
-0.565657 -3482.97 -793.364
-0.575758 -3482.93 -806.504
-0.585859 -3482.91 -819.558
-0.59596 -3482.89 -832.55
-0.606061 -3482.89 -845.448
-0.616162 -3482.9 -858.283
-0.626263 -3482.93 -871.017
-0.636364 -3482.97 -883.689
-0.646465 -3483.04 -896.25
-0.656566 -3483.12 -908.75
-0.666667 -3483.24 -921.131
-0.676768 -3483.36 -933.451
-0.686869 -3483.53 -945.644
-0.69697 -3483.71 -957.775
-0.707071 -3483.92 -969.77
-0.717172 -3484.16 -981.705
-0.727273 -3484.44 -993.493
-0.737374 -3484.74 -1005.22
-0.747475 -3485.09 -1016.8
-0.757576 -3485.46 -1028.31
-0.767677 -3485.88 -1039.66
-0.777778 -3486.32 -1050.96
-0.787879 -3486.83 -1062.07
-0.79798 -3487.34 -1073.14
-0.808081 -3487.93 -1084.01
-0.818182 -3488.53 -1094.84
-0.828283 -3489.19 -1105.47
-0.838384 -3489.87 -1116.06
-0.848485 -3490.6 -1126.43
-0.858586 -3491.35 -1136.77
-0.868687 -3492.15 -1146.88
-0.878788 -3492.95 -1156.96
-0.888889 -3493.79 -1166.81
-0.89899 -3494.63 -1176.63
-0.909091 -3495.47 -1186.21
-0.919192 -3496.31 -1195.77
-0.929293 -3497.11 -1205.08
-0.939394 -3497.9 -1214.38
-0.949495 -3498.59 -1223.43
-0.959596 -3499.28 -1232.47
-0.969697 -3499.79 -1241.29
-0.979798 -3500.28 -1250.1
-0.989899 -3500.48 -1258.68
-1 -3500.67 -1267.27
