0 -14904.2 -0.00158658
-0.010101 -16000.5 -9.47938
-0.020202 -15974.7 -18.9673
-0.030303 -15954.1 -29.028
-0.040404 -15933.6 -39.0939
-0.0505051 -15917.7 -49.2809
-0.0606061 -15902 -59.478
-0.0707071 -15890.2 -69.834
-0.0808081 -15878.6 -80.2016
-0.0909091 -15870.4 -90.7032
-0.10101 -15862.4 -101.216
-0.111111 -15857 -111.829
-0.121212 -15851.9 -122.452
-0.131313 -15848.9 -133.148
-0.141414 -15846.1 -143.852
-0.151515 -15844.9 -154.609
-0.161616 -15843.9 -165.373
-0.171717 -15844 -176.175
-0.181818 -15844.3 -186.982
-0.191919 -15845.4 -197.816
-0.20202 -15846.6 -208.654
-0.212121 -15848.4 -219.508
-0.222222 -15850.2 -230.363
-0.232323 -15852.4 -241.226
-0.242424 -15854.5 -252.087
-0.252525 -15856.9 -262.946
-0.262626 -15859.2 -273.801
-0.272727 -15861.6 -284.646
-0.282828 -15863.9 -295.483
-0.292929 -15866.2 -306.303
-0.30303 -15868.5 -317.113
-0.313131 -15870.6 -327.899
-0.323232 -15872.8 -338.671
-0.333333 -15874.7 -349.415
-0.343434 -15876.7 -360.141
-0.353535 -15878.5 -370.834
-0.363636 -15880.2 -381.506
-0.373737 -15881.8 -392.142
-0.383838 -15883.3 -402.754
-0.393939 -15884.7 -413.326
-0.40404 -15886.1 -423.871
-0.414141 -15887.3 -434.375
-0.424242 -15888.5 -444.847
-0.434343 -15889.6 -455.277
-0.444444 -15890.6 -465.671
-0.454545 -15891.6 -476.022
-0.464646 -15892.5 -486.334
-0.474747 -15893.4 -496.6
-0.484848 -15894.2 -506.825
-0.494949 -15895 -517.003
-0.505051 -15895.8 -527.134
-0.515152 -15896.6 -537.219
-0.525253 -15897.3 -547.253
-0.535354 -15898 -557.239
-0.545455 -15898.7 -567.17
-0.555556 -15899.4 -577.054
-0.565657 -15900.2 -586.877
-0.575758 -15900.9 -596.653
-0.585859 -15901.6 -606.363
-0.59596 -15902.3 -616.026
-0.606061 -15903.1 -625.618
-0.616162 -15903.8 -635.162
-0.626263 -15904.6 -644.63
-0.636364 -15905.4 -654.051
-0.646465 -15906.3 -663.389
-0.656566 -15907.1 -672.68
-0.666667 -15908 -681.883
-0.676768 -15908.9 -691.039
-0.686869 -15909.9 -700.101
-0.69697 -15910.9 -709.117
-0.707071 -15911.9 -718.031
-0.717172 -15913 -726.902
-0.727273 -15914.1 -735.664
-0.737374 -15915.2 -744.384
-0.747475 -15916.4 -752.988
-0.757576 -15917.6 -761.552
-0.767677 -15918.8 -769.993
-0.777778 -15920.1 -778.396
-0.787879 -15921.4 -786.669
-0.79798 -15922.7 -794.907
-0.808081 -15924.1 -803.008
-0.818182 -15925.5 -811.076
-0.828283 -15927 -819.003
-0.838384 -15928.4 -826.898
-0.848485 -15929.9 -834.645
-0.858586 -15931.3 -842.364
-0.868687 -15932.8 -849.929
-0.878788 -15934.3 -857.47
-0.888889 -15935.7 -864.852
-0.89899 -15937.1 -872.212
-0.909091 -15938.4 -879.41
-0.919192 -15939.8 -886.589
-0.929293 -15941 -893.604
-0.939394 -15942.1 -900.604
-0.949495 -15943.1 -907.441
-0.959596 -15944.1 -914.268
-0.969697 -15944.7 -920.95
-0.979798 -15945.4 -927.625
-0.989899 -15945.6 -934.123
-1 -15945.8 -940.618
