0 -9101.04 -0.00113203
-0.010101 -7722.51 12.3832
-0.020202 -7731.25 24.7883
-0.030303 -7735 38.1653
-0.040404 -7738.61 51.5509
-0.0505051 -7738.63 65.1419
-0.0606061 -7738.49 78.7439
-0.0707071 -7735.91 92.517
-0.0808081 -7733.19 106.3
-0.0909091 -7728.92 120.2
-0.10101 -7724.56 134.108
-0.111111 -7719.35 148.09
-0.121212 -7714.1 162.078
-0.131313 -7708.51 176.113
-0.141414 -7702.93 190.152
-0.151515 -7697.38 204.218
-0.161616 -7691.88 218.286
-0.171717 -7686.65 232.367
-0.181818 -7681.52 246.447
-0.191919 -7676.8 260.528
-0.20202 -7672.21 274.607
-0.212121 -7668.11 288.674
-0.222222 -7664.15 302.736
-0.232323 -7660.71 316.777
-0.242424 -7657.43 330.81
-0.252525 -7654.65 344.813
-0.262626 -7652.02 358.805
-0.272727 -7649.86 372.761
-0.282828 -7647.85 386.701
-0.292929 -7646.25 400.602
-0.30303 -7644.8 414.483
-0.313131 -7643.69 428.32
-0.323232 -7642.72 442.134
-0.333333 -7642.04 455.902
-0.343434 -7641.48 469.644
-0.353535 -7641.15 483.336
-0.363636 -7640.92 497
-0.373737 -7640.88 510.612
-0.383838 -7640.92 524.192
-0.393939 -7641.1 537.72
-0.40404 -7641.34 551.213
-0.414141 -7641.69 564.652
-0.424242 -7642.09 578.051
-0.434343 -7642.57 591.397
-0.444444 -7643.08 604.699
-0.454545 -7643.64 617.945
-0.464646 -7644.22 631.145
-0.474747 -7644.84 644.288
-0.484848 -7645.47 657.38
-0.494949 -7646.12 670.415
-0.505051 -7646.78 683.393
-0.515152 -7647.45 696.314
-0.525253 -7648.12 709.173
-0.535354 -7648.79 721.974
-0.545455 -7649.46 734.707
-0.555556 -7650.12 747.382
-0.565657 -7650.79 759.983
-0.575758 -7651.44 772.526
-0.585859 -7652.09 784.988
-0.59596 -7652.74 797.391
-0.606061 -7653.37 809.706
-0.616162 -7654 821.963
-0.626263 -7654.62 834.124
-0.636364 -7655.23 846.226
-0.646465 -7655.83 858.225
-0.656566 -7656.42 870.166
-0.666667 -7656.99 881.994
-0.676768 -7657.56 893.764
-0.686869 -7658.11 905.413
-0.69697 -7658.65 917.004
-0.707071 -7659.17 928.465
-0.717172 -7659.68 939.869
-0.727273 -7660.16 951.132
-0.737374 -7660.63 962.34
-0.747475 -7661.07 973.396
-0.757576 -7661.49 984.399
-0.767677 -7661.87 995.239
-0.777778 -7662.24 1006.03
-0.787879 -7662.56 1016.64
-0.79798 -7662.86 1027.21
-0.808081 -7663.1 1037.59
-0.818182 -7663.32 1047.92
-0.828283 -7663.48 1058.06
-0.838384 -7663.62 1068.16
-0.848485 -7663.68 1078.04
-0.858586 -7663.73 1087.89
-0.868687 -7663.69 1097.52
-0.878788 -7663.64 1107.12
-0.888889 -7663.51 1116.48
-0.89899 -7663.37 1125.82
-0.909091 -7663.16 1134.92
-0.919192 -7662.94 1143.99
-0.929293 -7662.68 1152.82
-0.939394 -7662.4 1161.63
-0.949495 -7662.11 1170.2
-0.959596 -7661.83 1178.75
-0.969697 -7661.58 1187.08
-0.979798 -7661.34 1195.4
-0.989899 -7661.23 1203.52
-1 -7661.13 1211.63
