0 11781.5 0.00136474
-0.010101 13019.6 10.7953
-0.020202 12994.8 21.6019
-0.030303 12975.5 33.1
-0.040404 12956.4 44.604
-0.0505051 12942.1 56.2529
-0.0606061 12928 67.9128
-0.0707071 12917.8 79.7454
-0.0808081 12907.9 91.5902
-0.0909091 12901.2 103.576
-0.10101 12894.8 115.573
-0.111111 12890.9 127.672
-0.121212 12887.3 139.781
-0.131313 12885.6 151.964
-0.141414 12884.1 164.154
-0.151515 12884 176.396
-0.161616 12884.1 188.645
-0.171717 12885.2 200.929
-0.181818 12886.4 213.219
-0.191919 12888.3 225.531
-0.20202 12890.2 237.847
-0.212121 12892.5 250.174
-0.222222 12894.9 262.502
-0.232323 12897.5 274.832
-0.242424 12900 287.159
-0.252525 12902.6 299.479
-0.262626 12905.2 311.793
-0.272727 12907.7 324.091
-0.282828 12910.2 336.379
-0.292929 12912.6 348.645
-0.30303 12914.9 360.898
-0.313131 12917 373.121
-0.323232 12919.1 385.328
-0.333333 12921 397.5
-0.343434 12922.9 409.652
-0.353535 12924.5 421.765
-0.363636 12926.1 433.855
-0.373737 12927.6 445.902
-0.383838 12929 457.922
-0.393939 12930.2 469.897
-0.40404 12931.4 481.841
-0.414141 12932.4 493.738
-0.424242 12933.4 505.6
-0.434343 12934.3 517.413
-0.444444 12935.2 529.188
-0.454545 12935.9 540.912
-0.464646 12936.7 552.593
-0.474747 12937.3 564.224
-0.484848 12938 575.807
-0.494949 12938.6 587.338
-0.505051 12939.2 598.816
-0.515152 12939.7 610.243
-0.525253 12940.3 621.612
-0.535354 12940.8 632.929
-0.545455 12941.3 644.183
-0.555556 12941.8 655.384
-0.565657 12942.3 666.517
-0.575758 12942.9 677.597
-0.585859 12943.4 688.603
-0.59596 12943.9 699.556
-0.606061 12944.5 710.429
-0.616162 12945.1 721.249
-0.626263 12945.7 731.982
-0.636364 12946.3 742.663
-0.646465 12946.9 753.25
-0.656566 12947.6 763.785
-0.666667 12948.3 774.219
-0.676768 12949 784.602
-0.686869 12949.7 794.876
-0.69697 12950.5 805.1
-0.707071 12951.4 815.208
-0.717172 12952.2 825.267
-0.727273 12953.1 835.202
-0.737374 12954 845.09
-0.747475 12955 854.845
-0.757576 12956 864.555
-0.767677 12957.1 874.124
-0.777778 12958.2 883.65
-0.787879 12959.3 893.028
-0.79798 12960.4 902.364
-0.808081 12961.6 911.545
-0.818182 12962.9 920.687
-0.828283 12964.1 929.665
-0.838384 12965.4 938.607
-0.848485 12966.7 947.379
-0.858586 12968 956.118
-0.868687 12969.3 964.68
-0.878788 12970.7 973.212
-0.888889 12972 981.56
-0.89899 12973.3 989.883
-0.909091 12974.5 998.016
-0.919192 12975.7 1006.13
-0.929293 12976.9 1014.05
-0.939394 12978 1021.95
-0.949495 12978.9 1029.66
-0.959596 12979.8 1037.36
-0.969697 12980.4 1044.89
-0.979798 12981.1 1052.41
-0.989899 12981.3 1059.73
-1 12981.5 1067.06
