0 19475.1 0.00201229
-0.010101 18590.2 -8.17273
-0.020202 18584.2 -16.3645
-0.030303 18575.8 -25.3041
-0.040404 18567.3 -34.2503
-0.0505051 18557.5 -43.3555
-0.0606061 18547.6 -52.4668
-0.0707071 18537.5 -61.6751
-0.0808081 18527.3 -70.8878
-0.0909091 18517.4 -80.1506
-0.10101 18507.5 -89.4159
-0.111111 18498.3 -98.7043
-0.121212 18489.2 -107.994
-0.131313 18481.1 -117.291
-0.141414 18473 -126.589
-0.151515 18466 -135.885
-0.161616 18459.2 -145.18
-0.171717 18453.3 -154.466
-0.181818 18447.7 -163.749
-0.191919 18443.1 -173.016
-0.20202 18438.6 -182.278
-0.212121 18435.1 -191.518
-0.222222 18431.7 -200.751
-0.232323 18429.2 -209.957
-0.242424 18426.8 -219.153
-0.252525 18425.1 -228.318
-0.262626 18423.5 -237.472
-0.272727 18422.6 -246.593
-0.282828 18421.7 -255.7
-0.292929 18421.3 -264.773
-0.30303 18421.1 -273.83
-0.313131 18421.2 -282.852
-0.323232 18421.4 -291.857
-0.333333 18421.8 -300.827
-0.343434 18422.4 -309.778
-0.353535 18423.1 -318.694
-0.363636 18423.9 -327.59
-0.373737 18424.8 -336.451
-0.383838 18425.8 -345.29
-0.393939 18426.9 -354.094
-0.40404 18428 -362.874
-0.414141 18429.2 -371.619
-0.424242 18430.4 -380.339
-0.434343 18431.6 -389.024
-0.444444 18432.8 -397.682
-0.454545 18434 -406.304
-0.464646 18435.2 -414.896
-0.474747 18436.5 -423.453
-0.484848 18437.7 -431.977
-0.494949 18438.9 -440.465
-0.505051 18440.2 -448.918
-0.515152 18441.4 -457.335
-0.525253 18442.6 -465.712
-0.535354 18443.8 -474.054
-0.545455 18445 -482.353
-0.555556 18446.2 -490.615
-0.565657 18447.4 -498.83
-0.575758 18448.5 -507.009
-0.585859 18449.7 -515.136
-0.59596 18450.9 -523.226
-0.606061 18452.1 -531.261
-0.616162 18453.3 -539.258
-0.626263 18454.4 -547.194
-0.636364 18455.6 -555.093
-0.646465 18456.8 -562.926
-0.656566 18458 -570.721
-0.666667 18459.2 -578.444
-0.676768 18460.4 -586.129
-0.686869 18461.6 -593.735
-0.69697 18462.8 -601.305
-0.707071 18464.1 -608.789
-0.717172 18465.3 -616.236
-0.727273 18466.5 -623.59
-0.737374 18467.7 -630.907
-0.747475 18468.9 -638.125
-0.757576 18470.1 -645.306
-0.767677 18471.3 -652.379
-0.777778 18472.5 -659.418
-0.787879 18473.7 -666.339
-0.79798 18474.9 -673.227
-0.808081 18476 -679.989
-0.818182 18477.1 -686.719
-0.828283 18478.2 -693.315
-0.838384 18479.2 -699.881
-0.848485 18480.2 -706.303
-0.858586 18481.1 -712.698
-0.868687 18482 -718.941
-0.878788 18482.9 -725.159
-0.888889 18483.6 -731.217
-0.89899 18484.3 -737.253
-0.909091 18484.9 -743.122
-0.919192 18485.5 -748.972
-0.929293 18485.9 -754.651
-0.939394 18486.3 -760.314
-0.949495 18486.6 -765.804
-0.959596 18486.8 -771.284
-0.969697 18486.9 -776.598
-0.979798 18487.1 -781.905
-0.989899 18487.1 -787.091
-1 18487.1 -792.275
