0 -21804.8 -0.00197019
-0.010101 -21178.7 5.91611
-0.020202 -21167.7 11.8482
-0.030303 -21155.3 18.3823
-0.040404 -21142.9 24.9217
-0.0505051 -21130.2 31.5894
-0.0606061 -21117.5 38.2609
-0.0707071 -21105.3 44.9934
-0.0808081 -21093.1 51.7278
-0.0909091 -21081.9 58.4829
-0.10101 -21070.7 65.2382
-0.111111 -21060.8 71.9953
-0.121212 -21051 78.7515
-0.131313 -21042.5 85.5008
-0.141414 -21034.2 92.2482
-0.151515 -21027.2 98.9839
-0.161616 -21020.4 105.717
-0.171717 -21014.8 112.433
-0.181818 -21009.5 119.145
-0.191919 -21005.3 125.837
-0.20202 -21001.2 132.523
-0.212121 -20998.2 139.185
-0.222222 -20995.3 145.839
-0.232323 -20993.3 152.466
-0.242424 -20991.5 159.085
-0.252525 -20990.3 165.674
-0.262626 -20989.3 172.252
-0.272727 -20988.8 178.801
-0.282828 -20988.5 185.339
-0.292929 -20988.6 191.846
-0.30303 -20988.9 198.342
-0.313131 -20989.4 204.807
-0.323232 -20990 211.26
-0.333333 -20990.9 217.684
-0.343434 -20991.8 224.095
-0.353535 -20992.9 230.477
-0.363636 -20994 236.845
-0.373737 -20995.2 243.186
-0.383838 -20996.5 249.512
-0.393939 -20997.8 255.811
-0.40404 -20999.1 262.094
-0.414141 -21000.5 268.351
-0.424242 -21001.9 274.591
-0.434343 -21003.3 280.805
-0.444444 -21004.7 287
-0.454545 -21006 293.17
-0.464646 -21007.4 299.319
-0.474747 -21008.8 305.444
-0.484848 -21010.1 311.545
-0.494949 -21011.5 317.622
-0.505051 -21012.8 323.674
-0.515152 -21014.2 329.701
-0.525253 -21015.5 335.7
-0.535354 -21016.8 341.675
-0.545455 -21018.1 347.619
-0.555556 -21019.4 353.539
-0.565657 -21020.6 359.425
-0.575758 -21021.9 365.286
-0.585859 -21023.2 371.111
-0.59596 -21024.5 376.91
-0.606061 -21025.8 382.67
-0.616162 -21027.1 388.404
-0.626263 -21028.4 394.095
-0.636364 -21029.7 399.76
-0.646465 -21031 405.378
-0.656566 -21032.3 410.969
-0.666667 -21033.7 416.508
-0.676768 -21035 422.022
-0.686869 -21036.4 427.478
-0.69697 -21037.7 432.909
-0.707071 -21039.1 438.278
-0.717172 -21040.5 443.62
-0.727273 -21041.9 448.896
-0.737374 -21043.3 454.145
-0.747475 -21044.7 459.321
-0.757576 -21046.1 464.471
-0.767677 -21047.5 469.542
-0.777778 -21049 474.587
-0.787879 -21050.4 479.546
-0.79798 -21051.8 484.481
-0.808081 -21053.1 489.322
-0.818182 -21054.5 494.139
-0.828283 -21055.8 498.856
-0.838384 -21057.1 503.551
-0.848485 -21058.3 508.138
-0.858586 -21059.5 512.705
-0.868687 -21060.7 517.156
-0.878788 -21061.8 521.589
-0.888889 -21062.8 525.901
-0.89899 -21063.8 530.195
-0.909091 -21064.6 534.363
-0.919192 -21065.4 538.516
-0.929293 -21066.1 542.538
-0.939394 -21066.7 546.548
-0.949495 -21067.2 550.425
-0.959596 -21067.6 554.294
-0.969697 -21067.9 558.034
-0.979798 -21068.1 561.768
-0.989899 -21068.2 565.422
-1 -21068.3 569.075
