0 20755.5 0.00203424
-0.010101 21398.7 5.36734
-0.020202 21373.4 10.7353
-0.030303 21351.7 16.3294
-0.040404 21330.1 21.9253
-0.0505051 21312.1 27.5672
-0.0606061 21294.4 33.2157
-0.0707071 21279.9 38.9675
-0.0808081 21265.7 44.728
-0.0909091 21254.6 50.5879
-0.10101 21243.7 56.4566
-0.111111 21235.3 62.4049
-0.121212 21227.3 68.3615
-0.131313 21221.5 74.3787
-0.141414 21216 80.4034
-0.151515 21212.2 86.4745
-0.161616 21208.7 92.5526
-0.171717 21206.6 98.667
-0.181818 21204.8 104.788
-0.191919 21204 110.937
-0.20202 21203.4 117.092
-0.212121 21203.6 123.268
-0.222222 21204 129.45
-0.232323 21204.9 135.646
-0.242424 21206 141.846
-0.252525 21207.4 148.054
-0.262626 21208.9 154.264
-0.272727 21210.6 160.477
-0.282828 21212.4 166.688
-0.292929 21214.3 172.897
-0.30303 21216.3 179.102
-0.313131 21218.2 185.3
-0.323232 21220.2 191.491
-0.333333 21222.2 197.671
-0.343434 21224.1 203.841
-0.353535 21226 209.996
-0.363636 21227.8 216.14
-0.373737 21229.6 222.265
-0.383838 21231.4 228.376
-0.393939 21233 234.466
-0.40404 21234.7 240.541
-0.414141 21236.2 246.591
-0.424242 21237.7 252.624
-0.434343 21239.2 258.632
-0.444444 21240.6 264.619
-0.454545 21241.9 270.58
-0.464646 21243.2 276.518
-0.474747 21244.4 282.429
-0.484848 21245.7 288.315
-0.494949 21246.8 294.173
-0.505051 21248 300.003
-0.515152 21249.1 305.805
-0.525253 21250.3 311.577
-0.535354 21251.4 317.321
-0.545455 21252.5 323.031
-0.555556 21253.5 328.713
-0.565657 21254.6 334.358
-0.575758 21255.7 339.976
-0.585859 21256.8 345.554
-0.59596 21257.9 351.104
-0.606061 21259 356.612
-0.616162 21260.2 362.092
-0.626263 21261.3 367.527
-0.636364 21262.5 372.934
-0.646465 21263.7 378.292
-0.656566 21264.9 383.623
-0.666667 21266.2 388.903
-0.676768 21267.4 394.156
-0.686869 21268.7 399.353
-0.69697 21270.1 404.525
-0.707071 21271.5 409.638
-0.717172 21272.9 414.726
-0.727273 21274.3 419.753
-0.737374 21275.8 424.755
-0.747475 21277.3 429.693
-0.757576 21278.8 434.608
-0.767677 21280.4 439.455
-0.777778 21282 444.281
-0.787879 21283.6 449.037
-0.79798 21285.3 453.772
-0.808081 21286.9 458.434
-0.818182 21288.6 463.078
-0.828283 21290.3 467.647
-0.838384 21292 472.2
-0.848485 21293.7 476.674
-0.858586 21295.3 481.135
-0.868687 21297 485.515
-0.878788 21298.6 489.884
-0.888889 21300.1 494.171
-0.89899 21301.7 498.447
-0.909091 21303.1 502.641
-0.919192 21304.5 506.826
-0.929293 21305.7 510.929
-0.939394 21306.9 515.025
-0.949495 21307.9 519.041
-0.959596 21308.8 523.052
-0.969697 21309.5 526.995
-0.979798 21310.1 530.936
-0.989899 21310.3 534.765
-1 21310.6 538.591
