0 21127 0.00237802
-0.010101 20411.1 -6.69956
-0.020202 20401.7 -13.417
-0.030303 20390.5 -20.7883
-0.040404 20379.4 -28.1655
-0.0505051 20367.6 -35.6821
-0.0606061 20355.8 -43.2033
-0.0707071 20344.2 -50.7981
-0.0808081 20332.7 -58.3955
-0.0909091 20321.8 -66.0237
-0.10101 20311.1 -73.653
-0.111111 20301.3 -81.2912
-0.121212 20291.7 -88.9291
-0.131313 20283.3 -96.5654
-0.141414 20275.1 -104.2
-0.151515 20268 -111.827
-0.161616 20261.2 -119.451
-0.171717 20255.5 -127.062
-0.181818 20250 -134.668
-0.191919 20245.6 -142.256
-0.20202 20241.5 -149.838
-0.212121 20238.2 -157.397
-0.222222 20235.2 -164.947
-0.232323 20233 -172.471
-0.242424 20230.9 -179.986
-0.252525 20229.6 -187.471
-0.262626 20228.4 -194.945
-0.272727 20227.8 -202.388
-0.282828 20227.3 -209.819
-0.292929 20227.2 -217.219
-0.30303 20227.3 -224.605
-0.313131 20227.7 -231.959
-0.323232 20228.1 -239.3
-0.333333 20228.9 -246.609
-0.343434 20229.7 -253.902
-0.353535 20230.6 -261.166
-0.363636 20231.7 -268.412
-0.373737 20232.8 -275.63
-0.383838 20234 -282.829
-0.393939 20235.2 -289.999
-0.40404 20236.5 -297.15
-0.414141 20237.8 -304.273
-0.424242 20239.1 -311.375
-0.434343 20240.4 -318.448
-0.444444 20241.8 -325.499
-0.454545 20243.1 -332.522
-0.464646 20244.5 -339.521
-0.474747 20245.8 -346.491
-0.484848 20247.1 -353.435
-0.494949 20248.4 -360.351
-0.505051 20249.7 -367.237
-0.515152 20251 -374.096
-0.525253 20252.3 -380.922
-0.535354 20253.6 -387.72
-0.545455 20254.8 -394.484
-0.555556 20256.1 -401.218
-0.565657 20257.4 -407.915
-0.575758 20258.6 -414.582
-0.585859 20259.9 -421.208
-0.59596 20261.1 -427.804
-0.606061 20262.4 -434.356
-0.616162 20263.6 -440.877
-0.626263 20264.9 -447.349
-0.636364 20266.2 -453.792
-0.646465 20267.5 -460.18
-0.656566 20268.8 -466.538
-0.666667 20270 -472.837
-0.676768 20271.4 -479.107
-0.686869 20272.7 -485.312
-0.69697 20274 -491.486
-0.707071 20275.3 -497.591
-0.717172 20276.7 -503.666
-0.727273 20278 -509.665
-0.737374 20279.4 -515.635
-0.747475 20280.7 -521.521
-0.757576 20282.1 -527.378
-0.767677 20283.4 -533.146
-0.777778 20284.8 -538.885
-0.787879 20286.1 -544.527
-0.79798 20287.4 -550.142
-0.808081 20288.7 -555.651
-0.818182 20290 -561.135
-0.828283 20291.2 -566.506
-0.838384 20292.5 -571.852
-0.848485 20293.6 -577.078
-0.858586 20294.7 -582.281
-0.868687 20295.8 -587.356
-0.878788 20296.8 -592.41
-0.888889 20297.7 -597.329
-0.89899 20298.6 -602.229
-0.909091 20299.4 -606.989
-0.919192 20300.1 -611.733
-0.929293 20300.7 -616.331
-0.939394 20301.3 -620.916
-0.949495 20301.7 -625.354
-0.959596 20302 -629.783
-0.969697 20302.3 -634.07
-0.979798 20302.5 -638.351
-0.989899 20302.5 -642.538
-1 20302.6 -646.723
