0 -20878.6 -0.00235091
-0.010101 -20133.5 6.95506
-0.020202 -20124.7 13.9283
-0.030303 -20114 21.572
-0.040404 -20103.3 29.2216
-0.0505051 -20091.8 37.014
-0.0606061 -20080.3 44.8114
-0.0707071 -20069 52.6862
-0.0808081 -20057.6 60.5639
-0.0909091 -20046.9 68.4757
-0.10101 -20036.3 76.3887
-0.111111 -20026.6 84.313
-0.121212 -20017.1 92.2372
-0.131313 -20008.7 100.161
-0.141414 -20000.5 108.084
-0.151515 -19993.4 116
-0.161616 -19986.6 123.914
-0.171717 -19980.9 131.814
-0.181818 -19975.4 139.711
-0.191919 -19970.9 147.589
-0.20202 -19966.7 155.462
-0.212121 -19963.4 163.311
-0.222222 -19960.3 171.153
-0.232323 -19958 178.968
-0.242424 -19956 186.773
-0.252525 -19954.5 194.548
-0.262626 -19953.3 202.313
-0.272727 -19952.6 210.046
-0.282828 -19952.1 217.766
-0.292929 -19951.9 225.455
-0.30303 -19952 233.129
-0.313131 -19952.3 240.772
-0.323232 -19952.7 248.399
-0.333333 -19953.4 255.995
-0.343434 -19954.2 263.575
-0.353535 -19955.1 271.123
-0.363636 -19956.1 278.655
-0.373737 -19957.2 286.155
-0.383838 -19958.3 293.637
-0.393939 -19959.5 301.089
-0.40404 -19960.8 308.522
-0.414141 -19962.1 315.924
-0.424242 -19963.4 323.305
-0.434343 -19964.7 330.656
-0.444444 -19966 337.984
-0.454545 -19967.3 345.283
-0.464646 -19968.6 352.556
-0.474747 -19970 359.8
-0.484848 -19971.3 367.016
-0.494949 -19972.6 374.202
-0.505051 -19973.9 381.359
-0.515152 -19975.1 388.486
-0.525253 -19976.4 395.58
-0.535354 -19977.7 402.643
-0.545455 -19978.9 409.671
-0.555556 -19980.2 416.669
-0.565657 -19981.4 423.627
-0.575758 -19982.7 430.554
-0.585859 -19983.9 437.439
-0.59596 -19985.2 444.293
-0.606061 -19986.4 451.099
-0.616162 -19987.7 457.875
-0.626263 -19988.9 464.599
-0.636364 -19990.2 471.292
-0.646465 -19991.4 477.929
-0.656566 -19992.7 484.534
-0.666667 -19994 491.079
-0.676768 -19995.3 497.591
-0.686869 -19996.6 504.037
-0.69697 -19997.9 510.452
-0.707071 -19999.2 516.794
-0.717172 -20000.5 523.105
-0.727273 -20001.9 529.337
-0.737374 -20003.2 535.538
-0.747475 -20004.5 541.654
-0.757576 -20005.9 547.739
-0.767677 -20007.2 553.731
-0.777778 -20008.5 559.693
-0.787879 -20009.8 565.555
-0.79798 -20011.1 571.388
-0.808081 -20012.4 577.113
-0.818182 -20013.6 582.81
-0.828283 -20014.8 588.392
-0.838384 -20016 593.947
-0.848485 -20017.2 599.378
-0.858586 -20018.3 604.786
-0.868687 -20019.3 610.061
-0.878788 -20020.3 615.314
-0.888889 -20021.2 620.429
-0.89899 -20022 625.524
-0.909091 -20022.8 630.474
-0.919192 -20023.5 635.407
-0.929293 -20024 640.19
-0.939394 -20024.6 644.96
-0.949495 -20024.9 649.578
-0.959596 -20025.3 654.186
-0.969697 -20025.5 658.649
-0.979798 -20025.7 663.105
-0.989899 -20025.8 667.463
-1 -20025.8 671.819
