0 4438.8 0.000561618
-0.010101 2986.29 -12.9629
-0.020202 2999.86 -25.9467
-0.030303 3007.93 -39.9078
-0.040404 3015.82 -53.8775
-0.0505051 3019.55 -68.0534
-0.0606061 3023.08 -82.2412
-0.0707071 3023.58 -96.6144
-0.0808081 3023.89 -110.999
-0.0909091 3022.11 -125.516
-0.10101 3020.18 -140.042
-0.111111 3016.91 -154.656
-0.121212 3013.53 -169.278
-0.131313 3009.38 -183.956
-0.141414 3005.17 -198.641
-0.151515 3000.63 -213.361
-0.161616 2996.09 -228.084
-0.171717 2991.51 -242.827
-0.181818 2986.98 -257.572
-0.191919 2982.63 -272.322
-0.20202 2978.35 -287.071
-0.212121 2974.38 -301.815
-0.222222 2970.52 -316.554
-0.232323 2967.03 -331.276
-0.242424 2963.67 -345.991
-0.252525 2960.71 -360.68
-0.262626 2957.89 -375.358
-0.272727 2955.46 -390.003
-0.282828 2953.17 -404.632
-0.292929 2951.24 -419.222
-0.30303 2949.45 -433.794
-0.313131 2947.99 -448.321
-0.323232 2946.66 -462.826
-0.333333 2945.6 -477.283
-0.343434 2944.67 -491.714
-0.353535 2943.96 -506.095
-0.363636 2943.36 -520.445
-0.373737 2942.95 -534.743
-0.383838 2942.63 -549.008
-0.393939 2942.46 -563.217
-0.40404 2942.36 -577.39
-0.414141 2942.38 -591.506
-0.424242 2942.45 -605.581
-0.434343 2942.61 -619.599
-0.444444 2942.81 -633.572
-0.454545 2943.07 -647.486
-0.464646 2943.36 -661.35
-0.474747 2943.69 -675.155
-0.484848 2944.05 -688.905
-0.494949 2944.43 -702.596
-0.505051 2944.82 -716.226
-0.515152 2945.23 -729.795
-0.525253 2945.64 -743.299
-0.535354 2946.05 -756.742
-0.545455 2946.47 -770.113
-0.555556 2946.88 -783.422
-0.565657 2947.29 -796.653
-0.575758 2947.7 -809.822
-0.585859 2948.1 -822.906
-0.59596 2948.49 -835.928
-0.606061 2948.86 -848.857
-0.616162 2949.23 -861.725
-0.626263 2949.59 -874.491
-0.636364 2949.93 -887.196
-0.646465 2950.26 -899.791
-0.656566 2950.57 -912.325
-0.666667 2950.86 -924.741
-0.676768 2951.15 -937.095
-0.686869 2951.4 -949.322
-0.69697 2951.64 -961.489
-0.707071 2951.86 -973.519
-0.717172 2952.06 -985.489
-0.727273 2952.22 -997.312
-0.737374 2952.37 -1009.08
-0.747475 2952.47 -1020.68
-0.757576 2952.56 -1032.23
-0.767677 2952.6 -1043.61
-0.777778 2952.63 -1054.94
-0.787879 2952.6 -1066.09
-0.79798 2952.55 -1077.18
-0.808081 2952.43 -1088.08
-0.818182 2952.3 -1098.94
-0.828283 2952.11 -1109.59
-0.838384 2951.89 -1120.2
-0.848485 2951.61 -1130.59
-0.858586 2951.31 -1140.94
-0.868687 2950.93 -1151.07
-0.878788 2950.55 -1161.16
-0.888889 2950.11 -1171.01
-0.89899 2949.66 -1180.83
-0.909091 2949.17 -1190.41
-0.919192 2948.67 -1199.96
-0.929293 2948.16 -1209.27
-0.939394 2947.65 -1218.55
-0.949495 2947.17 -1227.59
-0.959596 2946.7 -1236.6
-0.969697 2946.33 -1245.39
-0.979798 2945.97 -1254.17
-0.989899 2945.82 -1262.74
-1 2945.68 -1271.29
