0 21127 0.00199651
-0.010101 20411.5 -6.68313
-0.020202 20402.5 -13.3838
-0.030303 20391.7 -20.7595
-0.040404 20380.9 -28.1418
-0.0505051 20369.5 -35.6843
-0.0606061 20358 -43.2325
-0.0707071 20346.7 -50.8699
-0.0808081 20335.5 -58.511
-0.0909091 20324.9 -66.1935
-0.10101 20314.4 -73.8777
-0.111111 20304.8 -81.5768
-0.121212 20295.4 -89.2761
-0.131313 20287.2 -96.976
-0.141414 20279 -104.675
-0.151515 20272.1 -112.365
-0.161616 20265.3 -120.053
-0.171717 20259.7 -127.726
-0.181818 20254.2 -135.395
-0.191919 20249.8 -143.044
-0.20202 20245.6 -150.687
-0.212121 20242.2 -158.306
-0.222222 20239.1 -165.917
-0.232323 20236.8 -173.499
-0.242424 20234.6 -181.073
-0.252525 20233.1 -188.616
-0.262626 20231.7 -196.147
-0.272727 20230.9 -203.648
-0.282828 20230.2 -211.135
-0.292929 20229.9 -218.591
-0.30303 20229.8 -226.032
-0.313131 20229.9 -233.441
-0.323232 20230.2 -240.835
-0.333333 20230.7 -248.197
-0.343434 20231.3 -255.542
-0.353535 20232 -262.855
-0.363636 20232.8 -270.151
-0.373737 20233.8 -277.415
-0.383838 20234.7 -284.66
-0.393939 20235.8 -291.874
-0.40404 20236.9 -299.067
-0.414141 20238 -306.23
-0.424242 20239.2 -313.37
-0.434343 20240.4 -320.479
-0.444444 20241.6 -327.565
-0.454545 20242.8 -334.62
-0.464646 20244 -341.649
-0.474747 20245.3 -348.648
-0.484848 20246.5 -355.618
-0.494949 20247.8 -362.558
-0.505051 20249 -369.467
-0.515152 20250.3 -376.346
-0.525253 20251.5 -383.191
-0.535354 20252.8 -390.005
-0.545455 20254 -396.783
-0.555556 20255.3 -403.53
-0.565657 20256.5 -410.237
-0.575758 20257.8 -416.913
-0.585859 20259.1 -423.545
-0.59596 20260.3 -430.146
-0.606061 20261.6 -436.7
-0.616162 20262.9 -443.222
-0.626263 20264.2 -449.693
-0.636364 20265.5 -456.132
-0.646465 20266.8 -462.515
-0.656566 20268.1 -468.866
-0.666667 20269.4 -475.155
-0.676768 20270.8 -481.413
-0.686869 20272.1 -487.605
-0.69697 20273.5 -493.764
-0.707071 20274.8 -499.851
-0.717172 20276.2 -505.907
-0.727273 20277.5 -511.884
-0.737374 20278.9 -517.83
-0.747475 20280.3 -523.69
-0.757576 20281.6 -529.52
-0.767677 20283 -535.257
-0.777778 20284.3 -540.964
-0.787879 20285.6 -546.571
-0.79798 20287 -552.15
-0.808081 20288.2 -557.621
-0.818182 20289.5 -563.065
-0.828283 20290.7 -568.392
-0.838384 20291.9 -573.695
-0.848485 20293.1 -578.873
-0.858586 20294.2 -584.029
-0.868687 20295.2 -589.053
-0.878788 20296.2 -594.055
-0.888889 20297.1 -598.92
-0.89899 20298 -603.766
-0.909091 20298.8 -608.467
-0.919192 20299.5 -613.153
-0.929293 20300 -617.69
-0.939394 20300.6 -622.214
-0.949495 20301 -626.588
-0.959596 20301.4 -630.952
-0.969697 20301.6 -635.171
-0.979798 20301.8 -639.384
-0.989899 20301.8 -643.512
-1 20301.9 -647.638
