0 4715.26 0.000615797
-0.010101 6138.85 12.5569
-0.020202 6117.85 25.1303
-0.030303 6102.71 38.5789
-0.040404 6087.77 52.0352
-0.0505051 6077.6 65.6756
-0.0606061 6067.67 79.3282
-0.0707071 6061.51 93.1709
-0.0808081 6055.6 107.026
-0.0909091 6052.56 121.028
-0.10101 6049.76 135.04
-0.111111 6049.08 149.155
-0.121212 6048.6 163.279
-0.131313 6049.61 177.473
-0.141414 6050.78 191.675
-0.151515 6052.92 205.923
-0.161616 6055.18 220.178
-0.171717 6058.02 234.463
-0.181818 6060.92 248.751
-0.191919 6064.11 263.056
-0.20202 6067.31 277.362
-0.212121 6070.58 291.672
-0.222222 6073.83 305.98
-0.232323 6077.01 320.281
-0.242424 6080.13 334.577
-0.252525 6083.07 348.856
-0.262626 6085.94 363.126
-0.272727 6088.59 377.371
-0.282828 6091.14 391.604
-0.292929 6093.45 405.803
-0.30303 6095.66 419.987
-0.313131 6097.62 434.131
-0.323232 6099.48 448.256
-0.333333 6101.1 462.337
-0.343434 6102.62 476.393
-0.353535 6103.94 490.403
-0.363636 6105.16 504.384
-0.373737 6106.2 518.316
-0.383838 6107.16 532.215
-0.393939 6107.96 546.062
-0.40404 6108.69 559.872
-0.414141 6109.3 573.628
-0.424242 6109.84 587.343
-0.434343 6110.29 601.003
-0.444444 6110.68 614.618
-0.454545 6111.01 628.176
-0.464646 6111.29 641.684
-0.474747 6111.52 655.134
-0.484848 6111.72 668.53
-0.494949 6111.89 681.866
-0.505051 6112.04 695.143
-0.515152 6112.16 708.361
-0.525253 6112.28 721.513
-0.535354 6112.38 734.605
-0.545455 6112.49 747.626
-0.555556 6112.59 760.586
-0.565657 6112.69 773.469
-0.575758 6112.8 786.291
-0.585859 6112.91 799.029
-0.59596 6113.04 811.705
-0.606061 6113.18 824.291
-0.616162 6113.34 836.815
-0.626263 6113.51 849.24
-0.636364 6113.7 861.605
-0.646465 6113.92 873.862
-0.656566 6114.15 886.059
-0.666667 6114.42 898.14
-0.676768 6114.7 910.162
-0.686869 6115.02 922.059
-0.69697 6115.36 933.898
-0.707071 6115.74 945.602
-0.717172 6116.14 957.25
-0.727273 6116.59 968.753
-0.737374 6117.05 980.201
-0.747475 6117.57 991.496
-0.757576 6118.11 1002.74
-0.767677 6118.71 1013.81
-0.777778 6119.32 1024.84
-0.787879 6120 1035.69
-0.79798 6120.69 1046.49
-0.808081 6121.45 1057.11
-0.818182 6122.22 1067.69
-0.828283 6123.05 1078.07
-0.838384 6123.9 1088.4
-0.848485 6124.79 1098.54
-0.858586 6125.7 1108.63
-0.868687 6126.65 1118.52
-0.878788 6127.61 1128.37
-0.888889 6128.58 1137.99
-0.89899 6129.56 1147.59
-0.909091 6130.52 1156.96
-0.919192 6131.48 1166.3
-0.929293 6132.38 1175.42
-0.939394 6133.27 1184.51
-0.949495 6134.04 1193.37
-0.959596 6134.8 1202.21
-0.969697 6135.35 1210.85
-0.979798 6135.89 1219.47
-0.989899 6136.1 1227.88
-1 6136.3 1236.28
