0 16129.6 0.00164463
-0.010101 17156.2 8.84962
-0.020202 17130.3 17.7065
-0.030303 17109.2 27.0778
-0.040404 17088.3 36.4535
-0.0505051 17071.8 45.9354
-0.0606061 17055.6 55.4267
-0.0707071 17043.2 65.066
-0.0808081 17031.1 74.7163
-0.0909091 17022.2 84.4936
-0.10101 17013.6 94.2815
-0.111111 17007.6 104.165
-0.121212 17002 114.058
-0.131313 16998.4 124.02
-0.141414 16995.1 133.991
-0.151515 16993.4 144.012
-0.161616 16992 154.04
-0.171717 16991.7 164.105
-0.181818 16991.6 174.175
-0.191919 16992.4 184.272
-0.20202 16993.3 194.372
-0.212121 16994.8 204.489
-0.222222 16996.4 214.608
-0.232323 16998.4 224.734
-0.242424 17000.4 234.86
-0.252525 17002.6 244.986
-0.262626 17004.8 255.108
-0.272727 17007.1 265.222
-0.282828 17009.4 275.33
-0.292929 17011.6 285.422
-0.30303 17013.9 295.506
-0.313131 17016 305.568
-0.323232 17018.1 315.617
-0.333333 17020.1 325.641
-0.343434 17022.1 335.648
-0.353535 17023.9 345.626
-0.363636 17025.7 355.584
-0.373737 17027.3 365.509
-0.383838 17028.9 375.411
-0.393939 17030.4 385.277
-0.40404 17031.8 395.118
-0.414141 17033.1 404.92
-0.424242 17034.4 414.693
-0.434343 17035.5 424.427
-0.444444 17036.7 434.127
-0.454545 17037.7 443.787
-0.464646 17038.7 453.41
-0.474747 17039.7 462.992
-0.484848 17040.6 472.533
-0.494949 17041.4 482.032
-0.505051 17042.3 491.486
-0.515152 17043.1 500.898
-0.525253 17043.9 510.261
-0.535354 17044.7 519.581
-0.545455 17045.5 528.848
-0.555556 17046.3 538.071
-0.565657 17047.1 547.238
-0.575758 17047.9 556.36
-0.585859 17048.7 565.421
-0.59596 17049.5 574.438
-0.606061 17050.3 583.388
-0.616162 17051.1 592.294
-0.626263 17052 601.128
-0.636364 17052.9 609.918
-0.646465 17053.8 618.631
-0.656566 17054.7 627.3
-0.666667 17055.7 635.887
-0.676768 17056.6 644.43
-0.686869 17057.7 652.885
-0.69697 17058.7 661.298
-0.707071 17059.8 669.615
-0.717172 17060.9 677.892
-0.727273 17062.1 686.068
-0.737374 17063.3 694.204
-0.747475 17064.5 702.233
-0.757576 17065.8 710.224
-0.767677 17067.1 718.101
-0.777778 17068.5 725.943
-0.787879 17069.9 733.664
-0.79798 17071.3 741.352
-0.808081 17072.7 748.915
-0.818182 17074.2 756.446
-0.828283 17075.7 763.845
-0.838384 17077.2 771.216
-0.848485 17078.7 778.45
-0.858586 17080.2 785.658
-0.868687 17081.7 792.725
-0.878788 17083.2 799.768
-0.888889 17084.7 806.665
-0.89899 17086.1 813.542
-0.909091 17087.5 820.269
-0.919192 17088.9 826.979
-0.929293 17090.1 833.537
-0.939394 17091.2 840.082
-0.949495 17092.2 846.477
-0.959596 17093.2 852.863
-0.969697 17093.8 859.115
-0.979798 17094.5 865.362
-0.989899 17094.7 871.441
-1 17095 877.517
