0 23388.7 0.00155129
-0.010101 23113.7 -2.8276
-0.020202 23097.1 -5.66612
-0.030303 23080.7 -8.8942
-0.040404 23064.3 -12.1258
-0.0505051 23048.8 -15.4409
-0.0606061 23033.3 -18.7568
-0.0707071 23019.3 -22.0864
-0.0808081 23005.4 -25.4145
-0.0909091 22993.2 -28.7268
-0.10101 22981.2 -32.0364
-0.111111 22970.9 -35.3218
-0.121212 22960.8 -38.6039
-0.131313 22952.4 -41.8613
-0.141414 22944.3 -45.1149
-0.151515 22937.7 -48.3445
-0.161616 22931.4 -51.5696
-0.171717 22926.4 -54.7708
-0.181818 22921.7 -57.9665
-0.191919 22918.2 -61.1375
-0.20202 22914.9 -64.3021
-0.212121 22912.6 -67.4411
-0.222222 22910.6 -70.5729
-0.232323 22909.3 -73.679
-0.242424 22908.3 -76.7771
-0.252525 22907.8 -79.8502
-0.262626 22907.5 -82.9148
-0.272727 22907.7 -85.9557
-0.282828 22908.1 -88.988
-0.292929 22908.7 -91.9983
-0.30303 22909.5 -95.0002
-0.313131 22910.6 -97.9822
-0.323232 22911.7 -100.956
-0.333333 22913 -103.912
-0.343434 22914.3 -106.859
-0.353535 22915.7 -109.791
-0.363636 22917.2 -112.715
-0.373737 22918.7 -115.624
-0.383838 22920.2 -118.526
-0.393939 22921.8 -121.414
-0.40404 22923.3 -124.295
-0.414141 22924.9 -127.164
-0.424242 22926.4 -130.025
-0.434343 22927.9 -132.874
-0.444444 22929.4 -135.715
-0.454545 22930.9 -138.546
-0.464646 22932.4 -141.368
-0.474747 22933.9 -144.179
-0.484848 22935.3 -146.981
-0.494949 22936.7 -149.773
-0.505051 22938.1 -152.555
-0.515152 22939.5 -155.326
-0.525253 22940.8 -158.086
-0.535354 22942.2 -160.836
-0.545455 22943.5 -163.574
-0.555556 22944.9 -166.301
-0.565657 22946.2 -169.015
-0.575758 22947.6 -171.719
-0.585859 22948.9 -174.407
-0.59596 22950.2 -177.084
-0.606061 22951.6 -179.745
-0.616162 22952.9 -182.395
-0.626263 22954.3 -185.026
-0.636364 22955.7 -187.646
-0.646465 22957.1 -190.245
-0.656566 22958.5 -192.833
-0.666667 22959.9 -195.398
-0.676768 22961.3 -197.951
-0.686869 22962.8 -200.478
-0.69697 22964.3 -202.994
-0.707071 22965.8 -205.481
-0.717172 22967.3 -207.956
-0.727273 22968.8 -210.398
-0.737374 22970.4 -212.829
-0.747475 22972 -215.224
-0.757576 22973.5 -217.606
-0.767677 22975.1 -219.949
-0.777778 22976.7 -222.28
-0.787879 22978.3 -224.567
-0.79798 22979.9 -226.841
-0.808081 22981.5 -229.067
-0.818182 22983.1 -231.281
-0.828283 22984.6 -233.442
-0.838384 22986.2 -235.591
-0.848485 22987.6 -237.682
-0.858586 22989.1 -239.762
-0.868687 22990.5 -241.779
-0.878788 22991.9 -243.785
-0.888889 22993.1 -245.725
-0.89899 22994.4 -247.655
-0.909091 22995.5 -249.514
-0.919192 22996.6 -251.364
-0.929293 22997.5 -253.14
-0.939394 22998.3 -254.91
-0.949495 22999 -256.602
-0.959596 22999.6 -258.29
-0.969697 23000 -259.9
-0.979798 23000.4 -261.508
-0.989899 23000.6 -263.089
-1 23000.7 -264.669
