0 5498.29 0.000750805
-0.010101 4056.96 -12.8808
-0.020202 4069.5 -25.783
-0.030303 4076.63 -39.6648
-0.040404 4083.59 -53.5553
-0.0505051 4086.5 -67.6527
-0.0606061 4089.23 -81.7618
-0.0707071 4089.04 -96.0538
-0.0808081 4088.68 -110.357
-0.0909091 4086.33 -124.789
-0.10101 4083.85 -139.231
-0.111111 4080.13 -153.758
-0.121212 4076.32 -168.292
-0.131313 4071.84 -182.88
-0.141414 4067.31 -197.475
-0.151515 4062.52 -212.102
-0.161616 4057.75 -226.734
-0.171717 4053.01 -241.383
-0.181818 4048.33 -256.034
-0.191919 4043.88 -270.689
-0.20202 4039.51 -285.343
-0.212121 4035.5 -299.99
-0.222222 4031.6 -314.631
-0.232323 4028.11 -329.256
-0.242424 4024.76 -343.873
-0.252525 4021.83 -358.463
-0.262626 4019.04 -373.041
-0.272727 4016.66 -387.586
-0.282828 4014.42 -402.116
-0.292929 4012.56 -416.606
-0.30303 4010.84 -431.077
-0.313131 4009.45 -445.503
-0.323232 4008.2 -459.907
-0.333333 4007.22 -474.264
-0.343434 4006.37 -488.594
-0.353535 4005.74 -502.874
-0.363636 4005.23 -517.124
-0.373737 4004.9 -531.322
-0.383838 4004.66 -545.486
-0.393939 4004.56 -559.596
-0.40404 4004.54 -573.669
-0.414141 4004.63 -587.686
-0.424242 4004.78 -601.662
-0.434343 4005 -615.582
-0.444444 4005.27 -629.456
-0.454545 4005.6 -643.273
-0.464646 4005.96 -657.039
-0.474747 4006.36 -670.748
-0.484848 4006.78 -684.401
-0.494949 4007.22 -697.996
-0.505051 4007.67 -711.531
-0.515152 4008.14 -725.006
-0.525253 4008.61 -738.415
-0.535354 4009.08 -751.764
-0.545455 4009.56 -765.042
-0.555556 4010.03 -778.259
-0.565657 4010.5 -791.398
-0.575758 4010.96 -804.477
-0.585859 4011.42 -817.47
-0.59596 4011.87 -830.402
-0.606061 4012.3 -843.242
-0.616162 4012.73 -856.02
-0.626263 4013.14 -868.699
-0.636364 4013.55 -881.316
-0.646465 4013.94 -893.825
-0.656566 4014.31 -906.272
-0.666667 4014.67 -918.603
-0.676768 4015.02 -930.873
-0.686869 4015.34 -943.016
-0.69697 4015.65 -955.099
-0.707071 4015.93 -967.046
-0.717172 4016.2 -978.934
-0.727273 4016.44 -990.676
-0.737374 4016.66 -1002.36
-0.747475 4016.84 -1013.89
-0.757576 4017 -1025.36
-0.767677 4017.12 -1036.66
-0.777778 4017.22 -1047.91
-0.787879 4017.27 -1058.98
-0.79798 4017.3 -1069.99
-0.808081 4017.26 -1080.82
-0.818182 4017.21 -1091.6
-0.828283 4017.09 -1102.18
-0.838384 4016.96 -1112.71
-0.848485 4016.75 -1123.03
-0.858586 4016.52 -1133.3
-0.868687 4016.23 -1143.36
-0.878788 4015.92 -1153.37
-0.888889 4015.54 -1163.15
-0.89899 4015.16 -1172.9
-0.909091 4014.73 -1182.41
-0.919192 4014.29 -1191.89
-0.929293 4013.83 -1201.13
-0.939394 4013.37 -1210.34
-0.949495 4012.94 -1219.3
-0.959596 4012.51 -1228.25
-0.969697 4012.16 -1236.97
-0.979798 4011.83 -1245.68
-0.989899 4011.69 -1254.17
-1 4011.55 -1262.66
