0 -12006.2 -0.00148694
-0.010101 -10709.8 11.7023
-0.020202 -10715.1 23.4266
-0.030303 -10715.9 36.0963
-0.040404 -10716.6 48.7743
-0.0505051 -10714.1 61.6523
-0.0606061 -10711.5 74.5403
-0.0707071 -10706.9 87.586
-0.0808081 -10702.2 100.641
-0.0909091 -10696.4 113.798
-0.10101 -10690.5 126.963
-0.111111 -10684.1 140.192
-0.121212 -10677.8 153.425
-0.131313 -10671.3 166.696
-0.141414 -10665 179.971
-0.151515 -10658.9 193.266
-0.161616 -10652.9 206.563
-0.171717 -10647.3 219.868
-0.181818 -10641.9 233.171
-0.191919 -10637.1 246.47
-0.20202 -10632.4 259.766
-0.212121 -10628.3 273.049
-0.222222 -10624.3 286.324
-0.232323 -10621 299.577
-0.242424 -10617.9 312.821
-0.252525 -10615.3 326.034
-0.262626 -10612.8 339.235
-0.272727 -10610.9 352.4
-0.282828 -10609.1 365.55
-0.292929 -10607.8 378.659
-0.30303 -10606.6 391.75
-0.313131 -10605.7 404.797
-0.323232 -10605 417.823
-0.333333 -10604.6 430.802
-0.343434 -10604.3 443.758
-0.353535 -10604.3 456.666
-0.363636 -10604.3 469.546
-0.373737 -10604.5 482.378
-0.383838 -10604.8 495.179
-0.393939 -10605.2 507.93
-0.40404 -10605.6 520.648
-0.414141 -10606.2 533.316
-0.424242 -10606.8 545.946
-0.434343 -10607.5 558.525
-0.444444 -10608.2 571.064
-0.454545 -10608.9 583.551
-0.464646 -10609.7 595.993
-0.474747 -10610.5 608.383
-0.484848 -10611.3 620.724
-0.494949 -10612.1 633.012
-0.505051 -10612.9 645.247
-0.515152 -10613.8 657.428
-0.525253 -10614.6 669.551
-0.535354 -10615.4 681.62
-0.545455 -10616.2 693.625
-0.555556 -10617.1 705.576
-0.565657 -10617.9 717.457
-0.575758 -10618.7 729.284
-0.585859 -10619.5 741.035
-0.59596 -10620.3 752.731
-0.606061 -10621.1 764.344
-0.616162 -10621.9 775.902
-0.626263 -10622.7 787.371
-0.636364 -10623.4 798.784
-0.646465 -10624.2 810.1
-0.656566 -10625 821.362
-0.666667 -10625.7 832.517
-0.676768 -10626.5 843.618
-0.686869 -10627.2 854.604
-0.69697 -10627.9 865.537
-0.707071 -10628.6 876.346
-0.717172 -10629.3 887.102
-0.727273 -10630 897.724
-0.737374 -10630.7 908.295
-0.747475 -10631.3 918.722
-0.757576 -10632 929.098
-0.767677 -10632.6 939.321
-0.777778 -10633.2 949.495
-0.787879 -10633.7 959.503
-0.79798 -10634.2 969.466
-0.808081 -10634.7 979.252
-0.818182 -10635.2 988.994
-0.828283 -10635.5 998.55
-0.838384 -10635.9 1008.06
-0.848485 -10636.2 1017.38
-0.858586 -10636.5 1026.66
-0.868687 -10636.7 1035.73
-0.878788 -10636.9 1044.77
-0.888889 -10636.9 1053.59
-0.89899 -10637 1062.38
-0.909091 -10637 1070.94
-0.919192 -10637 1079.48
-0.929293 -10636.9 1087.79
-0.939394 -10636.8 1096.07
-0.949495 -10636.6 1104.13
-0.959596 -10636.4 1112.17
-0.969697 -10636.3 1119.99
-0.979798 -10636.1 1127.8
-0.989899 -10636.1 1135.43
-1 -10636 1143.05
