0 -9360.44 -0.00108145
-0.010101 -10680.6 -11.5613
-0.020202 -10656.9 -23.136
-0.030303 -10638.9 -35.4772
-0.040404 -10621.1 -47.8252
-0.0505051 -10608.1 -60.3343
-0.0606061 -10595.3 -72.8551
-0.0707071 -10586.5 -85.5573
-0.0808081 -10577.9 -98.272
-0.0909091 -10572.5 -111.131
-0.10101 -10567.3 -124.002
-0.111111 -10564.5 -136.977
-0.121212 -10562 -149.962
-0.131313 -10561.2 -163.019
-0.141414 -10560.7 -176.085
-0.151515 -10561.4 -189.202
-0.161616 -10562.3 -202.325
-0.171717 -10564 -215.482
-0.181818 -10565.8 -228.645
-0.191919 -10568.2 -241.828
-0.20202 -10570.6 -255.013
-0.212121 -10573.3 -268.209
-0.222222 -10576 -281.403
-0.232323 -10578.9 -294.597
-0.242424 -10581.7 -307.787
-0.252525 -10584.4 -320.967
-0.262626 -10587.1 -334.139
-0.272727 -10589.7 -347.292
-0.282828 -10592.3 -360.435
-0.292929 -10594.6 -373.551
-0.30303 -10596.9 -386.652
-0.313131 -10599 -399.721
-0.323232 -10601.1 -412.772
-0.333333 -10602.9 -425.784
-0.343434 -10604.6 -438.775
-0.353535 -10606.2 -451.723
-0.363636 -10607.7 -464.646
-0.373737 -10609 -477.523
-0.383838 -10610.2 -490.371
-0.393939 -10611.3 -503.171
-0.40404 -10612.3 -515.938
-0.414141 -10613.3 -528.654
-0.424242 -10614.1 -541.333
-0.434343 -10614.8 -553.96
-0.444444 -10615.5 -566.546
-0.454545 -10616.2 -579.079
-0.464646 -10616.7 -591.565
-0.474747 -10617.2 -603.998
-0.484848 -10617.7 -616.38
-0.494949 -10618.2 -628.706
-0.505051 -10618.6 -640.978
-0.515152 -10619 -653.194
-0.525253 -10619.4 -665.349
-0.535354 -10619.8 -677.448
-0.545455 -10620.2 -689.48
-0.555556 -10620.5 -701.456
-0.565657 -10620.9 -713.36
-0.575758 -10621.3 -725.208
-0.585859 -10621.7 -736.977
-0.59596 -10622.1 -748.689
-0.606061 -10622.5 -760.316
-0.616162 -10622.9 -771.886
-0.626263 -10623.4 -783.365
-0.636364 -10623.8 -794.787
-0.646465 -10624.3 -806.109
-0.656566 -10624.8 -817.376
-0.666667 -10625.4 -828.536
-0.676768 -10626 -839.64
-0.686869 -10626.6 -850.629
-0.69697 -10627.2 -861.564
-0.707071 -10627.9 -872.375
-0.717172 -10628.6 -883.133
-0.727273 -10629.3 -893.759
-0.737374 -10630.1 -904.334
-0.747475 -10630.9 -914.767
-0.757576 -10631.7 -925.151
-0.767677 -10632.7 -935.385
-0.777778 -10633.6 -945.572
-0.787879 -10634.6 -955.599
-0.79798 -10635.6 -965.582
-0.808081 -10636.6 -975.398
-0.818182 -10637.7 -985.171
-0.828283 -10638.8 -994.768
-0.838384 -10639.9 -1004.33
-0.848485 -10641.1 -1013.7
-0.858586 -10642.3 -1023.04
-0.868687 -10643.5 -1032.19
-0.878788 -10644.7 -1041.3
-0.888889 -10645.9 -1050.22
-0.89899 -10647.1 -1059.1
-0.909091 -10648.3 -1067.79
-0.919192 -10649.4 -1076.45
-0.929293 -10650.5 -1084.89
-0.939394 -10651.5 -1093.33
-0.949495 -10652.4 -1101.55
-0.959596 -10653.2 -1109.76
-0.969697 -10653.9 -1117.79
-0.979798 -10654.5 -1125.8
-0.989899 -10654.7 -1133.61
-1 -10654.9 -1141.41
