0 -17999.6 -0.00167938
-0.010101 -18899.5 -7.68796
-0.020202 -18873.5 -15.3811
-0.030303 -18851.9 -23.4913
-0.040404 -18830.5 -31.6051
-0.0505051 -18813.3 -39.806
-0.0606061 -18796.3 -48.0154
-0.0707071 -18783 -56.3597
-0.0808081 -18770 -64.7144
-0.0909091 -18760.2 -73.1887
-0.10101 -18750.6 -81.6732
-0.111111 -18743.7 -90.2497
-0.121212 -18737.2 -98.8355
-0.131313 -18732.7 -107.489
-0.141414 -18728.6 -116.151
-0.151515 -18726.1 -124.864
-0.161616 -18723.9 -133.583
-0.171717 -18723 -142.341
-0.181818 -18722.2 -151.104
-0.191919 -18722.5 -159.895
-0.20202 -18722.8 -168.691
-0.212121 -18723.9 -177.506
-0.222222 -18725.1 -186.325
-0.232323 -18726.7 -195.154
-0.242424 -18728.3 -203.984
-0.252525 -18730.3 -212.817
-0.262626 -18732.3 -221.649
-0.272727 -18734.4 -230.477
-0.282828 -18736.5 -239.3
-0.292929 -18738.7 -248.113
-0.30303 -18740.8 -256.919
-0.313131 -18742.9 -265.708
-0.323232 -18745 -274.487
-0.333333 -18747 -283.244
-0.343434 -18749 -291.988
-0.353535 -18750.8 -300.707
-0.363636 -18752.7 -309.41
-0.373737 -18754.4 -318.084
-0.383838 -18756 -326.738
-0.393939 -18757.6 -335.362
-0.40404 -18759.1 -343.962
-0.414141 -18760.5 -352.53
-0.424242 -18761.9 -361.072
-0.434343 -18763.1 -369.579
-0.444444 -18764.4 -378.057
-0.454545 -18765.5 -386.499
-0.464646 -18766.7 -394.91
-0.474747 -18767.7 -403.283
-0.484848 -18768.8 -411.621
-0.494949 -18769.8 -419.921
-0.505051 -18770.7 -428.183
-0.515152 -18771.7 -436.406
-0.525253 -18772.6 -444.587
-0.535354 -18773.5 -452.729
-0.545455 -18774.4 -460.825
-0.555556 -18775.3 -468.882
-0.565657 -18776.2 -476.889
-0.575758 -18777.2 -484.857
-0.585859 -18778.1 -492.771
-0.59596 -18779 -500.646
-0.606061 -18779.9 -508.463
-0.616162 -18780.9 -516.24
-0.626263 -18781.9 -523.954
-0.636364 -18782.8 -531.63
-0.646465 -18783.9 -539.238
-0.656566 -18784.9 -546.808
-0.666667 -18786 -554.305
-0.676768 -18787.1 -561.764
-0.686869 -18788.2 -569.146
-0.69697 -18789.4 -576.491
-0.707071 -18790.6 -583.753
-0.717172 -18791.9 -590.979
-0.727273 -18793.2 -598.117
-0.737374 -18794.5 -605.221
-0.747475 -18795.8 -612.232
-0.757576 -18797.2 -619.21
-0.767677 -18798.6 -626.089
-0.777778 -18800.1 -632.937
-0.787879 -18801.6 -639.682
-0.79798 -18803.1 -646.398
-0.808081 -18804.6 -653.006
-0.818182 -18806.2 -659.587
-0.828283 -18807.8 -666.055
-0.838384 -18809.3 -672.498
-0.848485 -18810.9 -678.825
-0.858586 -18812.5 -685.129
-0.868687 -18814.1 -691.313
-0.878788 -18815.7 -697.477
-0.888889 -18817.2 -703.517
-0.89899 -18818.7 -709.539
-0.909091 -18820.1 -715.435
-0.919192 -18821.5 -721.317
-0.929293 -18822.7 -727.07
-0.939394 -18823.9 -732.812
-0.949495 -18824.9 -738.428
-0.959596 -18825.9 -744.036
-0.969697 -18826.5 -749.533
-0.979798 -18827.2 -755.026
-0.989899 -18827.4 -760.369
-1 -18827.7 -765.709
