0 -23350.1 -0.00239869
-0.010101 -23510.7 -1.04102
-0.020202 -23488.9 -2.0752
-0.030303 -23469 -3.00069
-0.040404 -23449.2 -3.92517
-0.0505051 -23431.6 -4.82511
-0.0606061 -23414.2 -5.72781
-0.0707071 -23399.3 -6.67361
-0.0808081 -23384.5 -7.62443
-0.0909091 -23372.1 -8.63303
-0.10101 -23360 -9.64749
-0.111111 -23350.1 -10.7147
-0.121212 -23340.5 -11.7879
-0.131313 -23333 -12.9048
-0.141414 -23325.7 -14.0276
-0.151515 -23320.1 -15.1867
-0.161616 -23314.8 -16.3519
-0.171717 -23311 -17.5484
-0.181818 -23307.4 -18.751
-0.191919 -23305.1 -19.9818
-0.20202 -23303 -21.2189
-0.212121 -23301.8 -22.4812
-0.222222 -23300.8 -23.7498
-0.232323 -23300.5 -25.0406
-0.242424 -23300.5 -26.3372
-0.252525 -23300.9 -27.6526
-0.262626 -23301.5 -28.9733
-0.272727 -23302.5 -30.3088
-0.282828 -23303.5 -31.6487
-0.292929 -23304.8 -32.9996
-0.30303 -23306.2 -34.3537
-0.313131 -23307.8 -35.7151
-0.323232 -23309.4 -37.0784
-0.333333 -23311 -38.4457
-0.343434 -23312.7 -39.8136
-0.353535 -23314.5 -41.1826
-0.363636 -23316.2 -42.5508
-0.373737 -23317.9 -43.9176
-0.383838 -23319.6 -45.2825
-0.393939 -23321.3 -46.644
-0.40404 -23323 -48.0024
-0.414141 -23324.6 -49.356
-0.424242 -23326.2 -50.7052
-0.434343 -23327.8 -52.0485
-0.444444 -23329.3 -53.3865
-0.454545 -23330.8 -54.7177
-0.464646 -23332.3 -56.0426
-0.474747 -23333.7 -57.3602
-0.484848 -23335.1 -58.6706
-0.494949 -23336.5 -59.9732
-0.505051 -23337.9 -61.268
-0.515152 -23339.2 -62.5547
-0.525253 -23340.5 -63.8328
-0.535354 -23341.8 -65.1028
-0.545455 -23343.1 -66.3634
-0.555556 -23344.4 -67.616
-0.565657 -23345.7 -68.8585
-0.575758 -23347 -70.093
-0.585859 -23348.3 -71.3168
-0.59596 -23349.5 -72.5329
-0.606061 -23350.9 -73.7377
-0.616162 -23352.2 -74.935
-0.626263 -23353.5 -76.1205
-0.636364 -23354.9 -77.2988
-0.646465 -23356.2 -78.4649
-0.656566 -23357.6 -79.6241
-0.666667 -23359 -80.7709
-0.676768 -23360.5 -81.9112
-0.686869 -23361.9 -83.0389
-0.69697 -23363.4 -84.1607
-0.707071 -23365 -85.2699
-0.717172 -23366.5 -86.3736
-0.727273 -23368.1 -87.4651
-0.737374 -23369.7 -88.5518
-0.747475 -23371.3 -89.6267
-0.757576 -23372.9 -90.6975
-0.767677 -23374.6 -91.7572
-0.777778 -23376.3 -92.8135
-0.787879 -23378 -93.8599
-0.79798 -23379.7 -94.9035
-0.808081 -23381.4 -95.9386
-0.818182 -23383.1 -96.9715
-0.828283 -23384.8 -97.9975
-0.838384 -23386.5 -99.0219
-0.848485 -23388.1 -100.041
-0.858586 -23389.8 -101.059
-0.868687 -23391.4 -102.074
-0.878788 -23393 -103.088
-0.888889 -23394.4 -104.101
-0.89899 -23395.9 -105.113
-0.909091 -23397.2 -106.126
-0.919192 -23398.5 -107.138
-0.929293 -23399.6 -108.152
-0.939394 -23400.7 -109.167
-0.949495 -23401.5 -110.186
-0.959596 -23402.4 -111.205
-0.969697 -23402.9 -112.234
-0.979798 -23403.4 -113.264
-0.989899 -23403.6 -114.253
-1 -23403.8 -115.242
