0 18346 0.00171221
-0.010101 19219 7.44574
-0.020202 19193 14.8962
-0.030303 19171.4 22.7431
-0.040404 19150 30.5933
-0.0505051 19132.6 38.5259
-0.0606061 19115.5 46.4669
-0.0707071 19102.1 54.5392
-0.0808081 19088.9 62.6218
-0.0909091 19078.9 70.8217
-0.10101 19069.2 79.0316
-0.111111 19062.1 87.3321
-0.121212 19055.4 95.6418
-0.131313 19050.8 104.019
-0.141414 19046.4 112.403
-0.151515 19043.8 120.838
-0.161616 19041.5 129.28
-0.171717 19040.4 137.759
-0.181818 19039.6 146.245
-0.191919 19039.7 154.758
-0.20202 19039.9 163.276
-0.212121 19040.9 171.814
-0.222222 19042 180.354
-0.232323 19043.5 188.906
-0.242424 19045.1 197.459
-0.252525 19047 206.016
-0.262626 19049 214.572
-0.272727 19051 223.124
-0.282828 19053.1 231.672
-0.292929 19055.3 240.21
-0.30303 19057.4 248.742
-0.313131 19059.5 257.257
-0.323232 19061.6 265.763
-0.333333 19063.6 274.249
-0.343434 19065.5 282.722
-0.353535 19067.4 291.17
-0.363636 19069.2 299.603
-0.373737 19071 308.007
-0.383838 19072.6 316.393
-0.393939 19074.2 324.749
-0.40404 19075.7 333.083
-0.414141 19077.2 341.385
-0.424242 19078.5 349.662
-0.434343 19079.9 357.905
-0.444444 19081.1 366.12
-0.454545 19082.3 374.3
-0.464646 19083.4 382.449
-0.474747 19084.5 390.562
-0.484848 19085.6 398.641
-0.494949 19086.6 406.682
-0.505051 19087.6 414.687
-0.515152 19088.6 422.654
-0.525253 19089.5 430.58
-0.535354 19090.5 438.469
-0.545455 19091.4 446.313
-0.555556 19092.3 454.118
-0.565657 19093.3 461.876
-0.575758 19094.2 469.595
-0.585859 19095.1 477.262
-0.59596 19096.1 484.891
-0.606061 19097 492.463
-0.616162 19098 499.997
-0.626263 19099 507.47
-0.636364 19100 514.906
-0.646465 19101.1 522.276
-0.656566 19102.1 529.609
-0.666667 19103.2 536.871
-0.676768 19104.3 544.097
-0.686869 19105.5 551.247
-0.69697 19106.7 558.362
-0.707071 19107.9 565.397
-0.717172 19109.2 572.397
-0.727273 19110.5 579.311
-0.737374 19111.8 586.193
-0.747475 19113.2 592.984
-0.757576 19114.6 599.743
-0.767677 19116.1 606.407
-0.777778 19117.5 613.041
-0.787879 19119 619.576
-0.79798 19120.6 626.082
-0.808081 19122.1 632.483
-0.818182 19123.7 638.859
-0.828283 19125.3 645.126
-0.838384 19126.9 651.369
-0.848485 19128.5 657.499
-0.858586 19130.1 663.608
-0.868687 19131.7 669.6
-0.878788 19133.3 675.574
-0.888889 19134.8 681.428
-0.89899 19136.3 687.265
-0.909091 19137.7 692.981
-0.919192 19139.1 698.682
-0.929293 19140.3 704.26
-0.939394 19141.6 709.827
-0.949495 19142.5 715.273
-0.959596 19143.5 720.712
-0.969697 19144.2 726.044
-0.979798 19144.8 731.372
-0.989899 19145.1 736.554
-1 19145.3 741.733
