0 23044.8 0.00247213
-0.010101 23305.3 1.93356
-0.020202 23282.6 3.8615
-0.030303 23262.1 5.74787
-0.040404 23241.8 7.63381
-0.0505051 23224 9.50926
-0.0606061 23206.3 11.3883
-0.0707071 23191.3 13.323
-0.0808081 23176.5 15.2635
-0.0909091 23164.3 17.2708
-0.10101 23152.3 19.2846
-0.111111 23142.6 21.3571
-0.121212 23133.3 23.4361
-0.131313 23126 25.5627
-0.141414 23119 27.6955
-0.151515 23113.7 29.867
-0.161616 23108.7 32.0447
-0.171717 23105.2 34.2551
-0.181818 23102 36.4718
-0.191919 23099.9 38.7168
-0.20202 23098.1 40.9681
-0.212121 23097.2 43.2442
-0.222222 23096.5 45.5261
-0.232323 23096.5 47.8291
-0.242424 23096.6 50.1374
-0.252525 23097.3 52.4627
-0.262626 23098 54.7923
-0.272727 23099.2 57.1346
-0.282828 23100.4 59.4801
-0.292929 23101.9 61.8339
-0.30303 23103.4 64.1895
-0.313131 23105 66.5494
-0.323232 23106.7 68.9096
-0.333333 23108.4 71.2705
-0.343434 23110.2 73.6302
-0.353535 23112 75.9874
-0.363636 23113.8 78.3417
-0.373737 23115.5 80.6911
-0.383838 23117.2 83.0361
-0.393939 23119 85.3741
-0.40404 23120.6 87.7062
-0.414141 23122.3 90.0297
-0.424242 23123.9 92.346
-0.434343 23125.4 94.6524
-0.444444 23126.9 96.9503
-0.454545 23128.4 99.2373
-0.464646 23129.9 101.515
-0.474747 23131.3 103.781
-0.484848 23132.7 106.036
-0.494949 23134 108.279
-0.505051 23135.3 110.51
-0.515152 23136.6 112.728
-0.525253 23137.9 114.934
-0.535354 23139.2 117.127
-0.545455 23140.5 119.306
-0.555556 23141.7 121.473
-0.565657 23143 123.624
-0.575758 23144.2 125.763
-0.585859 23145.5 127.885
-0.59596 23146.8 129.996
-0.606061 23148 132.088
-0.616162 23149.3 134.169
-0.626263 23150.6 136.231
-0.636364 23152 138.282
-0.646465 23153.3 140.313
-0.656566 23154.7 142.333
-0.666667 23156.1 144.332
-0.676768 23157.5 146.321
-0.686869 23159 148.288
-0.69697 23160.4 150.245
-0.707071 23161.9 152.18
-0.717172 23163.5 154.105
-0.727273 23165 156.008
-0.737374 23166.6 157.903
-0.747475 23168.2 159.774
-0.757576 23169.9 161.638
-0.767677 23171.5 163.479
-0.777778 23173.2 165.313
-0.787879 23174.9 167.124
-0.79798 23176.6 168.929
-0.808081 23178.3 170.712
-0.818182 23180.1 172.49
-0.828283 23181.8 174.247
-0.838384 23183.5 175.999
-0.848485 23185.2 177.731
-0.858586 23186.8 179.46
-0.868687 23188.4 181.169
-0.878788 23190 182.876
-0.888889 23191.5 184.564
-0.89899 23193 186.251
-0.909091 23194.4 187.92
-0.919192 23195.7 189.588
-0.929293 23196.8 191.24
-0.939394 23198 192.891
-0.949495 23198.8 194.529
-0.959596 23199.7 196.167
-0.969697 23200.3 197.798
-0.979798 23200.8 199.43
-0.989899 23201 201.007
-1 23201.2 202.582
