0 -21364.2 -0.00240429
-0.010101 -20677.9 6.44176
-0.020202 -20667.9 12.9011
-0.030303 -20656.4 19.9974
-0.040404 -20644.8 27.0994
-0.0505051 -20632.7 34.337
-0.0606061 -20620.6 41.5791
-0.0707071 -20608.8 48.8905
-0.0808081 -20597 56.2043
-0.0909091 -20586 63.5454
-0.10101 -20575.2 70.8873
-0.111111 -20565.3 78.2357
-0.121212 -20555.7 85.5837
-0.131313 -20547.2 92.928
-0.141414 -20539 100.271
-0.151515 -20531.9 107.604
-0.161616 -20525.1 114.935
-0.171717 -20519.4 122.251
-0.181818 -20514 129.563
-0.191919 -20509.7 136.856
-0.20202 -20505.5 144.143
-0.212121 -20502.4 151.406
-0.222222 -20499.4 158.661
-0.232323 -20497.2 165.89
-0.242424 -20495.3 173.109
-0.252525 -20494 180.298
-0.262626 -20492.9 187.477
-0.272727 -20492.3 194.626
-0.282828 -20491.8 201.762
-0.292929 -20491.8 208.867
-0.30303 -20491.9 215.959
-0.313131 -20492.4 223.021
-0.323232 -20492.9 230.068
-0.333333 -20493.7 237.085
-0.343434 -20494.5 244.087
-0.353535 -20495.5 251.06
-0.363636 -20496.6 258.016
-0.373737 -20497.7 264.944
-0.383838 -20498.9 271.855
-0.393939 -20500.2 278.738
-0.40404 -20501.5 285.602
-0.414141 -20502.8 292.439
-0.424242 -20504.2 299.256
-0.434343 -20505.5 306.045
-0.444444 -20506.9 312.813
-0.454545 -20508.2 319.555
-0.464646 -20509.6 326.273
-0.474747 -20510.9 332.963
-0.484848 -20512.3 339.629
-0.494949 -20513.6 346.267
-0.505051 -20514.9 352.878
-0.515152 -20516.2 359.461
-0.525253 -20517.5 366.015
-0.535354 -20518.8 372.54
-0.545455 -20520.1 379.033
-0.555556 -20521.3 385.498
-0.565657 -20522.6 391.927
-0.575758 -20523.9 398.327
-0.585859 -20525.1 404.689
-0.59596 -20526.4 411.021
-0.606061 -20527.7 417.311
-0.616162 -20528.9 423.572
-0.626263 -20530.2 429.786
-0.636364 -20531.5 435.971
-0.646465 -20532.8 442.104
-0.656566 -20534.1 448.209
-0.666667 -20535.4 454.257
-0.676768 -20536.7 460.276
-0.686869 -20538.1 466.233
-0.69697 -20539.4 472.162
-0.707071 -20540.8 478.023
-0.717172 -20542.1 483.856
-0.727273 -20543.5 489.615
-0.737374 -20544.8 495.346
-0.747475 -20546.2 500.997
-0.757576 -20547.6 506.62
-0.767677 -20549 512.157
-0.777778 -20550.3 517.667
-0.787879 -20551.7 523.082
-0.79798 -20553 528.472
-0.808081 -20554.4 533.76
-0.818182 -20555.7 539.023
-0.828283 -20556.9 544.177
-0.838384 -20558.2 549.307
-0.848485 -20559.4 554.321
-0.858586 -20560.5 559.313
-0.868687 -20561.6 564.182
-0.878788 -20562.6 569.03
-0.888889 -20563.6 573.747
-0.89899 -20564.5 578.447
-0.909091 -20565.3 583.01
-0.919192 -20566.1 587.558
-0.929293 -20566.7 591.965
-0.939394 -20567.3 596.359
-0.949495 -20567.7 600.611
-0.959596 -20568.1 604.853
-0.969697 -20568.3 608.958
-0.979798 -20568.5 613.058
-0.989899 -20568.6 617.068
-1 -20568.7 621.076
