0 18346 0.00171221
-0.010101 19219 7.44581
-0.020202 19193 14.8963
-0.030303 19171.4 22.7433
-0.040404 19150 30.5936
-0.0505051 19132.6 38.5263
-0.0606061 19115.5 46.4673
-0.0707071 19102.1 54.5397
-0.0808081 19088.9 62.6222
-0.0909091 19078.9 70.8222
-0.10101 19069.2 79.0322
-0.111111 19062.1 87.3327
-0.121212 19055.4 95.6424
-0.131313 19050.8 104.019
-0.141414 19046.4 112.404
-0.151515 19043.8 120.839
-0.161616 19041.5 129.281
-0.171717 19040.4 137.76
-0.181818 19039.6 146.245
-0.191919 19039.7 154.759
-0.20202 19039.9 163.277
-0.212121 19040.9 171.814
-0.222222 19042 180.355
-0.232323 19043.5 188.907
-0.242424 19045.1 197.46
-0.252525 19047 206.017
-0.262626 19049 214.572
-0.272727 19051 223.124
-0.282828 19053.1 231.672
-0.292929 19055.3 240.21
-0.30303 19057.4 248.742
-0.313131 19059.5 257.257
-0.323232 19061.6 265.763
-0.333333 19063.6 274.249
-0.343434 19065.5 282.721
-0.353535 19067.4 291.17
-0.363636 19069.2 299.602
-0.373737 19071 308.007
-0.383838 19072.6 316.393
-0.393939 19074.2 324.748
-0.40404 19075.7 333.082
-0.414141 19077.2 341.384
-0.424242 19078.6 349.661
-0.434343 19079.9 357.903
-0.444444 19081.1 366.118
-0.454545 19082.3 374.298
-0.464646 19083.4 382.447
-0.474747 19084.5 390.56
-0.484848 19085.6 398.639
-0.494949 19086.6 406.681
-0.505051 19087.6 414.685
-0.515152 19088.6 422.652
-0.525253 19089.5 430.578
-0.535354 19090.5 438.466
-0.545455 19091.4 446.31
-0.555556 19092.3 454.116
-0.565657 19093.3 461.873
-0.575758 19094.2 469.592
-0.585859 19095.1 477.259
-0.59596 19096.1 484.887
-0.606061 19097 492.459
-0.616162 19098 499.994
-0.626263 19099 507.466
-0.636364 19100 514.902
-0.646465 19101.1 522.272
-0.656566 19102.1 529.604
-0.666667 19103.2 536.866
-0.676768 19104.4 544.092
-0.686869 19105.5 551.242
-0.69697 19106.7 558.357
-0.707071 19107.9 565.391
-0.717172 19109.2 572.391
-0.727273 19110.5 579.306
-0.737374 19111.8 586.187
-0.747475 19113.2 592.978
-0.757576 19114.6 599.737
-0.767677 19116.1 606.401
-0.777778 19117.5 613.035
-0.787879 19119 619.569
-0.79798 19120.6 626.074
-0.808081 19122.1 632.476
-0.818182 19123.7 638.851
-0.828283 19125.3 645.118
-0.838384 19126.9 651.36
-0.848485 19128.5 657.491
-0.858586 19130.1 663.599
-0.868687 19131.7 669.592
-0.878788 19133.3 675.565
-0.888889 19134.8 681.419
-0.89899 19136.3 687.256
-0.909091 19137.7 692.971
-0.919192 19139.1 698.672
-0.929293 19140.3 704.25
-0.939394 19141.6 709.817
-0.949495 19142.5 715.263
-0.959596 19143.5 720.701
-0.969697 19144.2 726.033
-0.979798 19144.8 731.36
-0.989899 19145.1 736.542
-1 19145.3 741.722
