0 -13820.2 -0.00170746
-0.010101 -12592.3 11.124
-0.020202 -12595.2 22.2699
-0.030303 -12594 34.3335
-0.040404 -12592.7 46.4052
-0.0505051 -12588.6 58.6713
-0.0606061 -12584.4 70.9467
-0.0707071 -12578.5 83.3692
-0.0808081 -12572.5 95.7998
-0.0909091 -12565.7 108.324
-0.10101 -12558.9 120.854
-0.111111 -12551.8 133.44
-0.121212 -12544.7 146.03
-0.131313 -12537.8 158.652
-0.141414 -12531 171.277
-0.151515 -12524.6 183.918
-0.161616 -12518.3 196.56
-0.171717 -12512.6 209.207
-0.181818 -12507.1 221.851
-0.191919 -12502.2 234.49
-0.20202 -12497.5 247.124
-0.212121 -12493.4 259.742
-0.222222 -12489.6 272.354
-0.232323 -12486.3 284.942
-0.242424 -12483.3 297.52
-0.252525 -12480.9 310.067
-0.262626 -12478.6 322.602
-0.272727 -12476.8 335.102
-0.282828 -12475.2 347.585
-0.292929 -12474.1 360.029
-0.30303 -12473.1 372.455
-0.313131 -12472.4 384.839
-0.323232 -12471.9 397.201
-0.333333 -12471.7 409.52
-0.343434 -12471.5 421.814
-0.353535 -12471.6 434.064
-0.363636 -12471.8 446.286
-0.373737 -12472.2 458.463
-0.383838 -12472.6 470.61
-0.393939 -12473.2 482.71
-0.40404 -12473.8 494.778
-0.414141 -12474.5 506.798
-0.424242 -12475.3 518.783
-0.434343 -12476.1 530.719
-0.444444 -12476.9 542.617
-0.454545 -12477.8 554.466
-0.464646 -12478.6 566.273
-0.474747 -12479.5 578.03
-0.484848 -12480.4 589.741
-0.494949 -12481.4 601.402
-0.505051 -12482.3 613.013
-0.515152 -12483.2 624.573
-0.525253 -12484.1 636.078
-0.535354 -12485.1 647.532
-0.545455 -12486 658.926
-0.555556 -12486.9 670.269
-0.565657 -12487.8 681.546
-0.575758 -12488.7 692.771
-0.585859 -12489.6 703.924
-0.59596 -12490.5 715.026
-0.606061 -12491.4 726.049
-0.616162 -12492.3 737.02
-0.626263 -12493.1 747.907
-0.636364 -12494 758.741
-0.646465 -12494.9 769.483
-0.656566 -12495.8 780.173
-0.666667 -12496.6 790.762
-0.676768 -12497.5 801.301
-0.686869 -12498.3 811.73
-0.69697 -12499.2 822.109
-0.707071 -12500 832.37
-0.717172 -12500.8 842.58
-0.727273 -12501.6 852.664
-0.737374 -12502.4 862.699
-0.747475 -12503.2 872.596
-0.757576 -12504 882.446
-0.767677 -12504.7 892.149
-0.777778 -12505.5 901.806
-0.787879 -12506.2 911.306
-0.79798 -12506.8 920.761
-0.808081 -12507.5 930.048
-0.818182 -12508.1 939.293
-0.828283 -12508.6 948.36
-0.838384 -12509.1 957.387
-0.848485 -12509.6 966.225
-0.858586 -12510 975.028
-0.868687 -12510.3 983.631
-0.878788 -12510.7 992.201
-0.888889 -12510.9 1000.56
-0.89899 -12511.1 1008.9
-0.909091 -12511.2 1017.01
-0.919192 -12511.3 1025.1
-0.929293 -12511.3 1032.97
-0.939394 -12511.3 1040.82
-0.949495 -12511.3 1048.45
-0.959596 -12511.2 1056.07
-0.969697 -12511.1 1063.47
-0.979798 -12511 1070.86
-0.989899 -12510.9 1078.08
-1 -12510.9 1085.3
