0 411.83 3.66176e-05
-0.010101 1876.69 12.9936
-0.020202 1858.85 26.0061
-0.030303 1846.81 39.9597
-0.040404 1834.97 53.9216
-0.0505051 1827.7 68.0816
-0.0606061 1820.65 82.254
-0.0707071 1817.09 96.6178
-0.0808081 1813.75 110.994
-0.0909091 1812.96 125.512
-0.10101 1812.38 140.041
-0.111111 1813.59 154.667
-0.121212 1814.95 169.302
-0.131313 1817.49 184.001
-0.141414 1820.13 198.708
-0.151515 1823.47 213.457
-0.161616 1826.87 228.21
-0.171717 1830.6 242.99
-0.181818 1834.34 257.772
-0.191919 1838.14 272.566
-0.20202 1841.92 287.359
-0.212121 1845.59 302.153
-0.222222 1849.2 316.942
-0.232323 1852.59 331.721
-0.242424 1855.88 346.492
-0.252525 1858.89 361.243
-0.262626 1861.8 375.983
-0.272727 1864.39 390.693
-0.282828 1866.87 405.39
-0.292929 1869.04 420.05
-0.30303 1871.08 434.692
-0.313131 1872.84 449.292
-0.323232 1874.48 463.87
-0.333333 1875.87 478.402
-0.343434 1877.14 492.909
-0.353535 1878.19 507.365
-0.363636 1879.13 521.792
-0.373737 1879.89 536.167
-0.383838 1880.56 550.508
-0.393939 1881.07 564.795
-0.40404 1881.51 579.044
-0.414141 1881.84 593.237
-0.424242 1882.09 607.389
-0.434343 1882.26 621.483
-0.444444 1882.38 635.53
-0.454545 1882.43 649.519
-0.464646 1882.44 663.458
-0.474747 1882.4 677.336
-0.484848 1882.34 691.159
-0.494949 1882.25 704.921
-0.505051 1882.14 718.622
-0.515152 1882.01 732.262
-0.525253 1881.88 745.836
-0.535354 1881.74 759.347
-0.545455 1881.59 772.786
-0.555556 1881.45 786.162
-0.565657 1881.31 799.459
-0.575758 1881.17 812.694
-0.585859 1881.04 825.842
-0.59596 1880.92 838.927
-0.606061 1880.82 851.919
-0.616162 1880.73 864.848
-0.626263 1880.65 877.675
-0.636364 1880.59 890.44
-0.646465 1880.55 903.094
-0.656566 1880.52 915.687
-0.666667 1880.53 928.16
-0.676768 1880.54 940.572
-0.686869 1880.59 952.856
-0.69697 1880.66 965.079
-0.707071 1880.76 977.164
-0.717172 1880.88 989.189
-0.727273 1881.04 1001.07
-0.737374 1881.22 1012.89
-0.747475 1881.45 1024.55
-0.757576 1881.7 1036.15
-0.767677 1882 1047.59
-0.777778 1882.32 1058.97
-0.787879 1882.7 1070.17
-0.79798 1883.1 1081.32
-0.808081 1883.56 1092.28
-0.818182 1884.04 1103.19
-0.828283 1884.58 1113.9
-0.838384 1885.14 1124.56
-0.848485 1885.77 1135.01
-0.858586 1886.4 1145.42
-0.868687 1887.09 1155.61
-0.878788 1887.79 1165.77
-0.888889 1888.53 1175.69
-0.89899 1889.27 1185.58
-0.909091 1890.03 1195.22
-0.919192 1890.78 1204.85
-0.929293 1891.51 1214.23
-0.939394 1892.24 1223.58
-0.949495 1892.88 1232.7
-0.959596 1893.51 1241.79
-0.969697 1893.99 1250.67
-0.979798 1894.45 1259.53
-0.989899 1894.64 1268.17
-1 1894.82 1276.81
