0 -23460.1 -0.00240885
-0.010101 -23218.2 2.53237
-0.020202 -23201.2 5.0769
-0.030303 -23184.4 7.99069
-0.040404 -23167.7 10.9078
-0.0505051 -23151.9 13.9043
-0.0606061 -23136.3 16.9015
-0.0707071 -23122.2 19.9079
-0.0808081 -23108.2 22.9127
-0.0909091 -23095.9 25.8983
-0.10101 -23083.9 28.8809
-0.111111 -23073.6 31.8371
-0.121212 -23063.5 34.7897
-0.131313 -23055.1 37.716
-0.141414 -23047 40.6382
-0.151515 -23040.5 43.5355
-0.161616 -23034.2 46.4281
-0.171717 -23029.3 49.2961
-0.181818 -23024.7 52.1585
-0.191919 -23021.3 54.9959
-0.20202 -23018.1 57.8268
-0.212121 -23015.9 60.6321
-0.222222 -23013.9 63.4302
-0.232323 -23012.7 66.2028
-0.242424 -23011.7 68.9675
-0.252525 -23011.3 71.7075
-0.262626 -23011.1 74.4393
-0.272727 -23011.4 77.1479
-0.282828 -23011.8 79.8483
-0.292929 -23012.5 82.5275
-0.30303 -23013.4 85.1985
-0.313131 -23014.4 87.8506
-0.323232 -23015.6 90.4947
-0.333333 -23016.9 93.1221
-0.343434 -23018.3 95.7418
-0.353535 -23019.7 98.3467
-0.363636 -23021.2 100.944
-0.373737 -23022.7 103.529
-0.383838 -23024.3 106.106
-0.393939 -23025.9 108.672
-0.40404 -23027.4 111.23
-0.414141 -23029 113.778
-0.424242 -23030.5 116.318
-0.434343 -23032.1 118.849
-0.444444 -23033.6 121.373
-0.454545 -23035.1 123.887
-0.464646 -23036.6 126.393
-0.474747 -23038 128.891
-0.484848 -23039.4 131.38
-0.494949 -23040.9 133.86
-0.505051 -23042.3 136.332
-0.515152 -23043.6 138.795
-0.525253 -23045 141.248
-0.535354 -23046.4 143.692
-0.545455 -23047.7 146.125
-0.555556 -23049 148.55
-0.565657 -23050.4 150.963
-0.575758 -23051.7 153.367
-0.585859 -23053 155.757
-0.59596 -23054.4 158.138
-0.606061 -23055.7 160.505
-0.616162 -23057.1 162.862
-0.626263 -23058.5 165.203
-0.636364 -23059.8 167.534
-0.646465 -23061.2 169.847
-0.656566 -23062.6 172.149
-0.666667 -23064.1 174.432
-0.676768 -23065.5 176.704
-0.686869 -23067 178.953
-0.69697 -23068.5 181.191
-0.707071 -23070 183.404
-0.717172 -23071.5 185.607
-0.727273 -23073.1 187.78
-0.737374 -23074.6 189.943
-0.747475 -23076.2 192.074
-0.757576 -23077.8 194.193
-0.767677 -23079.4 196.277
-0.777778 -23081 198.35
-0.787879 -23082.6 200.383
-0.79798 -23084.2 202.404
-0.808081 -23085.8 204.382
-0.818182 -23087.4 206.348
-0.828283 -23089 208.266
-0.838384 -23090.5 210.173
-0.848485 -23092 212.026
-0.858586 -23093.5 213.87
-0.868687 -23094.9 215.656
-0.878788 -23096.3 217.432
-0.888889 -23097.6 219.146
-0.89899 -23098.9 220.851
-0.909091 -23100 222.49
-0.919192 -23101.1 224.122
-0.929293 -23102 225.685
-0.939394 -23102.9 227.241
-0.949495 -23103.6 228.726
-0.959596 -23104.2 230.207
-0.969697 -23104.6 231.615
-0.979798 -23105 233.02
-0.989899 -23105.2 234.405
-1 -23105.3 235.789
