0 19475.1 0.00201229
-0.010101 18590.2 -8.17142
-0.020202 18584.2 -16.3619
-0.030303 18575.8 -25.3004
-0.040404 18567.3 -34.2455
-0.0505051 18557.5 -43.3499
-0.0606061 18547.7 -52.4605
-0.0707071 18537.5 -61.6683
-0.0808081 18527.3 -70.8806
-0.0909091 18517.4 -80.1432
-0.10101 18507.5 -89.4084
-0.111111 18498.3 -98.6969
-0.121212 18489.3 -107.987
-0.131313 18481.1 -117.285
-0.141414 18473 -126.583
-0.151515 18466 -135.88
-0.161616 18459.2 -145.175
-0.171717 18453.4 -154.462
-0.181818 18447.7 -163.746
-0.191919 18443.1 -173.014
-0.20202 18438.7 -182.277
-0.212121 18435.1 -191.519
-0.222222 18431.8 -200.753
-0.232323 18429.2 -209.96
-0.242424 18426.8 -219.158
-0.252525 18425.1 -228.325
-0.262626 18423.6 -237.481
-0.272727 18422.6 -246.603
-0.282828 18421.8 -255.712
-0.292929 18421.4 -264.787
-0.30303 18421.1 -273.846
-0.313131 18421.2 -282.871
-0.323232 18421.4 -291.878
-0.333333 18421.9 -300.85
-0.343434 18422.4 -309.804
-0.353535 18423.1 -318.722
-0.363636 18424 -327.62
-0.373737 18424.9 -336.483
-0.383838 18425.9 -345.324
-0.393939 18426.9 -354.131
-0.40404 18428.1 -362.913
-0.414141 18429.2 -371.661
-0.424242 18430.4 -380.384
-0.434343 18431.6 -389.071
-0.444444 18432.8 -397.731
-0.454545 18434.1 -406.356
-0.464646 18435.3 -414.95
-0.474747 18436.5 -423.51
-0.484848 18437.8 -432.036
-0.494949 18439 -440.527
-0.505051 18440.2 -448.982
-0.515152 18441.4 -457.402
-0.525253 18442.6 -465.782
-0.535354 18443.8 -474.126
-0.545455 18445 -482.427
-0.555556 18446.2 -490.691
-0.565657 18447.4 -498.909
-0.575758 18448.6 -507.09
-0.585859 18449.8 -515.22
-0.59596 18451 -523.313
-0.606061 18452.1 -531.35
-0.616162 18453.3 -539.349
-0.626263 18454.5 -547.288
-0.636364 18455.7 -555.189
-0.646465 18456.9 -563.024
-0.656566 18458.1 -570.821
-0.666667 18459.3 -578.546
-0.676768 18460.5 -586.233
-0.686869 18461.7 -593.842
-0.69697 18462.9 -601.414
-0.707071 18464.1 -608.899
-0.717172 18465.3 -616.349
-0.727273 18466.6 -623.705
-0.737374 18467.8 -631.025
-0.747475 18469 -638.244
-0.757576 18470.2 -645.428
-0.767677 18471.4 -652.503
-0.777778 18472.6 -659.543
-0.787879 18473.8 -666.466
-0.79798 18474.9 -673.356
-0.808081 18476.1 -680.12
-0.818182 18477.2 -686.853
-0.828283 18478.2 -693.45
-0.838384 18479.3 -700.018
-0.848485 18480.3 -706.443
-0.858586 18481.2 -712.84
-0.868687 18482.1 -719.084
-0.878788 18482.9 -725.304
-0.888889 18483.6 -731.364
-0.89899 18484.4 -737.403
-0.909091 18484.9 -743.274
-0.919192 18485.5 -749.126
-0.929293 18485.9 -754.807
-0.939394 18486.4 -760.472
-0.949495 18486.6 -765.965
-0.959596 18486.9 -771.446
-0.969697 18487 -776.763
-0.979798 18487.1 -782.073
-0.989899 18487.2 -787.261
-1 18487.2 -792.446
