0 23388.7 0.00155129
-0.010101 23113.7 -2.82743
-0.020202 23097.1 -5.66578
-0.030303 23080.7 -8.8937
-0.040404 23064.3 -12.1251
-0.0505051 23048.8 -15.4401
-0.0606061 23033.3 -18.756
-0.0707071 23019.3 -22.0854
-0.0808081 23005.4 -25.4135
-0.0909091 22993.2 -28.7257
-0.10101 22981.2 -32.0352
-0.111111 22970.9 -35.3206
-0.121212 22960.8 -38.6027
-0.131313 22952.4 -41.8601
-0.141414 22944.3 -45.1137
-0.151515 22937.7 -48.3434
-0.161616 22931.4 -51.5685
-0.171717 22926.4 -54.7697
-0.181818 22921.7 -57.9655
-0.191919 22918.2 -61.1366
-0.20202 22914.9 -64.3012
-0.212121 22912.6 -67.4404
-0.222222 22910.6 -70.5723
-0.232323 22909.3 -73.6785
-0.242424 22908.3 -76.7768
-0.252525 22907.8 -79.85
-0.262626 22907.5 -82.9148
-0.272727 22907.7 -85.9558
-0.282828 22908.1 -88.9883
-0.292929 22908.7 -91.9989
-0.30303 22909.5 -95.001
-0.313131 22910.6 -97.9832
-0.323232 22911.7 -100.957
-0.333333 22913 -103.913
-0.343434 22914.3 -106.861
-0.353535 22915.7 -109.793
-0.363636 22917.2 -112.717
-0.373737 22918.7 -115.627
-0.383838 22920.2 -118.528
-0.393939 22921.8 -121.417
-0.40404 22923.3 -124.298
-0.414141 22924.9 -127.167
-0.424242 22926.4 -130.028
-0.434343 22927.9 -132.878
-0.444444 22929.4 -135.72
-0.454545 22930.9 -138.551
-0.464646 22932.4 -141.373
-0.474747 22933.9 -144.185
-0.484848 22935.3 -146.987
-0.494949 22936.7 -149.779
-0.505051 22938.1 -152.561
-0.515152 22939.5 -155.333
-0.525253 22940.8 -158.094
-0.535354 22942.2 -160.844
-0.545455 22943.5 -163.582
-0.555556 22944.9 -166.31
-0.565657 22946.2 -169.024
-0.575758 22947.6 -171.727
-0.585859 22948.9 -174.416
-0.59596 22950.2 -177.094
-0.606061 22951.6 -179.755
-0.616162 22952.9 -182.405
-0.626263 22954.3 -185.037
-0.636364 22955.7 -187.657
-0.646465 22957.1 -190.257
-0.656566 22958.5 -192.845
-0.666667 22959.9 -195.41
-0.676768 22961.3 -197.964
-0.686869 22962.8 -200.491
-0.69697 22964.3 -203.007
-0.707071 22965.8 -205.495
-0.717172 22967.3 -207.97
-0.727273 22968.8 -210.413
-0.737374 22970.4 -212.844
-0.747475 22972 -215.239
-0.757576 22973.5 -217.622
-0.767677 22975.1 -219.965
-0.777778 22976.7 -222.296
-0.787879 22978.3 -224.584
-0.79798 22979.9 -226.858
-0.808081 22981.5 -229.085
-0.818182 22983.1 -231.299
-0.828283 22984.6 -233.46
-0.838384 22986.2 -235.61
-0.848485 22987.7 -237.701
-0.858586 22989.1 -239.781
-0.868687 22990.5 -241.799
-0.878788 22991.9 -243.806
-0.888889 22993.2 -245.745
-0.89899 22994.4 -247.676
-0.909091 22995.5 -249.535
-0.919192 22996.6 -251.386
-0.929293 22997.5 -253.163
-0.939394 22998.3 -254.932
-0.949495 22999 -256.626
-0.959596 22999.7 -258.314
-0.969697 23000.1 -259.925
-0.979798 23000.4 -261.532
-0.989899 23000.6 -263.114
-1 23000.7 -264.695
