0 15320.8 0.00163177
-0.010101 16394.4 9.27633
-0.020202 16368.6 18.5607
-0.030303 16347.8 28.3982
-0.040404 16327.2 38.2406
-0.0505051 16311.1 48.1984
-0.0606061 16295.2 58.1661
-0.0707071 16283.2 68.2884
-0.0808081 16271.4 78.4221
-0.0909091 16262.9 88.687
-0.10101 16254.7 98.9629
-0.111111 16249.2 109.337
-0.121212 16243.9 119.721
-0.131313 16240.7 130.176
-0.141414 16237.7 140.639
-0.151515 16236.4 151.154
-0.161616 16235.2 161.676
-0.171717 16235.2 172.235
-0.181818 16235.4 182.8
-0.191919 16236.4 193.39
-0.20202 16237.5 203.985
-0.212121 16239.2 214.595
-0.222222 16241 225.208
-0.232323 16243 235.827
-0.242424 16245.2 246.445
-0.252525 16247.5 257.062
-0.262626 16249.8 267.675
-0.272727 16252.1 278.278
-0.282828 16254.4 288.874
-0.292929 16256.7 299.453
-0.30303 16259 310.023
-0.313131 16261.1 320.569
-0.323232 16263.2 331.103
-0.333333 16265.2 341.608
-0.343434 16267.2 352.096
-0.353535 16269 362.553
-0.363636 16270.7 372.989
-0.373737 16272.3 383.39
-0.383838 16273.9 393.767
-0.393939 16275.3 404.106
-0.40404 16276.7 414.418
-0.414141 16277.9 424.69
-0.424242 16279.1 434.931
-0.434343 16280.3 445.131
-0.444444 16281.3 455.296
-0.454545 16282.3 465.418
-0.464646 16283.3 475.503
-0.474747 16284.2 485.543
-0.484848 16285 495.542
-0.494949 16285.9 505.495
-0.505051 16286.7 515.403
-0.515152 16287.4 525.266
-0.525253 16288.2 535.078
-0.535354 16289 544.845
-0.545455 16289.7 554.557
-0.555556 16290.4 564.222
-0.565657 16291.2 573.829
-0.575758 16291.9 583.389
-0.585859 16292.6 592.885
-0.59596 16293.4 602.335
-0.606061 16294.2 611.715
-0.616162 16295 621.048
-0.626263 16295.8 630.307
-0.636364 16296.6 639.52
-0.646465 16297.5 648.652
-0.656566 16298.3 657.738
-0.666667 16299.2 666.737
-0.676768 16300.2 675.692
-0.686869 16301.2 684.553
-0.69697 16302.2 693.371
-0.707071 16303.2 702.088
-0.717172 16304.3 710.763
-0.727273 16305.4 719.332
-0.737374 16306.6 727.86
-0.747475 16307.8 736.274
-0.757576 16309 744.649
-0.767677 16310.3 752.905
-0.777778 16311.5 761.123
-0.787879 16312.9 769.214
-0.79798 16314.3 777.271
-0.808081 16315.7 785.195
-0.818182 16317.1 793.086
-0.828283 16318.5 800.839
-0.838384 16320 808.561
-0.848485 16321.5 816.139
-0.858586 16323 823.69
-0.868687 16324.4 831.091
-0.878788 16325.9 838.468
-0.888889 16327.4 845.69
-0.89899 16328.8 852.892
-0.909091 16330.1 859.934
-0.919192 16331.5 866.959
-0.929293 16332.7 873.823
-0.939394 16333.8 880.673
-0.949495 16334.8 887.364
-0.959596 16335.8 894.046
-0.969697 16336.4 900.585
-0.979798 16337.1 907.119
-0.989899 16337.3 913.479
-1 16337.6 919.836
