0 -10345.4 -0.00119592
-0.010101 -11634.8 -11.2731
-0.020202 -11610.6 -22.5587
-0.030303 -11592.1 -34.5819
-0.040404 -11573.7 -46.6116
-0.0505051 -11560.2 -58.796
-0.0606061 -11546.8 -70.9917
-0.0707071 -11537.4 -83.3656
-0.0808081 -11528.3 -95.7519
-0.0909091 -11522.4 -108.281
-0.10101 -11516.7 -120.822
-0.111111 -11513.5 -133.467
-0.121212 -11510.5 -146.121
-0.131313 -11509.4 -158.848
-0.141414 -11508.4 -171.584
-0.151515 -11508.8 -184.37
-0.161616 -11509.4 -197.163
-0.171717 -11510.9 -209.991
-0.181818 -11512.5 -222.824
-0.191919 -11514.6 -235.678
-0.20202 -11516.9 -248.536
-0.212121 -11519.4 -261.403
-0.222222 -11522 -274.271
-0.232323 -11524.7 -287.138
-0.242424 -11527.4 -300.003
-0.252525 -11530.1 -312.858
-0.262626 -11532.8 -325.706
-0.272727 -11535.4 -338.537
-0.282828 -11537.9 -351.357
-0.292929 -11540.3 -364.152
-0.30303 -11542.6 -376.933
-0.313131 -11544.7 -389.683
-0.323232 -11546.8 -402.415
-0.333333 -11548.6 -415.11
-0.343434 -11550.4 -427.785
-0.353535 -11552 -440.418
-0.363636 -11553.5 -453.026
-0.373737 -11554.9 -465.59
-0.383838 -11556.2 -478.126
-0.393939 -11557.4 -490.615
-0.40404 -11558.4 -503.071
-0.414141 -11559.4 -515.478
-0.424242 -11560.3 -527.848
-0.434343 -11561.1 -540.169
-0.444444 -11561.9 -552.448
-0.454545 -11562.6 -564.676
-0.464646 -11563.2 -576.858
-0.474747 -11563.8 -588.988
-0.484848 -11564.3 -601.068
-0.494949 -11564.9 -613.095
-0.505051 -11565.3 -625.067
-0.515152 -11565.8 -636.985
-0.525253 -11566.3 -648.844
-0.535354 -11566.7 -660.647
-0.545455 -11567.1 -672.386
-0.555556 -11567.6 -684.07
-0.565657 -11568 -695.683
-0.575758 -11568.4 -707.241
-0.585859 -11568.9 -718.722
-0.59596 -11569.3 -730.148
-0.606061 -11569.8 -741.49
-0.616162 -11570.3 -752.778
-0.626263 -11570.8 -763.975
-0.636364 -11571.3 -775.117
-0.646465 -11571.9 -786.162
-0.656566 -11572.5 -797.153
-0.666667 -11573.1 -808.039
-0.676768 -11573.7 -818.871
-0.686869 -11574.4 -829.591
-0.69697 -11575.1 -840.257
-0.707071 -11575.8 -850.804
-0.717172 -11576.6 -861.298
-0.727273 -11577.4 -871.664
-0.737374 -11578.2 -881.979
-0.747475 -11579.1 -892.157
-0.757576 -11580 -902.286
-0.767677 -11581 -912.27
-0.777778 -11581.9 -922.207
-0.787879 -11583 -931.99
-0.79798 -11584 -941.729
-0.808081 -11585.2 -951.306
-0.818182 -11586.3 -960.841
-0.828283 -11587.5 -970.205
-0.838384 -11588.7 -979.531
-0.848485 -11589.9 -988.678
-0.858586 -11591.1 -997.791
-0.868687 -11592.4 -1006.72
-0.878788 -11593.6 -1015.61
-0.888889 -11594.9 -1024.31
-0.89899 -11596.1 -1032.99
-0.909091 -11597.3 -1041.47
-0.919192 -11598.5 -1049.92
-0.929293 -11599.6 -1058.17
-0.939394 -11600.7 -1066.4
-0.949495 -11601.6 -1074.43
-0.959596 -11602.4 -1082.45
-0.969697 -11603.1 -1090.29
-0.979798 -11603.7 -1098.12
-0.989899 -11603.9 -1105.74
-1 -11604.1 -1113.37
