0 23427.4 0.00201476
-0.010101 23554.5 0.741662
-0.020202 23533 1.47676
-0.030303 23513.3 2.08107
-0.040404 23493.7 2.68416
-0.0505051 23476.3 3.25806
-0.0606061 23459 3.83443
-0.0707071 23444 4.44961
-0.0808081 23429.3 5.06955
-0.0909091 23416.9 5.74415
-0.10101 23404.7 6.42438
-0.111111 23394.8 7.15527
-0.121212 23385.1 7.89193
-0.131313 23377.5 8.67094
-0.141414 23370.1 9.45571
-0.151515 23364.4 10.2759
-0.161616 23359 11.1019
-0.171717 23355.1 11.9589
-0.181818 23351.5 12.8219
-0.191919 23349 13.7129
-0.20202 23346.8 14.6101
-0.212121 23345.5 15.5327
-0.222222 23344.4 16.4616
-0.232323 23344.1 17.413
-0.242424 23343.9 18.3705
-0.252525 23344.3 19.3472
-0.262626 23344.8 20.3294
-0.272727 23345.7 21.3273
-0.282828 23346.8 22.3297
-0.292929 23348 23.3441
-0.30303 23349.4 24.3621
-0.313131 23350.9 25.3883
-0.323232 23352.5 26.417
-0.333333 23354.1 27.4507
-0.343434 23355.8 28.4856
-0.353535 23357.5 29.5226
-0.363636 23359.2 30.5596
-0.373737 23360.9 31.5965
-0.383838 23362.6 32.632
-0.393939 23364.3 33.6655
-0.40404 23366 34.6967
-0.414141 23367.6 35.7243
-0.424242 23369.2 36.7485
-0.434343 23370.8 37.7681
-0.444444 23372.3 38.7834
-0.454545 23373.8 39.7932
-0.464646 23375.3 40.7979
-0.474747 23376.7 41.7966
-0.484848 23378.1 42.7894
-0.494949 23379.5 43.7758
-0.505051 23380.9 44.7556
-0.515152 23382.2 45.7288
-0.525253 23383.5 46.6949
-0.535354 23384.9 47.6543
-0.545455 23386.2 48.6059
-0.555556 23387.5 49.5508
-0.565657 23388.7 50.4875
-0.575758 23390 51.4177
-0.585859 23391.3 52.3391
-0.59596 23392.6 53.2541
-0.606061 23394 54.16
-0.616162 23395.3 55.0598
-0.626263 23396.6 55.9501
-0.636364 23398 56.8346
-0.646465 23399.4 57.7095
-0.656566 23400.7 58.5788
-0.666667 23402.2 59.4384
-0.676768 23403.6 60.293
-0.686869 23405.1 61.1379
-0.69697 23406.6 61.9782
-0.707071 23408.1 62.809
-0.717172 23409.6 63.6358
-0.727273 23411.2 64.4537
-0.737374 23412.8 65.2682
-0.747475 23414.5 66.0744
-0.757576 23416.1 66.8778
-0.767677 23417.8 67.6741
-0.777778 23419.4 68.4682
-0.787879 23421.1 69.2565
-0.79798 23422.8 70.0432
-0.808081 23424.5 70.8257
-0.818182 23426.2 71.6072
-0.828283 23427.9 72.3864
-0.838384 23429.6 73.1651
-0.848485 23431.3 73.9435
-0.858586 23432.9 74.7218
-0.868687 23434.5 75.5019
-0.878788 23436 76.2822
-0.888889 23437.5 77.0662
-0.89899 23439 77.8508
-0.909091 23440.3 78.641
-0.919192 23441.5 79.4318
-0.929293 23442.6 80.23
-0.939394 23443.7 81.0289
-0.949495 23444.5 81.8378
-0.959596 23445.3 82.6472
-0.969697 23445.9 83.4722
-0.979798 23446.4 84.2979
-0.989899 23446.6 85.0886
-1 23446.8 85.8785
