0 4438.8 0.000609297
-0.010101 2986.54 -12.9458
-0.020202 3000.36 -25.9129
-0.030303 3008.67 -39.8734
-0.040404 3016.8 -53.8432
-0.0505051 3020.75 -68.036
-0.0606061 3024.51 -82.2415
-0.0707071 3025.21 -96.6455
-0.0808081 3025.73 -111.062
-0.0909091 3024.13 -125.62
-0.10101 3022.38 -140.188
-0.111111 3019.25 -154.85
-0.121212 3016.01 -169.521
-0.131313 3011.98 -184.251
-0.141414 3007.88 -198.987
-0.151515 3003.43 -213.761
-0.161616 2998.96 -228.538
-0.171717 2994.43 -243.334
-0.181818 2989.93 -258.132
-0.191919 2985.59 -272.936
-0.20202 2981.32 -287.737
-0.212121 2977.33 -302.533
-0.222222 2973.44 -317.324
-0.232323 2969.9 -332.098
-0.242424 2966.49 -346.863
-0.252525 2963.45 -361.603
-0.262626 2960.55 -376.331
-0.272727 2958.02 -391.026
-0.282828 2955.62 -405.705
-0.292929 2953.58 -420.345
-0.30303 2951.67 -434.966
-0.313131 2950.08 -449.542
-0.323232 2948.61 -464.095
-0.333333 2947.42 -478.6
-0.343434 2946.35 -493.078
-0.353535 2945.5 -507.505
-0.363636 2944.77 -521.901
-0.373737 2944.22 -536.243
-0.383838 2943.76 -550.551
-0.393939 2943.45 -564.802
-0.40404 2943.22 -579.016
-0.414141 2943.11 -593.172
-0.424242 2943.06 -607.285
-0.434343 2943.09 -621.339
-0.444444 2943.18 -635.346
-0.454545 2943.34 -649.294
-0.464646 2943.53 -663.189
-0.474747 2943.77 -677.024
-0.484848 2944.04 -690.802
-0.494949 2944.34 -704.518
-0.505051 2944.66 -718.173
-0.515152 2945 -731.765
-0.525253 2945.36 -745.289
-0.535354 2945.72 -758.75
-0.545455 2946.09 -772.138
-0.555556 2946.47 -785.462
-0.565657 2946.84 -798.706
-0.575758 2947.22 -811.886
-0.585859 2947.59 -824.979
-0.59596 2947.96 -838.008
-0.606061 2948.33 -850.942
-0.616162 2948.68 -863.812
-0.626263 2949.03 -876.579
-0.636364 2949.37 -889.283
-0.646465 2949.69 -901.875
-0.656566 2950 -914.404
-0.666667 2950.3 -926.812
-0.676768 2950.58 -939.158
-0.686869 2950.84 -951.374
-0.69697 2951.09 -963.528
-0.707071 2951.3 -975.542
-0.717172 2951.5 -987.496
-0.727273 2951.67 -999.299
-0.737374 2951.82 -1011.04
-0.747475 2951.93 -1022.63
-0.757576 2952.02 -1034.15
-0.767677 2952.07 -1045.51
-0.777778 2952.09 -1056.81
-0.787879 2952.06 -1067.92
-0.79798 2952.01 -1078.99
-0.808081 2951.89 -1089.85
-0.818182 2951.76 -1100.67
-0.828283 2951.56 -1111.29
-0.838384 2951.34 -1121.86
-0.848485 2951.05 -1132.21
-0.858586 2950.75 -1142.52
-0.868687 2950.37 -1152.6
-0.878788 2949.98 -1162.64
-0.888889 2949.54 -1172.45
-0.89899 2949.08 -1182.23
-0.909091 2948.58 -1191.76
-0.919192 2948.07 -1201.26
-0.929293 2947.56 -1210.51
-0.939394 2947.04 -1219.74
-0.949495 2946.57 -1228.72
-0.959596 2946.09 -1237.69
-0.969697 2945.72 -1246.42
-0.979798 2945.35 -1255.14
-0.989899 2945.21 -1263.65
-1 2945.06 -1272.16
