0 19633.3 0.00168035
-0.010101 20394.6 6.43262
-0.020202 20368.8 12.8683
-0.030303 20347.1 19.6167
-0.040404 20325.5 26.3678
-0.0505051 20307.8 33.1835
-0.0606061 20290.2 40.0067
-0.0707071 20276.2 46.9479
-0.0808081 20262.5 53.8986
-0.0909091 20251.9 60.9582
-0.10101 20241.5 68.0272
-0.111111 20233.8 75.1818
-0.121212 20226.4 82.3451
-0.131313 20221.1 89.5726
-0.141414 20216.2 96.8079
-0.151515 20213 104.092
-0.161616 20210 111.383
-0.171717 20208.5 118.71
-0.181818 20207.1 126.045
-0.191919 20206.8 133.407
-0.20202 20206.6 140.775
-0.212121 20207.2 148.163
-0.222222 20207.9 155.556
-0.232323 20209.2 162.962
-0.242424 20210.5 170.37
-0.252525 20212.2 177.784
-0.262626 20213.9 185.198
-0.272727 20215.8 192.612
-0.282828 20217.8 200.024
-0.292929 20219.8 207.429
-0.30303 20221.8 214.829
-0.313131 20223.9 222.217
-0.323232 20225.9 229.598
-0.333333 20227.9 236.961
-0.343434 20229.8 244.315
-0.353535 20231.7 251.648
-0.363636 20233.6 258.967
-0.373737 20235.3 266.263
-0.383838 20237.1 273.543
-0.393939 20238.7 280.797
-0.40404 20240.3 288.033
-0.414141 20241.8 295.24
-0.424242 20243.2 302.425
-0.434343 20244.6 309.581
-0.444444 20245.9 316.713
-0.454545 20247.2 323.814
-0.464646 20248.4 330.888
-0.474747 20249.6 337.93
-0.484848 20250.7 344.942
-0.494949 20251.9 351.923
-0.505051 20252.9 358.87
-0.515152 20254 365.784
-0.525253 20255 372.663
-0.535354 20256.1 379.508
-0.545455 20257.1 386.314
-0.555556 20258.1 393.087
-0.565657 20259.1 399.817
-0.575758 20260.1 406.514
-0.585859 20261.1 413.166
-0.59596 20262.1 419.783
-0.606061 20263.2 426.352
-0.616162 20264.2 432.887
-0.626263 20265.3 439.368
-0.636364 20266.4 445.817
-0.646465 20267.6 452.209
-0.656566 20268.7 458.568
-0.666667 20269.9 464.866
-0.676768 20271.1 471.132
-0.686869 20272.3 477.332
-0.69697 20273.6 483.502
-0.707071 20274.9 489.602
-0.717172 20276.3 495.672
-0.727273 20277.6 501.668
-0.737374 20279 507.636
-0.747475 20280.5 513.525
-0.757576 20282 519.387
-0.767677 20283.5 525.168
-0.777778 20285 530.922
-0.787879 20286.6 536.591
-0.79798 20288.2 542.236
-0.808081 20289.8 547.792
-0.818182 20291.4 553.325
-0.828283 20293.1 558.766
-0.838384 20294.7 564.187
-0.848485 20296.4 569.512
-0.858586 20298 574.819
-0.868687 20299.7 580.028
-0.878788 20301.3 585.221
-0.888889 20302.8 590.314
-0.89899 20304.3 595.392
-0.909091 20305.8 600.368
-0.919192 20307.2 605.333
-0.929293 20308.4 610.194
-0.939394 20309.6 615.046
-0.949495 20310.6 619.797
-0.959596 20311.5 624.543
-0.969697 20312.2 629.2
-0.979798 20312.8 633.854
-0.989899 20313.1 638.379
-1 20313.3 642.902
