0 -17999.6 -0.00200959
-0.010101 -18899.4 -7.68084
-0.020202 -18873.4 -15.3663
-0.030303 -18851.8 -23.4728
-0.040404 -18830.4 -31.5831
-0.0505051 -18813.1 -39.7851
-0.0606061 -18796.1 -47.996
-0.0707071 -18782.8 -56.346
-0.0808081 -18769.7 -64.7067
-0.0909091 -18759.9 -73.1907
-0.10101 -18750.3 -81.6853
-0.111111 -18743.4 -90.2749
-0.121212 -18736.8 -98.8741
-0.131313 -18732.3 -107.544
-0.141414 -18728.1 -116.222
-0.151515 -18725.6 -124.952
-0.161616 -18723.4 -133.69
-0.171717 -18722.4 -142.467
-0.181818 -18721.7 -151.25
-0.191919 -18721.9 -160.061
-0.20202 -18722.3 -168.878
-0.212121 -18723.3 -177.714
-0.222222 -18724.5 -186.553
-0.232323 -18726 -195.403
-0.242424 -18727.7 -204.255
-0.252525 -18729.7 -213.109
-0.262626 -18731.6 -221.961
-0.272727 -18733.7 -230.81
-0.282828 -18735.9 -239.654
-0.292929 -18738 -248.487
-0.30303 -18740.2 -257.312
-0.313131 -18742.3 -266.121
-0.323232 -18744.3 -274.919
-0.333333 -18746.4 -283.696
-0.343434 -18748.3 -292.459
-0.353535 -18750.2 -301.196
-0.363636 -18752 -309.917
-0.373737 -18753.8 -318.608
-0.383838 -18755.4 -327.281
-0.393939 -18757 -335.921
-0.40404 -18758.5 -344.539
-0.414141 -18760 -353.122
-0.424242 -18761.3 -361.681
-0.434343 -18762.6 -370.203
-0.444444 -18763.9 -378.697
-0.454545 -18765.1 -387.154
-0.464646 -18766.2 -395.579
-0.474747 -18767.3 -403.966
-0.484848 -18768.3 -412.317
-0.494949 -18769.4 -420.63
-0.505051 -18770.4 -428.904
-0.515152 -18771.3 -437.139
-0.525253 -18772.3 -445.331
-0.535354 -18773.2 -453.484
-0.545455 -18774.2 -461.59
-0.555556 -18775.1 -469.657
-0.565657 -18776 -477.673
-0.575758 -18776.9 -485.649
-0.585859 -18777.9 -493.571
-0.59596 -18778.8 -501.453
-0.606061 -18779.8 -509.275
-0.616162 -18780.8 -517.058
-0.626263 -18781.8 -524.777
-0.636364 -18782.8 -532.457
-0.646465 -18783.8 -540.068
-0.656566 -18784.9 -547.64
-0.666667 -18786 -555.138
-0.676768 -18787.1 -562.599
-0.686869 -18788.3 -569.981
-0.69697 -18789.5 -577.325
-0.707071 -18790.7 -584.586
-0.717172 -18792 -591.81
-0.727273 -18793.3 -598.945
-0.737374 -18794.6 -606.046
-0.747475 -18796 -613.052
-0.757576 -18797.4 -620.025
-0.767677 -18798.8 -626.898
-0.777778 -18800.3 -633.74
-0.787879 -18801.8 -640.477
-0.79798 -18803.3 -647.185
-0.808081 -18804.9 -653.784
-0.818182 -18806.5 -660.356
-0.828283 -18808.1 -666.814
-0.838384 -18809.7 -673.247
-0.848485 -18811.3 -679.563
-0.858586 -18812.9 -685.855
-0.868687 -18814.4 -692.027
-0.878788 -18816 -698.178
-0.888889 -18817.5 -704.205
-0.89899 -18819.1 -710.214
-0.909091 -18820.5 -716.096
-0.919192 -18821.9 -721.963
-0.929293 -18823.1 -727.702
-0.939394 -18824.3 -733.429
-0.949495 -18825.3 -739.029
-0.959596 -18826.3 -744.622
-0.969697 -18826.9 -750.103
-0.979798 -18827.6 -755.579
-0.989899 -18827.8 -760.909
-1 -18828.1 -766.235
