0 -6295.88 -0.000754663
-0.010101 -7691.55 -12.2813
-0.020202 -7669.55 -24.5782
-0.030303 -7653.37 -37.7182
-0.040404 -7637.39 -50.8657
-0.0505051 -7626.21 -64.1907
-0.0606061 -7615.28 -77.5277
-0.0707071 -7608.19 -91.0532
-0.0808081 -7601.36 -104.591
-0.0909091 -7597.51 -118.276
-0.10101 -7593.9 -131.972
-0.111111 -7592.51 -145.771
-0.121212 -7591.34 -159.581
-0.131313 -7591.76 -173.461
-0.141414 -7592.36 -187.35
-0.151515 -7594.03 -201.287
-0.161616 -7595.84 -215.23
-0.171717 -7598.32 -229.206
-0.181818 -7600.88 -243.185
-0.191919 -7603.8 -257.182
-0.20202 -7606.76 -271.181
-0.212121 -7609.85 -285.187
-0.222222 -7612.94 -299.19
-0.232323 -7616 -313.189
-0.242424 -7619.03 -327.184
-0.252525 -7621.93 -341.163
-0.262626 -7624.76 -355.135
-0.272727 -7627.4 -369.083
-0.282828 -7629.96 -383.019
-0.292929 -7632.3 -396.924
-0.30303 -7634.55 -410.814
-0.313131 -7636.57 -424.667
-0.323232 -7638.49 -438.5
-0.333333 -7640.19 -452.292
-0.343434 -7641.79 -466.06
-0.353535 -7643.2 -479.782
-0.363636 -7644.51 -493.477
-0.373737 -7645.65 -507.123
-0.383838 -7646.7 -520.738
-0.393939 -7647.61 -534.301
-0.40404 -7648.43 -547.829
-0.414141 -7649.14 -561.304
-0.424242 -7649.79 -574.74
-0.434343 -7650.34 -588.12
-0.444444 -7650.83 -601.457
-0.454545 -7651.26 -614.737
-0.464646 -7651.64 -627.969
-0.474747 -7651.97 -641.144
-0.484848 -7652.27 -654.266
-0.494949 -7652.53 -667.33
-0.505051 -7652.77 -680.335
-0.515152 -7652.99 -693.282
-0.525253 -7653.2 -706.164
-0.535354 -7653.4 -718.988
-0.545455 -7653.59 -731.741
-0.555556 -7653.78 -744.435
-0.565657 -7653.97 -757.053
-0.575758 -7654.17 -769.612
-0.585859 -7654.38 -782.087
-0.59596 -7654.6 -794.503
-0.606061 -7654.83 -806.829
-0.616162 -7655.08 -819.095
-0.626263 -7655.35 -831.264
-0.636364 -7655.63 -843.374
-0.646465 -7655.94 -855.378
-0.656566 -7656.27 -867.323
-0.666667 -7656.63 -879.155
-0.676768 -7657.01 -890.928
-0.686869 -7657.43 -902.58
-0.69697 -7657.86 -914.174
-0.707071 -7658.34 -925.636
-0.717172 -7658.84 -937.043
-0.727273 -7659.39 -948.309
-0.737374 -7659.96 -959.521
-0.747475 -7660.59 -970.583
-0.757576 -7661.23 -981.591
-0.767677 -7661.93 -992.441
-0.777778 -7662.65 -1003.24
-0.787879 -7663.43 -1013.87
-0.79798 -7664.23 -1024.45
-0.808081 -7665.09 -1034.85
-0.818182 -7665.97 -1045.21
-0.828283 -7666.9 -1055.38
-0.838384 -7667.85 -1065.51
-0.848485 -7668.84 -1075.44
-0.858586 -7669.85 -1085.33
-0.868687 -7670.89 -1095.01
-0.878788 -7671.93 -1104.67
-0.888889 -7672.99 -1114.1
-0.89899 -7674.04 -1123.51
-0.909091 -7675.07 -1132.7
-0.919192 -7676.1 -1141.86
-0.929293 -7677.06 -1150.79
-0.939394 -7678 -1159.71
-0.949495 -7678.81 -1168.4
-0.959596 -7679.61 -1177.08
-0.969697 -7680.18 -1185.55
-0.979798 -7680.75 -1194.02
-0.989899 -7680.96 -1202.26
-1 -7681.18 -1210.51
