0 -19929.7 -0.00170397
-0.010101 -20662 -6.16998
-0.020202 -20636.4 -12.3426
-0.030303 -20614.6 -18.8065
-0.040404 -20593 -25.273
-0.0505051 -20575.2 -31.7996
-0.0606061 -20557.6 -38.3335
-0.0707071 -20543.5 -44.982
-0.0808081 -20529.6 -51.6398
-0.0909091 -20518.8 -58.4044
-0.10101 -20508.3 -65.1783
-0.111111 -20500.5 -72.0364
-0.121212 -20492.9 -78.9032
-0.131313 -20487.5 -85.8334
-0.141414 -20482.4 -92.7715
-0.151515 -20479.1 -99.7576
-0.161616 -20476 -106.751
-0.171717 -20474.3 -113.781
-0.181818 -20472.8 -120.818
-0.191919 -20472.3 -127.883
-0.20202 -20472.1 -134.953
-0.212121 -20472.6 -142.045
-0.222222 -20473.2 -149.14
-0.232323 -20474.4 -156.25
-0.242424 -20475.6 -163.362
-0.252525 -20477.3 -170.481
-0.262626 -20478.9 -177.6
-0.272727 -20480.8 -184.72
-0.282828 -20482.7 -191.838
-0.292929 -20484.7 -198.951
-0.30303 -20486.7 -206.059
-0.313131 -20488.7 -213.156
-0.323232 -20490.8 -220.246
-0.333333 -20492.7 -227.32
-0.343434 -20494.7 -234.384
-0.353535 -20496.6 -241.429
-0.363636 -20498.4 -248.462
-0.373737 -20500.2 -255.472
-0.383838 -20501.9 -262.466
-0.393939 -20503.6 -269.436
-0.40404 -20505.2 -276.388
-0.414141 -20506.7 -283.313
-0.424242 -20508.1 -290.217
-0.434343 -20509.5 -297.093
-0.444444 -20510.9 -303.945
-0.454545 -20512.2 -310.768
-0.464646 -20513.4 -317.565
-0.474747 -20514.6 -324.331
-0.484848 -20515.8 -331.068
-0.494949 -20516.9 -337.775
-0.505051 -20518 -344.45
-0.515152 -20519.1 -351.093
-0.525253 -20520.1 -357.701
-0.535354 -20521.2 -364.278
-0.545455 -20522.2 -370.817
-0.555556 -20523.2 -377.324
-0.565657 -20524.3 -383.79
-0.575758 -20525.3 -390.224
-0.585859 -20526.3 -396.614
-0.59596 -20527.4 -402.971
-0.606061 -20528.5 -409.281
-0.616162 -20529.5 -415.559
-0.626263 -20530.6 -421.786
-0.636364 -20531.7 -427.981
-0.646465 -20532.9 -434.121
-0.656566 -20534.1 -440.23
-0.666667 -20535.3 -446.279
-0.676768 -20536.5 -452.299
-0.686869 -20537.7 -458.255
-0.69697 -20539 -464.182
-0.707071 -20540.4 -470.042
-0.717172 -20541.7 -475.873
-0.727273 -20543.1 -481.633
-0.737374 -20544.5 -487.365
-0.747475 -20546 -493.023
-0.757576 -20547.5 -498.655
-0.767677 -20549 -504.209
-0.777778 -20550.6 -509.737
-0.787879 -20552.2 -515.184
-0.79798 -20553.8 -520.608
-0.808081 -20555.4 -525.946
-0.818182 -20557 -531.264
-0.828283 -20558.7 -536.493
-0.838384 -20560.4 -541.702
-0.848485 -20562 -546.821
-0.858586 -20563.7 -551.923
-0.868687 -20565.3 -556.931
-0.878788 -20566.9 -561.924
-0.888889 -20568.5 -566.821
-0.89899 -20570 -571.704
-0.909091 -20571.4 -576.491
-0.919192 -20572.8 -581.267
-0.929293 -20574.1 -585.944
-0.939394 -20575.3 -590.613
-0.949495 -20576.2 -595.187
-0.959596 -20577.2 -599.754
-0.969697 -20577.9 -604.239
-0.979798 -20578.5 -608.721
-0.989899 -20578.7 -613.078
-1 -20579 -617.431
