0 -14684.5 -0.00173631
-0.010101 -13494.7 10.7996
-0.020202 -13496.5 21.6208
-0.030303 -13494.3 33.343
-0.040404 -13492 45.0732
-0.0505051 -13487.1 56.9942
-0.0606061 -13482.1 68.9243
-0.0707071 -13475.6 80.9956
-0.0808081 -13469 93.0746
-0.0909091 -13461.7 105.242
-0.10101 -13454.4 117.415
-0.111111 -13447 129.639
-0.121212 -13439.6 141.868
-0.131313 -13432.5 154.125
-0.141414 -13425.4 166.385
-0.151515 -13418.9 178.659
-0.161616 -13412.5 190.934
-0.171717 -13406.7 203.211
-0.181818 -13401.2 215.486
-0.191919 -13396.3 227.753
-0.20202 -13391.6 240.016
-0.212121 -13387.6 252.263
-0.222222 -13383.7 264.503
-0.232323 -13380.6 276.718
-0.242424 -13377.6 288.923
-0.252525 -13375.3 301.098
-0.262626 -13373.1 313.26
-0.272727 -13371.4 325.386
-0.282828 -13369.9 337.498
-0.292929 -13368.8 349.57
-0.30303 -13367.9 361.624
-0.313131 -13367.4 373.636
-0.323232 -13366.9 385.628
-0.333333 -13366.8 397.576
-0.343434 -13366.8 409.502
-0.353535 -13367 421.383
-0.363636 -13367.2 433.238
-0.373737 -13367.7 445.048
-0.383838 -13368.2 456.829
-0.393939 -13368.8 468.565
-0.40404 -13369.5 480.27
-0.414141 -13370.3 491.928
-0.424242 -13371.1 503.552
-0.434343 -13372 515.129
-0.444444 -13372.9 526.669
-0.454545 -13373.8 538.161
-0.464646 -13374.7 549.613
-0.474747 -13375.7 561.017
-0.484848 -13376.6 572.376
-0.494949 -13377.6 583.687
-0.505051 -13378.6 594.948
-0.515152 -13379.5 606.161
-0.525253 -13380.5 617.321
-0.535354 -13381.5 628.431
-0.545455 -13382.4 639.483
-0.555556 -13383.4 650.486
-0.565657 -13384.3 661.425
-0.575758 -13385.3 672.313
-0.585859 -13386.2 683.133
-0.59596 -13387.2 693.902
-0.606061 -13388.1 704.595
-0.616162 -13389 715.238
-0.626263 -13390 725.799
-0.636364 -13390.9 736.309
-0.646465 -13391.8 746.73
-0.656566 -13392.7 757.1
-0.666667 -13393.6 767.374
-0.676768 -13394.5 777.597
-0.686869 -13395.4 787.715
-0.69697 -13396.3 797.783
-0.707071 -13397.2 807.738
-0.717172 -13398.1 817.644
-0.727273 -13399 827.426
-0.737374 -13399.9 837.161
-0.747475 -13400.7 846.763
-0.757576 -13401.5 856.318
-0.767677 -13402.4 865.731
-0.777778 -13403.2 875.099
-0.787879 -13403.9 884.313
-0.79798 -13404.7 893.485
-0.808081 -13405.4 902.493
-0.818182 -13406 911.46
-0.828283 -13406.6 920.254
-0.838384 -13407.2 929.009
-0.848485 -13407.8 937.58
-0.858586 -13408.3 946.116
-0.868687 -13408.7 954.458
-0.878788 -13409.1 962.768
-0.888889 -13409.4 970.874
-0.89899 -13409.7 978.953
-0.909091 -13409.8 986.82
-0.919192 -13410 994.663
-0.929293 -13410.1 1002.29
-0.939394 -13410.1 1009.9
-0.949495 -13410.1 1017.29
-0.959596 -13410.1 1024.66
-0.969697 -13410 1031.83
-0.979798 -13409.9 1039
-0.989899 -13409.9 1045.99
-1 -13409.9 1052.98
