0 23613 0.00119756
-0.010101 23605.6 -0.457436
-0.020202 23585.6 -0.921639
-0.030303 23566.9 -1.60462
-0.040404 23548.2 -2.28958
-0.0505051 23531.2 -3.02208
-0.0606061 23514.4 -3.7532
-0.0707071 23499.6 -4.4627
-0.0808081 23485.1 -5.16854
-0.0909091 23472.6 -5.83227
-0.10101 23460.4 -6.49132
-0.111111 23450.3 -7.10819
-0.121212 23440.4 -7.72005
-0.131313 23432.4 -8.29518
-0.141414 23424.7 -8.86512
-0.151515 23418.7 -9.40323
-0.161616 23412.9 -9.93586
-0.171717 23408.6 -10.4397
-0.181818 23404.6 -10.9376
-0.191919 23401.7 -11.4084
-0.20202 23399.2 -11.8728
-0.212121 23397.5 -12.3116
-0.222222 23396.1 -12.7437
-0.232323 23395.5 -13.1521
-0.242424 23395 -13.5537
-0.252525 23395.1 -13.9339
-0.262626 23395.4 -14.3075
-0.272727 23396 -14.6627
-0.282828 23396.8 -15.0119
-0.292929 23397.9 -15.3457
-0.30303 23399.1 -15.6742
-0.313131 23400.4 -15.9905
-0.323232 23401.9 -16.3023
-0.333333 23403.4 -16.6047
-0.343434 23405 -16.9036
-0.353535 23406.6 -17.1957
-0.363636 23408.2 -17.4851
-0.373737 23409.9 -17.7698
-0.383838 23411.6 -18.0527
-0.393939 23413.2 -18.3326
-0.40404 23414.9 -18.6114
-0.414141 23416.5 -18.8886
-0.424242 23418.1 -19.1654
-0.434343 23419.6 -19.4415
-0.444444 23421.2 -19.7176
-0.454545 23422.7 -19.9939
-0.464646 23424.2 -20.2706
-0.474747 23425.6 -20.5479
-0.484848 23427.1 -20.8259
-0.494949 23428.5 -21.1048
-0.505051 23429.9 -21.3847
-0.515152 23431.2 -21.6656
-0.525253 23432.6 -21.9475
-0.535354 23433.9 -22.2305
-0.545455 23435.2 -22.5145
-0.555556 23436.6 -22.7995
-0.565657 23437.9 -23.0855
-0.575758 23439.2 -23.3723
-0.585859 23440.5 -23.66
-0.59596 23441.8 -23.9482
-0.606061 23443.2 -24.237
-0.616162 23444.5 -24.5261
-0.626263 23445.9 -24.8154
-0.636364 23447.3 -25.1048
-0.646465 23448.7 -25.3937
-0.656566 23450.1 -25.6824
-0.666667 23451.5 -25.9699
-0.676768 23453 -26.2568
-0.686869 23454.4 -26.5417
-0.69697 23455.9 -26.8255
-0.707071 23457.5 -27.106
-0.717172 23459 -27.3852
-0.727273 23460.6 -27.6596
-0.737374 23462.2 -27.9321
-0.747475 23463.8 -28.1982
-0.757576 23465.4 -28.462
-0.767677 23467.1 -28.7172
-0.777778 23468.8 -28.9697
-0.787879 23470.4 -29.2114
-0.79798 23472.1 -29.4499
-0.808081 23473.8 -29.675
-0.818182 23475.5 -29.8966
-0.828283 23477.1 -30.1018
-0.838384 23478.8 -30.3035
-0.848485 23480.4 -30.4858
-0.858586 23482 -30.6643
-0.868687 23483.5 -30.8206
-0.878788 23485 -30.9732
-0.888889 23486.4 -31.1005
-0.89899 23487.8 -31.2245
-0.909091 23489.1 -31.3205
-0.919192 23490.3 -31.4135
-0.929293 23491.3 -31.4762
-0.939394 23492.3 -31.5363
-0.949495 23493.1 -31.5639
-0.959596 23493.9 -31.5894
-0.969697 23494.4 -31.5784
-0.979798 23494.9 -31.5659
-0.989899 23495 -31.5681
-1 23495.2 -31.5705
