0 23260.5 0.00191256
-0.010101 23454.5 1.33777
-0.020202 23432.5 2.67008
-0.030303 23412.4 3.91632
-0.040404 23392.3 5.16173
-0.0505051 23374.7 6.38743
-0.0606061 23357.2 7.61614
-0.0707071 23342.2 8.89227
-0.0808081 23327.4 10.1737
-0.0909091 23315.1 11.516
-0.10101 23303 12.8643
-0.111111 23293.2 14.2674
-0.121212 23283.7 15.6767
-0.131313 23276.2 17.131
-0.141414 23269 18.5913
-0.151515 23263.5 20.0888
-0.161616 23258.3 21.5923
-0.171717 23254.6 23.1277
-0.181818 23251.2 24.6692
-0.191919 23248.9 26.239
-0.20202 23246.9 27.815
-0.212121 23245.8 29.4162
-0.222222 23244.9 31.0234
-0.232323 23244.7 32.6525
-0.242424 23244.7 34.2873
-0.252525 23245.2 35.9402
-0.262626 23245.9 37.5981
-0.272727 23246.9 39.2701
-0.282828 23248 40.946
-0.292929 23249.4 42.6321
-0.30303 23250.8 44.321
-0.313131 23252.4 46.0161
-0.323232 23254 47.7126
-0.333333 23255.7 49.4119
-0.343434 23257.4 51.1113
-0.353535 23259.2 52.8105
-0.363636 23260.9 54.5082
-0.373737 23262.7 56.2034
-0.383838 23264.4 57.8958
-0.393939 23266.1 59.5837
-0.40404 23267.8 61.2674
-0.414141 23269.4 62.9451
-0.424242 23271 64.6174
-0.434343 23272.6 66.2825
-0.444444 23274.1 67.9412
-0.454545 23275.6 69.5918
-0.464646 23277 71.2349
-0.474747 23278.5 72.8692
-0.484848 23279.9 74.4952
-0.494949 23281.2 76.112
-0.505051 23282.6 77.7195
-0.515152 23283.9 79.3176
-0.525253 23285.2 80.9054
-0.535354 23286.5 82.4838
-0.545455 23287.8 84.0511
-0.555556 23289.1 85.609
-0.565657 23290.3 87.1549
-0.575758 23291.6 88.6915
-0.585859 23292.9 90.2154
-0.59596 23294.2 91.7301
-0.606061 23295.5 93.2313
-0.616162 23296.8 94.7237
-0.626263 23298.1 96.2018
-0.636364 23299.5 97.6714
-0.646465 23300.8 99.1262
-0.656566 23302.2 100.573
-0.666667 23303.6 102.004
-0.676768 23305.1 103.428
-0.686869 23306.5 104.835
-0.69697 23308 106.236
-0.707071 23309.5 107.621
-0.717172 23311.1 108.999
-0.727273 23312.6 110.361
-0.737374 23314.2 111.717
-0.747475 23315.9 113.058
-0.757576 23317.5 114.393
-0.767677 23319.2 115.714
-0.777778 23320.8 117.03
-0.787879 23322.5 118.331
-0.79798 23324.2 119.629
-0.808081 23326 120.913
-0.818182 23327.7 122.195
-0.828283 23329.4 123.465
-0.838384 23331.1 124.732
-0.848485 23332.7 125.989
-0.858586 23334.4 127.244
-0.868687 23336 128.491
-0.878788 23337.6 129.736
-0.888889 23339.1 130.974
-0.89899 23340.5 132.211
-0.909091 23341.8 133.442
-0.919192 23343.2 134.673
-0.929293 23344.3 135.9
-0.939394 23345.4 137.127
-0.949495 23346.2 138.352
-0.959596 23347.1 139.578
-0.969697 23347.6 140.808
-0.979798 23348.1 142.038
-0.989899 23348.3 143.224
-1 23348.5 144.408
