0 16706.4 0.00180816
-0.010101 15622.7 -9.89091
-0.020202 15621.5 -19.8026
-0.030303 15616.8 -30.5651
-0.040404 15612.1 -41.3351
-0.0505051 15605.2 -52.2857
-0.0606061 15598.3 -63.2442
-0.0707071 15590.3 -74.3283
-0.0808081 15582.2 -85.4188
-0.0909091 15573.9 -96.5837
-0.10101 15565.5 -107.753
-0.111111 15557.3 -118.964
-0.121212 15549.2 -130.177
-0.131313 15541.6 -141.412
-0.141414 15534.1 -152.648
-0.151515 15527.3 -163.892
-0.161616 15520.6 -175.136
-0.171717 15514.8 -186.379
-0.181818 15509.1 -197.619
-0.191919 15504.3 -208.848
-0.20202 15499.6 -220.072
-0.212121 15495.8 -231.278
-0.222222 15492.1 -242.476
-0.232323 15489.1 -253.649
-0.242424 15486.4 -264.812
-0.252525 15484.2 -275.944
-0.262626 15482.3 -287.063
-0.272727 15480.8 -298.148
-0.282828 15479.6 -309.218
-0.292929 15478.8 -320.25
-0.30303 15478.1 -331.265
-0.313131 15477.8 -342.24
-0.323232 15477.6 -353.197
-0.333333 15477.7 -364.112
-0.343434 15477.9 -375.006
-0.353535 15478.3 -385.858
-0.363636 15478.8 -396.687
-0.373737 15479.4 -407.474
-0.383838 15480.1 -418.235
-0.393939 15480.9 -428.953
-0.40404 15481.8 -439.644
-0.414141 15482.7 -450.292
-0.424242 15483.7 -460.908
-0.434343 15484.7 -471.482
-0.444444 15485.7 -482.022
-0.454545 15486.8 -492.519
-0.464646 15487.8 -502.979
-0.474747 15488.9 -513.396
-0.484848 15490 -523.771
-0.494949 15491.1 -534.104
-0.505051 15492.1 -544.391
-0.515152 15493.2 -554.635
-0.525253 15494.3 -564.83
-0.535354 15495.4 -574.98
-0.545455 15496.4 -585.078
-0.555556 15497.5 -595.13
-0.565657 15498.5 -605.125
-0.575758 15499.6 -615.074
-0.585859 15500.6 -624.96
-0.59596 15501.7 -634.801
-0.606061 15502.7 -644.573
-0.616162 15503.7 -654.299
-0.626263 15504.8 -663.951
-0.636364 15505.8 -673.556
-0.646465 15506.9 -683.08
-0.656566 15507.9 -692.558
-0.666667 15508.9 -701.948
-0.676768 15510 -711.292
-0.686869 15511 -720.54
-0.69697 15512 -729.742
-0.707071 15513 -738.841
-0.717172 15514.1 -747.895
-0.727273 15515.1 -756.836
-0.737374 15516.1 -765.734
-0.747475 15517.1 -774.51
-0.757576 15518.1 -783.243
-0.767677 15519.1 -791.845
-0.777778 15520 -800.405
-0.787879 15521 -808.826
-0.79798 15521.9 -817.206
-0.808081 15522.7 -825.436
-0.818182 15523.6 -833.628
-0.828283 15524.4 -841.659
-0.838384 15525.2 -849.656
-0.848485 15525.9 -857.482
-0.858586 15526.6 -865.275
-0.868687 15527.2 -872.889
-0.878788 15527.7 -880.473
-0.888889 15528.2 -887.869
-0.89899 15528.7 -895.238
-0.909091 15529 -902.412
-0.919192 15529.3 -909.563
-0.929293 15529.5 -916.513
-0.939394 15529.7 -923.445
-0.949495 15529.8 -930.174
-0.959596 15529.9 -936.891
-0.969697 15529.9 -943.416
-0.979798 15529.9 -949.933
-0.989899 15529.9 -956.297
-1 15529.9 -962.657
