0 -23350.1 -0.00239869
-0.010101 -23510.7 -1.04098
-0.020202 -23488.9 -2.07512
-0.030303 -23469 -3.00057
-0.040404 -23449.2 -3.92501
-0.0505051 -23431.6 -4.82493
-0.0606061 -23414.2 -5.72759
-0.0707071 -23399.3 -6.67337
-0.0808081 -23384.5 -7.62417
-0.0909091 -23372.1 -8.63275
-0.10101 -23360 -9.64719
-0.111111 -23350.1 -10.7144
-0.121212 -23340.5 -11.7876
-0.131313 -23333 -12.9045
-0.141414 -23325.7 -14.0273
-0.151515 -23320.1 -15.1864
-0.161616 -23314.8 -16.3515
-0.171717 -23311 -17.548
-0.181818 -23307.4 -18.7507
-0.191919 -23305.1 -19.9815
-0.20202 -23303 -21.2186
-0.212121 -23301.8 -22.4809
-0.222222 -23300.8 -23.7495
-0.232323 -23300.5 -25.0403
-0.242424 -23300.5 -26.337
-0.252525 -23300.9 -27.6525
-0.262626 -23301.5 -28.9731
-0.272727 -23302.5 -30.3087
-0.282828 -23303.5 -31.6486
-0.292929 -23304.8 -32.9996
-0.30303 -23306.2 -34.3537
-0.313131 -23307.8 -35.7152
-0.323232 -23309.4 -37.0785
-0.333333 -23311 -38.4459
-0.343434 -23312.7 -39.8138
-0.353535 -23314.5 -41.1828
-0.363636 -23316.2 -42.5511
-0.373737 -23317.9 -43.918
-0.383838 -23319.6 -45.2829
-0.393939 -23321.3 -46.6445
-0.40404 -23323 -48.0029
-0.414141 -23324.6 -49.3566
-0.424242 -23326.2 -50.7059
-0.434343 -23327.8 -52.0493
-0.444444 -23329.3 -53.3873
-0.454545 -23330.8 -54.7186
-0.464646 -23332.3 -56.0435
-0.474747 -23333.7 -57.3612
-0.484848 -23335.1 -58.6717
-0.494949 -23336.5 -59.9744
-0.505051 -23337.9 -61.2692
-0.515152 -23339.2 -62.5561
-0.525253 -23340.5 -63.8342
-0.535354 -23341.8 -65.1043
-0.545455 -23343.1 -66.365
-0.555556 -23344.4 -67.6176
-0.565657 -23345.7 -68.8602
-0.575758 -23347 -70.0948
-0.585859 -23348.3 -71.3188
-0.59596 -23349.5 -72.535
-0.606061 -23350.9 -73.7398
-0.616162 -23352.2 -74.9372
-0.626263 -23353.5 -76.1228
-0.636364 -23354.9 -77.3012
-0.646465 -23356.2 -78.4674
-0.656566 -23357.6 -79.6267
-0.666667 -23359 -80.7736
-0.676768 -23360.5 -81.914
-0.686869 -23361.9 -83.0418
-0.69697 -23363.4 -84.1637
-0.707071 -23365 -85.273
-0.717172 -23366.5 -86.3768
-0.727273 -23368.1 -87.4684
-0.737374 -23369.7 -88.5552
-0.747475 -23371.3 -89.6302
-0.757576 -23372.9 -90.7011
-0.767677 -23374.6 -91.761
-0.777778 -23376.3 -92.8174
-0.787879 -23378 -93.8639
-0.79798 -23379.7 -94.9076
-0.808081 -23381.4 -95.9428
-0.818182 -23383.1 -96.9758
-0.828283 -23384.8 -98.0019
-0.838384 -23386.5 -99.0264
-0.848485 -23388.1 -100.046
-0.858586 -23389.8 -101.064
-0.868687 -23391.4 -102.079
-0.878788 -23393 -103.093
-0.888889 -23394.4 -104.106
-0.89899 -23395.9 -105.119
-0.909091 -23397.2 -106.131
-0.919192 -23398.5 -107.144
-0.929293 -23399.6 -108.158
-0.939394 -23400.7 -109.173
-0.949495 -23401.5 -110.191
-0.959596 -23402.4 -111.211
-0.969697 -23402.9 -112.24
-0.979798 -23403.4 -113.27
-0.989899 -23403.6 -114.26
-1 -23403.8 -115.248
