0 23600.1 0.00276962
-0.010101 23458.3 -1.64505
-0.020202 23439.9 -3.30167
-0.030303 23422.2 -5.26446
-0.040404 23404.6 -7.23
-0.0505051 23388.3 -9.26183
-0.0606061 23372.1 -11.2934
-0.0707071 23357.7 -13.3212
-0.0808081 23343.4 -15.3465
-0.0909091 23331 -17.3428
-0.10101 23318.8 -19.3354
-0.111111 23308.6 -21.2947
-0.121212 23298.5 -23.2499
-0.131313 23290.3 -25.1742
-0.141414 23282.4 -27.0939
-0.151515 23276 -28.9857
-0.161616 23270 -30.8725
-0.171717 23265.3 -32.7328
-0.181818 23260.9 -34.5874
-0.191919 23257.7 -36.416
-0.20202 23254.8 -38.2381
-0.212121 23252.8 -40.0346
-0.222222 23251.1 -41.824
-0.232323 23250.1 -43.5886
-0.242424 23249.4 -45.3459
-0.252525 23249.2 -47.0797
-0.262626 23249.2 -48.8061
-0.272727 23249.6 -50.5113
-0.282828 23250.2 -52.2092
-0.292929 23251.1 -53.8883
-0.30303 23252.1 -55.5605
-0.313131 23253.3 -57.2165
-0.323232 23254.5 -58.8662
-0.333333 23255.9 -60.5021
-0.343434 23257.4 -62.1322
-0.353535 23258.9 -63.7509
-0.363636 23260.5 -65.3642
-0.373737 23262.1 -66.968
-0.383838 23263.7 -68.5669
-0.393939 23265.3 -70.1578
-0.40404 23266.9 -71.7442
-0.414141 23268.5 -73.3238
-0.424242 23270.1 -74.8991
-0.434343 23271.6 -76.4686
-0.444444 23273.2 -78.0338
-0.454545 23274.7 -79.5937
-0.464646 23276.1 -81.1495
-0.474747 23277.6 -82.7003
-0.484848 23279 -84.2468
-0.494949 23280.5 -85.7886
-0.505051 23281.9 -87.3258
-0.515152 23283.2 -88.8583
-0.525253 23284.6 -90.3858
-0.535354 23285.9 -91.9086
-0.545455 23287.3 -93.4259
-0.555556 23288.6 -94.9384
-0.565657 23290 -96.4446
-0.575758 23291.3 -97.9458
-0.585859 23292.6 -99.44
-0.59596 23294 -100.929
-0.606061 23295.3 -102.41
-0.616162 23296.7 -103.886
-0.626263 23298 -105.352
-0.636364 23299.4 -106.813
-0.646465 23300.8 -108.263
-0.656566 23302.2 -109.707
-0.666667 23303.7 -111.139
-0.676768 23305.1 -112.565
-0.686869 23306.6 -113.977
-0.69697 23308.1 -115.383
-0.707071 23309.6 -116.772
-0.717172 23311.2 -118.155
-0.727273 23312.7 -119.519
-0.737374 23314.3 -120.877
-0.747475 23315.9 -122.213
-0.757576 23317.5 -123.541
-0.767677 23319.1 -124.846
-0.777778 23320.8 -126.143
-0.787879 23322.4 -127.413
-0.79798 23324.1 -128.674
-0.808081 23325.7 -129.905
-0.818182 23327.3 -131.128
-0.828283 23328.9 -132.316
-0.838384 23330.6 -133.496
-0.848485 23332.1 -134.637
-0.858586 23333.6 -135.771
-0.868687 23335.1 -136.863
-0.878788 23336.6 -137.947
-0.888889 23337.9 -138.984
-0.89899 23339.2 -140.016
-0.909091 23340.4 -140.997
-0.919192 23341.6 -141.973
-0.929293 23342.5 -142.896
-0.939394 23343.5 -143.815
-0.949495 23344.2 -144.679
-0.959596 23344.9 -145.539
-0.969697 23345.4 -146.342
-0.979798 23345.8 -147.143
-0.989899 23345.9 -147.938
-1 23346.1 -148.732
