0 5771.95 0.000690006
-0.010101 7177.67 12.3808
-0.020202 7155.99 24.7776
-0.030303 7140.15 38.0285
-0.040404 7124.51 51.2869
-0.0505051 7113.66 64.7249
-0.0606061 7103.06 78.175
-0.0707071 7096.28 91.8139
-0.0808081 7089.75 105.465
-0.0909091 7086.17 119.263
-0.10101 7082.83 133.072
-0.111111 7081.67 146.984
-0.121212 7080.74 160.905
-0.131313 7081.35 174.897
-0.141414 7082.14 188.897
-0.151515 7083.98 202.945
-0.161616 7085.93 216.999
-0.171717 7088.54 231.084
-0.181818 7091.21 245.173
-0.191919 7094.22 259.28
-0.20202 7097.26 273.388
-0.212121 7100.42 287.501
-0.222222 7103.57 301.612
-0.232323 7106.67 315.718
-0.242424 7109.73 329.819
-0.252525 7112.65 343.905
-0.262626 7115.49 357.982
-0.272727 7118.14 372.035
-0.282828 7120.7 386.075
-0.292929 7123.03 400.084
-0.30303 7125.26 414.078
-0.313131 7127.27 428.033
-0.323232 7129.17 441.969
-0.333333 7130.84 455.862
-0.343434 7132.42 469.732
-0.353535 7133.8 483.555
-0.363636 7135.08 497.351
-0.373737 7136.19 511.097
-0.383838 7137.21 524.812
-0.393939 7138.08 538.475
-0.40404 7138.88 552.102
-0.414141 7139.55 565.675
-0.424242 7140.16 579.209
-0.434343 7140.68 592.688
-0.444444 7141.14 606.122
-0.454545 7141.54 619.499
-0.464646 7141.89 632.828
-0.474747 7142.18 646.1
-0.484848 7142.45 659.317
-0.494949 7142.68 672.476
-0.505051 7142.89 685.577
-0.515152 7143.08 698.618
-0.525253 7143.26 711.595
-0.535354 7143.43 724.513
-0.545455 7143.59 737.36
-0.555556 7143.75 750.147
-0.565657 7143.92 762.858
-0.575758 7144.08 775.508
-0.585859 7144.26 788.075
-0.59596 7144.45 800.582
-0.606061 7144.65 812.999
-0.616162 7144.87 825.355
-0.626263 7145.11 837.614
-0.636364 7145.36 849.812
-0.646465 7145.64 861.905
-0.656566 7145.94 873.938
-0.666667 7146.27 885.857
-0.676768 7146.62 897.717
-0.686869 7147 909.455
-0.69697 7147.41 921.134
-0.707071 7147.85 932.681
-0.717172 7148.32 944.172
-0.727273 7148.84 955.521
-0.737374 7149.37 966.815
-0.747475 7149.96 977.958
-0.757576 7150.57 989.047
-0.767677 7151.24 999.976
-0.777778 7151.92 1010.85
-0.787879 7152.67 1021.56
-0.79798 7153.44 1032.22
-0.808081 7154.26 1042.7
-0.818182 7155.1 1053.13
-0.828283 7156 1063.37
-0.838384 7156.92 1073.57
-0.848485 7157.88 1083.57
-0.858586 7158.85 1093.54
-0.868687 7159.86 1103.29
-0.878788 7160.88 1113.01
-0.888889 7161.91 1122.51
-0.89899 7162.94 1131.99
-0.909091 7163.95 1141.24
-0.919192 7164.95 1150.46
-0.929293 7165.89 1159.46
-0.939394 7166.82 1168.43
-0.949495 7167.61 1177.18
-0.959596 7168.4 1185.92
-0.969697 7168.96 1194.45
-0.979798 7169.52 1202.97
-0.989899 7169.74 1211.27
-1 7169.95 1219.57
