0 -7065.15 -0.000882687
-0.010101 -5646.27 12.7079
-0.020202 -5657.21 25.4374
-0.030303 -5662.91 39.1464
-0.040404 -5668.45 52.8639
-0.0505051 -5670.13 66.7883
-0.0606061 -5671.63 80.7241
-0.0707071 -5670.41 94.8383
-0.0808081 -5669.03 108.963
-0.0909091 -5665.86 123.212
-0.10101 -5662.56 137.47
-0.111111 -5658.19 151.809
-0.121212 -5653.75 166.154
-0.131313 -5648.77 180.551
-0.141414 -5643.77 194.952
-0.151515 -5638.65 209.385
-0.161616 -5633.54 223.82
-0.171717 -5628.58 238.271
-0.181818 -5623.69 252.723
-0.191919 -5619.11 267.178
-0.20202 -5614.63 281.63
-0.212121 -5610.57 296.074
-0.222222 -5606.64 310.513
-0.232323 -5603.16 324.933
-0.242424 -5599.82 339.344
-0.252525 -5596.94 353.728
-0.262626 -5594.22 368.1
-0.272727 -5591.92 382.437
-0.282828 -5589.78 396.759
-0.292929 -5588.02 411.041
-0.30303 -5586.41 425.304
-0.313131 -5585.14 439.522
-0.323232 -5584 453.718
-0.333333 -5583.15 467.866
-0.343434 -5582.42 481.989
-0.353535 -5581.92 496.061
-0.363636 -5581.53 510.103
-0.373737 -5581.32 524.094
-0.383838 -5581.2 538.051
-0.393939 -5581.22 551.955
-0.40404 -5581.32 565.822
-0.414141 -5581.52 579.635
-0.424242 -5581.77 593.407
-0.434343 -5582.11 607.123
-0.444444 -5582.48 620.795
-0.454545 -5582.91 634.409
-0.464646 -5583.37 647.975
-0.474747 -5583.86 661.483
-0.484848 -5584.37 674.938
-0.494949 -5584.91 688.334
-0.505051 -5585.45 701.672
-0.515152 -5586 714.951
-0.525253 -5586.56 728.165
-0.535354 -5587.12 741.32
-0.545455 -5587.68 754.405
-0.555556 -5588.24 767.431
-0.565657 -5588.79 780.379
-0.575758 -5589.34 793.268
-0.585859 -5589.88 806.073
-0.59596 -5590.41 818.818
-0.606061 -5590.94 831.472
-0.616162 -5591.45 844.066
-0.626263 -5591.95 856.561
-0.636364 -5592.45 868.996
-0.646465 -5592.93 881.324
-0.656566 -5593.4 893.593
-0.666667 -5593.85 905.745
-0.676768 -5594.29 917.838
-0.686869 -5594.71 929.807
-0.69697 -5595.13 941.716
-0.707071 -5595.51 953.491
-0.717172 -5595.88 965.208
-0.727273 -5596.22 976.779
-0.737374 -5596.55 988.295
-0.747475 -5596.84 999.655
-0.757576 -5597.12 1010.96
-0.767677 -5597.35 1022.1
-0.777778 -5597.57 1033.18
-0.787879 -5597.73 1044.09
-0.79798 -5597.88 1054.95
-0.808081 -5597.96 1065.62
-0.818182 -5598.03 1076.24
-0.828283 -5598.03 1086.66
-0.838384 -5598.01 1097.03
-0.848485 -5597.92 1107.2
-0.858586 -5597.81 1117.32
-0.868687 -5597.62 1127.23
-0.878788 -5597.43 1137.09
-0.888889 -5597.16 1146.72
-0.89899 -5596.88 1156.33
-0.909091 -5596.54 1165.69
-0.919192 -5596.19 1175.02
-0.929293 -5595.81 1184.11
-0.939394 -5595.43 1193.18
-0.949495 -5595.06 1202
-0.959596 -5594.69 1210.81
-0.969697 -5594.39 1219.38
-0.979798 -5594.09 1227.95
-0.989899 -5593.96 1236.31
-1 -5593.84 1244.66
