0 23519.1 0.00275989
-0.010101 23310.5 -2.23672
-0.020202 23293 -4.48585
-0.030303 23275.9 -7.08352
-0.040404 23258.9 -9.68432
-0.0505051 23243 -12.3603
-0.0606061 23227.1 -15.0367
-0.0707071 23212.9 -17.718
-0.0808081 23198.8 -20.3975
-0.0909091 23186.5 -23.0545
-0.10101 23174.4 -25.7083
-0.111111 23164.1 -28.3334
-0.121212 23154 -30.9547
-0.131313 23145.7 -33.5483
-0.141414 23137.7 -36.1376
-0.151515 23131.2 -38.701
-0.161616 23125 -41.2596
-0.171717 23120.2 -43.793
-0.181818 23115.6 -46.3209
-0.191919 23112.3 -48.8233
-0.20202 23109.2 -51.3193
-0.212121 23107 -53.7897
-0.222222 23105.1 -56.2529
-0.232323 23104 -58.6909
-0.242424 23103.1 -61.1211
-0.252525 23102.8 -63.5271
-0.262626 23102.6 -65.9252
-0.272727 23103 -68.3008
-0.282828 23103.4 -70.6684
-0.292929 23104.2 -73.0157
-0.30303 23105.1 -75.3552
-0.313131 23106.2 -77.6768
-0.323232 23107.4 -79.9909
-0.333333 23108.7 -82.2893
-0.343434 23110.1 -84.5806
-0.353535 23111.6 -86.8583
-0.363636 23113.1 -89.1292
-0.373737 23114.7 -91.3883
-0.383838 23116.3 -93.641
-0.393939 23117.8 -95.8832
-0.40404 23119.4 -98.1192
-0.414141 23121 -100.346
-0.424242 23122.5 -102.566
-0.434343 23124.1 -104.778
-0.444444 23125.6 -106.984
-0.454545 23127.1 -109.182
-0.464646 23128.6 -111.373
-0.474747 23130.1 -113.556
-0.484848 23131.5 -115.733
-0.494949 23132.9 -117.902
-0.505051 23134.3 -120.064
-0.515152 23135.7 -122.218
-0.525253 23137 -124.365
-0.535354 23138.4 -126.503
-0.545455 23139.7 -128.633
-0.555556 23141.1 -130.756
-0.565657 23142.4 -132.868
-0.575758 23143.8 -134.972
-0.585859 23145.1 -137.066
-0.59596 23146.4 -139.152
-0.606061 23147.8 -141.225
-0.616162 23149.1 -143.29
-0.626263 23150.5 -145.341
-0.636364 23151.9 -147.384
-0.646465 23153.3 -149.411
-0.656566 23154.7 -151.429
-0.666667 23156.1 -153.43
-0.676768 23157.6 -155.421
-0.686869 23159.1 -157.393
-0.69697 23160.5 -159.356
-0.707071 23162.1 -161.297
-0.717172 23163.6 -163.227
-0.727273 23165.1 -165.133
-0.737374 23166.7 -167.029
-0.747475 23168.3 -168.897
-0.757576 23169.9 -170.755
-0.767677 23171.5 -172.58
-0.777778 23173.1 -174.396
-0.787879 23174.7 -176.177
-0.79798 23176.4 -177.947
-0.808081 23178 -179.677
-0.818182 23179.6 -181.397
-0.828283 23181.2 -183.074
-0.838384 23182.7 -184.74
-0.848485 23184.3 -186.358
-0.858586 23185.8 -187.967
-0.868687 23187.2 -189.523
-0.878788 23188.6 -191.07
-0.888889 23189.9 -192.56
-0.89899 23191.2 -194.043
-0.909091 23192.3 -195.465
-0.919192 23193.4 -196.88
-0.929293 23194.4 -198.231
-0.939394 23195.3 -199.577
-0.949495 23196 -200.856
-0.959596 23196.7 -202.132
-0.969697 23197.1 -203.34
-0.979798 23197.5 -204.546
-0.989899 23197.7 -205.735
-1 23197.8 -206.924
