0 3369.98 0.000485432
-0.010101 1909.34 -13.0174
-0.020202 1923.91 -26.0554
-0.030303 1932.9 -40.0662
-0.040404 1941.71 -54.0856
-0.0505051 1946.24 -68.3103
-0.0606061 1950.57 -82.547
-0.0707071 1951.75 -96.9711
-0.0808081 1952.75 -111.407
-0.0909091 1951.54 -125.978
-0.10101 1950.16 -140.558
-0.111111 1947.34 -155.229
-0.121212 1944.4 -169.908
-0.131313 1940.59 -184.645
-0.141414 1936.72 -199.389
-0.151515 1932.43 -214.169
-0.161616 1928.13 -228.954
-0.171717 1923.73 -243.76
-0.181818 1919.35 -258.567
-0.191919 1915.1 -273.382
-0.20202 1910.92 -288.196
-0.212121 1907.01 -303.005
-0.222222 1903.19 -317.81
-0.232323 1899.71 -332.599
-0.242424 1896.35 -347.381
-0.252525 1893.37 -362.139
-0.262626 1890.52 -376.885
-0.272727 1888.04 -391.598
-0.282828 1885.7 -406.297
-0.292929 1883.71 -420.957
-0.30303 1881.86 -435.598
-0.313131 1880.33 -450.195
-0.323232 1878.92 -464.771
-0.333333 1877.79 -479.298
-0.343434 1876.77 -493.8
-0.353535 1875.99 -508.25
-0.363636 1875.31 -522.671
-0.373737 1874.82 -537.04
-0.383838 1874.42 -551.374
-0.393939 1874.17 -565.654
-0.40404 1874 -579.896
-0.414141 1873.94 -594.082
-0.424242 1873.94 -608.227
-0.434343 1874.02 -622.314
-0.444444 1874.15 -636.355
-0.454545 1874.35 -650.337
-0.464646 1874.57 -664.27
-0.474747 1874.84 -678.142
-0.484848 1875.13 -691.96
-0.494949 1875.45 -705.717
-0.505051 1875.78 -719.414
-0.515152 1876.12 -733.049
-0.525253 1876.47 -746.619
-0.535354 1876.83 -760.127
-0.545455 1877.18 -773.563
-0.555556 1877.54 -786.937
-0.565657 1877.89 -800.232
-0.575758 1878.24 -813.465
-0.585859 1878.58 -826.612
-0.59596 1878.91 -839.696
-0.606061 1879.23 -852.688
-0.616162 1879.53 -865.617
-0.626263 1879.83 -878.444
-0.636364 1880.11 -891.21
-0.646465 1880.37 -903.865
-0.656566 1880.62 -916.459
-0.666667 1880.85 -928.934
-0.676768 1881.07 -941.347
-0.686869 1881.25 -953.632
-0.69697 1881.43 -965.857
-0.707071 1881.57 -977.944
-0.717172 1881.7 -989.971
-0.727273 1881.79 -1001.85
-0.737374 1881.87 -1013.67
-0.747475 1881.9 -1025.33
-0.757576 1881.91 -1036.94
-0.767677 1881.88 -1048.37
-0.777778 1881.83 -1059.75
-0.787879 1881.72 -1070.95
-0.79798 1881.59 -1082.1
-0.808081 1881.4 -1093.06
-0.818182 1881.19 -1103.97
-0.828283 1880.91 -1114.67
-0.838384 1880.62 -1125.33
-0.848485 1880.26 -1135.77
-0.858586 1879.88 -1146.18
-0.868687 1879.44 -1156.36
-0.878788 1878.98 -1166.5
-0.888889 1878.47 -1176.4
-0.89899 1877.96 -1186.28
-0.909091 1877.4 -1195.91
-0.919192 1876.84 -1205.51
-0.929293 1876.28 -1214.87
-0.939394 1875.72 -1224.2
-0.949495 1875.21 -1233.29
-0.959596 1874.7 -1242.36
-0.969697 1874.31 -1251.2
-0.979798 1873.92 -1260.03
-0.989899 1873.76 -1268.64
-1 1873.61 -1277.25
