0 19009.6 0.00194247
-0.010101 19827.7 6.95469
-0.020202 19801.8 13.9127
-0.030303 19780.1 21.2227
-0.040404 19758.6 28.5355
-0.0505051 19741.1 35.9181
-0.0606061 19723.7 43.3084
-0.0707071 19710 50.8202
-0.0808081 19696.6 58.3416
-0.0909091 19686.3 65.9734
-0.10101 19676.2 73.6147
-0.111111 19668.9 81.3417
-0.121212 19661.8 89.0774
-0.131313 19656.9 96.8767
-0.141414 19652.3 104.684
-0.151515 19649.4 112.539
-0.161616 19646.7 120.4
-0.171717 19645.4 128.298
-0.181818 19644.3 136.201
-0.191919 19644.2 144.132
-0.20202 19644.3 152.068
-0.212121 19645.1 160.023
-0.222222 19646 167.982
-0.232323 19647.4 175.953
-0.242424 19648.9 183.925
-0.252525 19650.7 191.902
-0.262626 19652.5 199.879
-0.272727 19654.5 207.854
-0.282828 19656.5 215.825
-0.292929 19658.6 223.789
-0.30303 19660.7 231.746
-0.313131 19662.8 239.691
-0.323232 19664.9 247.626
-0.333333 19666.9 255.543
-0.343434 19668.8 263.449
-0.353535 19670.7 271.332
-0.363636 19672.5 279.202
-0.373737 19674.3 287.045
-0.383838 19676 294.872
-0.393939 19677.6 302.671
-0.40404 19679.1 310.449
-0.414141 19680.6 318.198
-0.424242 19682 325.923
-0.434343 19683.3 333.618
-0.444444 19684.6 341.286
-0.454545 19685.8 348.922
-0.464646 19687 356.529
-0.474747 19688.1 364.102
-0.484848 19689.2 371.644
-0.494949 19690.3 379.151
-0.505051 19691.3 386.624
-0.515152 19692.3 394.061
-0.525253 19693.3 401.461
-0.535354 19694.3 408.825
-0.545455 19695.2 416.148
-0.555556 19696.2 423.436
-0.565657 19697.1 430.678
-0.575758 19698.1 437.886
-0.585859 19699.1 445.044
-0.59596 19700 452.167
-0.606061 19701 459.237
-0.616162 19702 466.272
-0.626263 19703 473.25
-0.636364 19704.1 480.194
-0.646465 19705.2 487.076
-0.656566 19706.3 493.924
-0.666667 19707.4 500.707
-0.676768 19708.5 507.456
-0.686869 19709.7 514.134
-0.69697 19710.9 520.78
-0.707071 19712.2 527.352
-0.717172 19713.5 533.891
-0.727273 19714.8 540.352
-0.737374 19716.2 546.782
-0.747475 19717.6 553.128
-0.757576 19719 559.445
-0.767677 19720.5 565.673
-0.777778 19722 571.875
-0.787879 19723.5 577.984
-0.79798 19725 584.067
-0.808081 19726.6 590.053
-0.818182 19728.2 596.016
-0.828283 19729.8 601.879
-0.838384 19731.5 607.72
-0.848485 19733.1 613.457
-0.858586 19734.7 619.174
-0.868687 19736.3 624.785
-0.878788 19737.9 630.378
-0.888889 19739.4 635.861
-0.89899 19740.9 641.329
-0.909091 19742.3 646.685
-0.919192 19743.7 652.029
-0.929293 19744.9 657.259
-0.939394 19746.2 662.479
-0.949495 19747.1 667.589
-0.959596 19748.1 672.692
-0.969697 19748.8 677.698
-0.979798 19749.4 682.7
-0.989899 19749.6 687.563
-1 19749.9 692.423
