0 -21911.9 -0.00205666
-0.010101 -22399.9 -3.96933
-0.020202 -22375.5 -7.93701
-0.030303 -22354.1 -12.0204
-0.040404 -22332.9 -16.1048
-0.0505051 -22314.8 -20.2121
-0.0606061 -22296.9 -24.3249
-0.0707071 -22282.1 -28.5222
-0.0808081 -22267.5 -32.7271
-0.0909091 -22255.8 -37.0189
-0.10101 -22244.3 -41.3186
-0.111111 -22235.4 -45.6901
-0.121212 -22226.7 -50.0692
-0.131313 -22220.2 -54.5043
-0.141414 -22214 -58.9465
-0.151515 -22209.6 -63.4325
-0.161616 -22205.4 -67.9252
-0.171717 -22202.7 -72.4533
-0.181818 -22200.2 -76.9877
-0.191919 -22198.9 -81.5511
-0.20202 -22197.8 -86.1205
-0.212121 -22197.5 -90.7133
-0.222222 -22197.5 -95.3113
-0.232323 -22198 -99.9274
-0.242424 -22198.7 -104.547
-0.252525 -22199.8 -109.18
-0.262626 -22201 -113.815
-0.272727 -22202.5 -118.458
-0.282828 -22204.1 -123.101
-0.292929 -22205.8 -127.746
-0.30303 -22207.6 -132.39
-0.313131 -22209.4 -137.031
-0.323232 -22211.3 -141.669
-0.333333 -22213.2 -146.301
-0.343434 -22215.1 -150.926
-0.353535 -22216.9 -155.541
-0.363636 -22218.8 -160.149
-0.373737 -22220.5 -164.744
-0.383838 -22222.3 -169.329
-0.393939 -22224 -173.898
-0.40404 -22225.7 -178.455
-0.414141 -22227.3 -182.996
-0.424242 -22228.8 -187.522
-0.434343 -22230.3 -192.03
-0.444444 -22231.8 -196.522
-0.454545 -22233.2 -200.994
-0.464646 -22234.6 -205.449
-0.474747 -22235.9 -209.883
-0.484848 -22237.2 -214.297
-0.494949 -22238.5 -218.69
-0.505051 -22239.7 -223.062
-0.515152 -22240.9 -227.412
-0.525253 -22242.1 -231.739
-0.535354 -22243.3 -236.044
-0.545455 -22244.5 -240.323
-0.555556 -22245.6 -244.581
-0.565657 -22246.8 -248.811
-0.575758 -22248 -253.018
-0.585859 -22249.1 -257.196
-0.59596 -22250.3 -261.353
-0.606061 -22251.5 -265.477
-0.616162 -22252.7 -269.579
-0.626263 -22254 -273.647
-0.636364 -22255.2 -277.694
-0.646465 -22256.5 -281.704
-0.656566 -22257.8 -285.694
-0.666667 -22259.1 -289.644
-0.676768 -22260.4 -293.574
-0.686869 -22261.8 -297.463
-0.69697 -22263.2 -301.332
-0.707071 -22264.7 -305.157
-0.717172 -22266.1 -308.964
-0.727273 -22267.7 -312.725
-0.737374 -22269.2 -316.468
-0.747475 -22270.8 -320.163
-0.757576 -22272.3 -323.842
-0.767677 -22274 -327.471
-0.777778 -22275.6 -331.085
-0.787879 -22277.3 -334.648
-0.79798 -22279 -338.196
-0.808081 -22280.7 -341.693
-0.818182 -22282.4 -345.176
-0.828283 -22284.1 -348.606
-0.838384 -22285.8 -352.025
-0.848485 -22287.5 -355.389
-0.858586 -22289.2 -358.744
-0.868687 -22290.8 -362.043
-0.878788 -22292.5 -365.334
-0.888889 -22294 -368.57
-0.89899 -22295.5 -371.799
-0.909091 -22296.9 -374.972
-0.919192 -22298.3 -378.139
-0.929293 -22299.5 -381.251
-0.939394 -22300.7 -384.359
-0.949495 -22301.6 -387.414
-0.959596 -22302.6 -390.466
-0.969697 -22303.2 -393.477
-0.979798 -22303.8 -396.485
-0.989899 -22304 -399.404
-1 -22304.2 -402.321
