0 23631.4 0.00253892
-0.010101 23556.7 -1.05053
-0.020202 23537.5 -2.11132
-0.030303 23519.3 -3.43514
-0.040404 23501.1 -4.76134
-0.0505051 23484.4 -6.14472
-0.0606061 23467.9 -7.52728
-0.0707071 23453.3 -8.89726
-0.0808081 23438.9 -10.2641
-0.0909091 23426.4 -11.5955
-0.10101 23414.2 -12.9226
-0.111111 23404 -14.2121
-0.121212 23394.1 -15.4969
-0.131313 23385.9 -16.7479
-0.141414 23378.1 -17.994
-0.151515 23371.9 -19.2102
-0.161616 23366 -20.4212
-0.171717 23361.5 -21.6045
-0.181818 23357.3 -22.782
-0.191919 23354.3 -23.9329
-0.20202 23351.5 -25.0774
-0.212121 23349.7 -26.1962
-0.222222 23348.2 -27.3082
-0.232323 23347.3 -28.3959
-0.242424 23346.7 -29.4764
-0.252525 23346.7 -30.5346
-0.262626 23346.8 -31.5858
-0.272727 23347.4 -32.6171
-0.282828 23348.1 -33.6417
-0.292929 23349 -34.6493
-0.30303 23350.1 -35.6508
-0.313131 23351.4 -36.638
-0.323232 23352.8 -37.6198
-0.333333 23354.2 -38.5901
-0.343434 23355.7 -39.5556
-0.353535 23357.3 -40.5121
-0.363636 23358.9 -41.4645
-0.373737 23360.6 -42.4098
-0.383838 23362.2 -43.3518
-0.393939 23363.8 -44.2882
-0.40404 23365.5 -45.2219
-0.414141 23367.1 -46.1514
-0.424242 23368.6 -47.0784
-0.434343 23370.2 -48.0023
-0.444444 23371.7 -48.924
-0.454545 23373.3 -49.8432
-0.464646 23374.7 -50.7604
-0.474747 23376.2 -51.6755
-0.484848 23377.6 -52.5889
-0.494949 23379.1 -53.5003
-0.505051 23380.4 -54.4098
-0.515152 23381.8 -55.3176
-0.525253 23383.2 -56.2234
-0.535354 23384.5 -57.1273
-0.545455 23385.9 -58.029
-0.555556 23387.2 -58.9288
-0.565657 23388.5 -59.8259
-0.575758 23389.8 -60.721
-0.585859 23391.2 -61.6129
-0.59596 23392.5 -62.5026
-0.606061 23393.8 -63.3885
-0.616162 23395.2 -64.272
-0.626263 23396.6 -65.1508
-0.636364 23397.9 -66.0269
-0.646465 23399.3 -66.8975
-0.656566 23400.8 -67.765
-0.666667 23402.2 -68.6259
-0.676768 23403.6 -69.4833
-0.686869 23405.1 -70.3328
-0.69697 23406.6 -71.1784
-0.707071 23408.2 -72.0145
-0.717172 23409.7 -72.8464
-0.727273 23411.3 -73.6667
-0.737374 23412.9 -74.4826
-0.747475 23414.5 -75.2846
-0.757576 23416.1 -76.0818
-0.767677 23417.7 -76.8627
-0.777778 23419.4 -77.6384
-0.787879 23421.1 -78.3949
-0.79798 23422.7 -79.146
-0.808081 23424.4 -79.8747
-0.818182 23426 -80.5979
-0.828283 23427.7 -81.2953
-0.838384 23429.3 -81.9871
-0.848485 23430.9 -82.6498
-0.858586 23432.5 -83.3069
-0.868687 23434 -83.9314
-0.878788 23435.4 -84.5506
-0.888889 23436.8 -85.1339
-0.89899 23438.2 -85.7123
-0.909091 23439.4 -86.2517
-0.919192 23440.6 -86.7869
-0.929293 23441.6 -87.2805
-0.939394 23442.6 -87.7705
-0.949495 23443.3 -88.2168
-0.959596 23444.1 -88.6603
-0.969697 23444.5 -89.0569
-0.979798 23445 -89.4516
-0.989899 23445.1 -89.8507
-1 23445.3 -90.2499
