0 -1754.17 -0.000232466
-0.010101 -287.091 13.0487
-0.020202 -303.117 26.1172
-0.030303 -313.442 40.1481
-0.040404 -323.583 54.1873
-0.0505051 -329.308 68.4295
-0.0606061 -334.822 82.6837
-0.0707071 -337.033 97.1277
-0.0808081 -339.04 111.584
-0.0909091 -338.681 126.178
-0.10101 -338.144 140.782
-0.111111 -336.007 155.48
-0.121212 -333.734 170.187
-0.131313 -330.464 184.955
-0.141414 -327.106 199.729
-0.151515 -323.214 214.543
-0.161616 -319.285 229.361
-0.171717 -315.16 244.202
-0.181818 -311.045 259.045
-0.191919 -306.973 273.898
-0.20202 -302.95 288.75
-0.212121 -299.127 303.599
-0.222222 -295.387 318.444
-0.232323 -291.939 333.275
-0.242424 -288.598 348.099
-0.252525 -285.593 362.9
-0.262626 -282.711 377.69
-0.272727 -280.175 392.449
-0.282828 -277.769 407.193
-0.292929 -275.697 421.899
-0.30303 -273.755 436.587
-0.313131 -272.117 451.231
-0.323232 -270.606 465.853
-0.333333 -269.362 480.428
-0.343434 -268.235 494.978
-0.353535 -267.335 509.476
-0.363636 -266.541 523.945
-0.373737 -265.933 538.361
-0.383838 -265.417 552.744
-0.393939 -265.051 567.071
-0.40404 -264.762 581.361
-0.414141 -264.589 595.595
-0.424242 -264.478 609.786
-0.434343 -264.455 623.92
-0.444444 -264.48 638.008
-0.454545 -264.568 652.038
-0.464646 -264.693 666.016
-0.474747 -264.861 679.935
-0.484848 -265.054 693.797
-0.494949 -265.274 707.6
-0.505051 -265.51 721.341
-0.515152 -265.762 735.021
-0.525253 -266.021 748.635
-0.535354 -266.287 762.187
-0.545455 -266.554 775.665
-0.555556 -266.821 789.082
-0.565657 -267.083 802.42
-0.575758 -267.34 815.694
-0.585859 -267.588 828.883
-0.59596 -267.829 842.009
-0.606061 -268.056 855.04
-0.616162 -268.273 868.01
-0.626263 -268.473 880.877
-0.636364 -268.661 893.682
-0.646465 -268.828 906.376
-0.656566 -268.983 919.008
-0.666667 -269.113 931.521
-0.676768 -269.229 943.973
-0.686869 -269.315 956.295
-0.69697 -269.388 968.557
-0.707071 -269.425 980.681
-0.717172 -269.447 992.745
-0.727273 -269.429 1004.66
-0.737374 -269.395 1016.52
-0.747475 -269.314 1028.21
-0.757576 -269.217 1039.85
-0.767677 -269.066 1051.32
-0.777778 -268.899 1062.74
-0.787879 -268.672 1073.98
-0.79798 -268.428 1085.16
-0.808081 -268.119 1096.15
-0.818182 -267.795 1107.09
-0.828283 -267.402 1117.83
-0.838384 -266.994 1128.53
-0.848485 -266.519 1139.01
-0.858586 -266.031 1149.45
-0.868687 -265.48 1159.66
-0.878788 -264.919 1169.84
-0.888889 -264.309 1179.78
-0.89899 -263.693 1189.69
-0.909091 -263.05 1199.36
-0.919192 -262.404 1209
-0.929293 -261.77 1218.39
-0.939394 -261.136 1227.77
-0.949495 -260.566 1236.89
-0.959596 -260 1246
-0.969697 -259.572 1254.88
-0.979798 -259.15 1263.76
-0.989899 -258.981 1272.41
-1 -258.817 1281.05
