0 23613 0.00194279
-0.010101 23605.6 -0.455082
-0.020202 23585.6 -0.918379
-0.030303 23566.9 -1.60084
-0.040404 23548.2 -2.2853
-0.0505051 23531.2 -3.01755
-0.0606061 23514.4 -3.74843
-0.0707071 23499.6 -4.45785
-0.0808081 23485.1 -5.16361
-0.0909091 23472.6 -5.82731
-0.10101 23460.4 -6.48632
-0.111111 23450.3 -7.10317
-0.121212 23440.4 -7.71502
-0.131313 23432.4 -8.29011
-0.141414 23424.7 -8.86003
-0.151515 23418.7 -9.39811
-0.161616 23412.9 -9.93071
-0.171717 23408.6 -10.4345
-0.181818 23404.6 -10.9324
-0.191919 23401.7 -11.4032
-0.20202 23399.2 -11.8676
-0.212121 23397.5 -12.3064
-0.222222 23396.1 -12.7384
-0.232323 23395.5 -13.1467
-0.242424 23395 -13.5483
-0.252525 23395.1 -13.9285
-0.262626 23395.4 -14.3021
-0.272727 23396 -14.6572
-0.282828 23396.8 -15.0064
-0.292929 23397.9 -15.3401
-0.30303 23399.1 -15.6686
-0.313131 23400.4 -15.9848
-0.323232 23401.9 -16.2966
-0.333333 23403.4 -16.5989
-0.343434 23405 -16.8978
-0.353535 23406.6 -17.1898
-0.363636 23408.2 -17.4791
-0.373737 23409.9 -17.7638
-0.383838 23411.6 -18.0466
-0.393939 23413.2 -18.3264
-0.40404 23414.9 -18.6052
-0.414141 23416.5 -18.8823
-0.424242 23418.1 -19.159
-0.434343 23419.6 -19.435
-0.444444 23421.2 -19.7111
-0.454545 23422.7 -19.9873
-0.464646 23424.2 -20.2639
-0.474747 23425.6 -20.5411
-0.484848 23427.1 -20.8191
-0.494949 23428.5 -21.0979
-0.505051 23429.9 -21.3777
-0.515152 23431.2 -21.6585
-0.525253 23432.6 -21.9403
-0.535354 23433.9 -22.2232
-0.545455 23435.2 -22.5071
-0.555556 23436.6 -22.792
-0.565657 23437.9 -23.0779
-0.575758 23439.2 -23.3646
-0.585859 23440.5 -23.6522
-0.59596 23441.8 -23.9403
-0.606061 23443.2 -24.229
-0.616162 23444.5 -24.5181
-0.626263 23445.9 -24.8073
-0.636364 23447.3 -25.0965
-0.646465 23448.7 -25.3854
-0.656566 23450.1 -25.6739
-0.666667 23451.5 -25.9614
-0.676768 23453 -26.2482
-0.686869 23454.4 -26.5329
-0.69697 23455.9 -26.8166
-0.707071 23457.5 -27.0971
-0.717172 23459 -27.3761
-0.727273 23460.6 -27.6504
-0.737374 23462.2 -27.9229
-0.747475 23463.8 -28.1888
-0.757576 23465.4 -28.4525
-0.767677 23467.1 -28.7076
-0.777778 23468.8 -28.9601
-0.787879 23470.4 -29.2016
-0.79798 23472.1 -29.4401
-0.808081 23473.8 -29.665
-0.818182 23475.5 -29.8865
-0.828283 23477.1 -30.0917
-0.838384 23478.8 -30.2932
-0.848485 23480.4 -30.4754
-0.858586 23482 -30.6539
-0.868687 23483.5 -30.81
-0.878788 23485 -30.9625
-0.888889 23486.4 -31.0898
-0.89899 23487.8 -31.2136
-0.909091 23489.1 -31.3095
-0.919192 23490.3 -31.4024
-0.929293 23491.3 -31.465
-0.939394 23492.3 -31.525
-0.949495 23493.1 -31.5525
-0.959596 23493.9 -31.5779
-0.969697 23494.4 -31.5667
-0.979798 23494.9 -31.5541
-0.989899 23495 -31.5562
-1 23495.2 -31.5586
