0 23260.5 0.00191256
-0.010101 23454.5 1.33793
-0.020202 23432.5 2.67041
-0.030303 23412.4 3.91679
-0.040404 23392.3 5.16235
-0.0505051 23374.7 6.38816
-0.0606061 23357.2 7.61699
-0.0707071 23342.2 8.8932
-0.0808081 23327.4 10.1747
-0.0909091 23315.1 11.517
-0.10101 23303 12.8654
-0.111111 23293.2 14.2686
-0.121212 23283.7 15.6779
-0.131313 23276.2 17.1322
-0.141414 23269 18.5925
-0.151515 23263.5 20.0899
-0.161616 23258.3 21.5934
-0.171717 23254.6 23.1287
-0.181818 23251.2 24.6702
-0.191919 23248.9 26.2399
-0.20202 23246.9 27.8159
-0.212121 23245.8 29.4169
-0.222222 23244.9 31.0241
-0.232323 23244.7 32.653
-0.242424 23244.7 34.2877
-0.252525 23245.2 35.9404
-0.262626 23245.9 37.5982
-0.272727 23246.9 39.27
-0.282828 23248 40.9458
-0.292929 23249.4 42.6317
-0.30303 23250.8 44.3203
-0.313131 23252.4 46.0153
-0.323232 23254 47.7115
-0.333333 23255.7 49.4107
-0.343434 23257.4 51.1098
-0.353535 23259.2 52.8088
-0.363636 23260.9 54.5063
-0.373737 23262.7 56.2012
-0.383838 23264.4 57.8934
-0.393939 23266.1 59.5809
-0.40404 23267.8 61.2644
-0.414141 23269.4 62.9418
-0.424242 23271 64.6139
-0.434343 23272.6 66.2787
-0.444444 23274.1 67.9371
-0.454545 23275.6 69.5873
-0.464646 23277.1 71.2301
-0.474747 23278.5 72.8642
-0.484848 23279.9 74.4898
-0.494949 23281.2 76.1063
-0.505051 23282.6 77.7135
-0.515152 23283.9 79.3113
-0.525253 23285.2 80.8988
-0.535354 23286.5 82.4769
-0.545455 23287.8 84.0438
-0.555556 23289.1 85.6014
-0.565657 23290.4 87.147
-0.575758 23291.6 88.6832
-0.585859 23292.9 90.2067
-0.59596 23294.2 91.7211
-0.606061 23295.5 93.222
-0.616162 23296.8 94.714
-0.626263 23298.1 96.1918
-0.636364 23299.5 97.661
-0.646465 23300.8 99.1154
-0.656566 23302.2 100.562
-0.666667 23303.6 101.993
-0.676768 23305.1 103.416
-0.686869 23306.5 104.823
-0.69697 23308 106.223
-0.707071 23309.5 107.608
-0.717172 23311.1 108.986
-0.727273 23312.6 110.347
-0.737374 23314.2 111.703
-0.747475 23315.9 113.044
-0.757576 23317.5 114.379
-0.767677 23319.2 115.699
-0.777778 23320.8 117.014
-0.787879 23322.5 118.315
-0.79798 23324.2 119.613
-0.808081 23326 120.897
-0.818182 23327.7 122.178
-0.828283 23329.4 123.447
-0.838384 23331.1 124.714
-0.848485 23332.7 125.971
-0.858586 23334.4 127.226
-0.868687 23336 128.472
-0.878788 23337.6 129.716
-0.888889 23339.1 130.954
-0.89899 23340.5 132.191
-0.909091 23341.9 133.422
-0.919192 23343.2 134.652
-0.929293 23344.3 135.879
-0.939394 23345.4 137.105
-0.949495 23346.2 138.33
-0.959596 23347.1 139.555
-0.969697 23347.6 140.785
-0.979798 23348.2 142.015
-0.989899 23348.3 143.2
-1 23348.5 144.384
