0 18346 0.00171221
-0.010101 19219 7.44656
-0.020202 19193 14.8978
-0.030303 19171.4 22.7454
-0.040404 19150 30.5964
-0.0505051 19132.6 38.5295
-0.0606061 19115.5 46.4709
-0.0707071 19102.1 54.5436
-0.0808081 19088.9 62.6264
-0.0909091 19078.9 70.8264
-0.10101 19069.2 79.0365
-0.111111 19062.1 87.337
-0.121212 19055.4 95.6466
-0.131313 19050.8 104.023
-0.141414 19046.5 112.408
-0.151515 19043.8 120.842
-0.161616 19041.5 129.284
-0.171717 19040.4 137.763
-0.181818 19039.6 146.247
-0.191919 19039.7 154.76
-0.20202 19040 163.277
-0.212121 19040.9 171.814
-0.222222 19042 180.354
-0.232323 19043.5 188.905
-0.242424 19045.2 197.457
-0.252525 19047 206.013
-0.262626 19049 214.567
-0.272727 19051.1 223.118
-0.282828 19053.1 231.665
-0.292929 19055.3 240.202
-0.30303 19057.4 248.733
-0.313131 19059.5 257.247
-0.323232 19061.6 265.752
-0.333333 19063.6 274.236
-0.343434 19065.6 282.707
-0.353535 19067.4 291.154
-0.363636 19069.3 299.585
-0.373737 19071 307.989
-0.383838 19072.7 316.373
-0.393939 19074.2 324.727
-0.40404 19075.8 333.06
-0.414141 19077.2 341.36
-0.424242 19078.6 349.635
-0.434343 19079.9 357.877
-0.444444 19081.1 366.09
-0.454545 19082.3 374.268
-0.464646 19083.5 382.416
-0.474747 19084.6 390.527
-0.484848 19085.6 398.604
-0.494949 19086.6 406.645
-0.505051 19087.6 414.648
-0.515152 19088.6 422.613
-0.525253 19089.6 430.538
-0.535354 19090.5 438.425
-0.545455 19091.4 446.267
-0.555556 19092.4 454.071
-0.565657 19093.3 461.827
-0.575758 19094.2 469.545
-0.585859 19095.1 477.21
-0.59596 19096.1 484.837
-0.606061 19097.1 492.408
-0.616162 19098 499.941
-0.626263 19099 507.412
-0.636364 19100 514.846
-0.646465 19101.1 522.215
-0.656566 19102.2 529.546
-0.666667 19103.3 536.807
-0.676768 19104.4 544.031
-0.686869 19105.6 551.18
-0.69697 19106.7 558.294
-0.707071 19108 565.327
-0.717172 19109.2 572.325
-0.727273 19110.5 579.239
-0.737374 19111.9 586.119
-0.747475 19113.3 592.908
-0.757576 19114.7 599.666
-0.767677 19116.1 606.329
-0.777778 19117.6 612.962
-0.787879 19119.1 619.495
-0.79798 19120.6 625.999
-0.808081 19122.2 632.4
-0.818182 19123.7 638.774
-0.828283 19125.3 645.039
-0.838384 19126.9 651.281
-0.848485 19128.6 657.41
-0.858586 19130.2 663.518
-0.868687 19131.7 669.509
-0.878788 19133.3 675.481
-0.888889 19134.8 681.334
-0.89899 19136.4 687.17
-0.909091 19137.8 692.884
-0.919192 19139.1 698.584
-0.929293 19140.4 704.161
-0.939394 19141.6 709.726
-0.949495 19142.6 715.171
-0.959596 19143.5 720.608
-0.969697 19144.2 725.939
-0.979798 19144.9 731.265
-0.989899 19145.1 736.446
-1 19145.3 741.624
