0 -19929.7 -0.00204047
-0.010101 -20662 -6.16505
-0.020202 -20636.3 -12.3321
-0.030303 -20614.6 -18.7924
-0.040404 -20593 -25.2554
-0.0505051 -20575.1 -31.781
-0.0606061 -20557.5 -38.3141
-0.0707071 -20543.4 -44.9642
-0.0808081 -20529.5 -51.6237
-0.0909091 -20518.7 -58.392
-0.10101 -20508.2 -65.17
-0.111111 -20500.3 -72.034
-0.121212 -20492.7 -78.9069
-0.131313 -20487.3 -85.8449
-0.141414 -20482.2 -92.7909
-0.151515 -20478.9 -99.7863
-0.161616 -20475.8 -106.789
-0.171717 -20474.1 -113.83
-0.181818 -20472.6 -120.877
-0.191919 -20472.1 -127.953
-0.20202 -20471.8 -135.035
-0.212121 -20472.3 -142.139
-0.222222 -20473 -149.247
-0.232323 -20474.1 -156.369
-0.242424 -20475.4 -163.493
-0.252525 -20477 -170.625
-0.262626 -20478.6 -177.758
-0.272727 -20480.5 -184.89
-0.282828 -20482.4 -192.021
-0.292929 -20484.4 -199.146
-0.30303 -20486.4 -206.267
-0.313131 -20488.4 -213.377
-0.323232 -20490.5 -220.479
-0.333333 -20492.4 -227.566
-0.343434 -20494.4 -234.642
-0.353535 -20496.3 -241.699
-0.363636 -20498.1 -248.744
-0.373737 -20499.9 -255.765
-0.383838 -20501.6 -262.771
-0.393939 -20503.3 -269.752
-0.40404 -20504.9 -276.715
-0.414141 -20506.4 -283.651
-0.424242 -20507.8 -290.565
-0.434343 -20509.2 -297.452
-0.444444 -20510.6 -304.314
-0.454545 -20511.9 -311.147
-0.464646 -20513.1 -317.954
-0.474747 -20514.3 -324.73
-0.484848 -20515.5 -331.477
-0.494949 -20516.6 -338.192
-0.505051 -20517.7 -344.876
-0.515152 -20518.8 -351.528
-0.525253 -20519.9 -358.145
-0.535354 -20520.9 -364.73
-0.545455 -20522 -371.277
-0.555556 -20523 -377.791
-0.565657 -20524.1 -384.265
-0.575758 -20525.1 -390.706
-0.585859 -20526.2 -397.103
-0.59596 -20527.2 -403.467
-0.606061 -20528.3 -409.783
-0.616162 -20529.4 -416.068
-0.626263 -20530.5 -422.3
-0.636364 -20531.6 -428.501
-0.646465 -20532.8 -434.646
-0.656566 -20533.9 -440.76
-0.666667 -20535.1 -446.815
-0.676768 -20536.4 -452.839
-0.686869 -20537.6 -458.8
-0.69697 -20538.9 -464.73
-0.707071 -20540.3 -470.594
-0.717172 -20541.6 -476.428
-0.727273 -20543.1 -482.192
-0.737374 -20544.5 -487.927
-0.747475 -20546 -493.588
-0.757576 -20547.5 -499.222
-0.767677 -20549 -504.778
-0.777778 -20550.6 -510.308
-0.787879 -20552.2 -515.756
-0.79798 -20553.8 -521.182
-0.808081 -20555.4 -526.521
-0.818182 -20557.1 -531.839
-0.828283 -20558.7 -537.069
-0.838384 -20560.4 -542.28
-0.848485 -20562.1 -547.399
-0.858586 -20563.7 -552.5
-0.868687 -20565.4 -557.508
-0.878788 -20567 -562.501
-0.888889 -20568.5 -567.397
-0.89899 -20570.1 -572.281
-0.909091 -20571.5 -577.067
-0.919192 -20572.9 -581.842
-0.929293 -20574.1 -586.519
-0.939394 -20575.3 -591.187
-0.949495 -20576.3 -595.76
-0.959596 -20577.3 -600.326
-0.969697 -20577.9 -604.811
-0.979798 -20578.6 -609.291
-0.989899 -20578.8 -613.648
-1 -20579 -618.002
