0 5771.95 0.000690006
-0.010101 7177.67 12.381
-0.020202 7155.99 24.778
-0.030303 7140.15 38.0291
-0.040404 7124.51 51.2877
-0.0505051 7113.66 64.7257
-0.0606061 7103.06 78.1759
-0.0707071 7096.28 91.8149
-0.0808081 7089.75 105.467
-0.0909091 7086.17 119.264
-0.10101 7082.83 133.073
-0.111111 7081.68 146.985
-0.121212 7080.74 160.906
-0.131313 7081.36 174.899
-0.141414 7082.14 188.899
-0.151515 7083.98 202.946
-0.161616 7085.94 217
-0.171717 7088.54 231.085
-0.181818 7091.21 245.174
-0.191919 7094.23 259.281
-0.20202 7097.27 273.388
-0.212121 7100.42 287.501
-0.222222 7103.57 301.613
-0.232323 7106.67 315.718
-0.242424 7109.73 329.819
-0.252525 7112.65 343.904
-0.262626 7115.5 357.981
-0.272727 7118.14 372.034
-0.282828 7120.7 386.074
-0.292929 7123.04 400.083
-0.30303 7125.27 414.076
-0.313131 7127.27 428.031
-0.323232 7129.17 441.967
-0.333333 7130.85 455.86
-0.343434 7132.43 469.729
-0.353535 7133.81 483.552
-0.363636 7135.09 497.347
-0.373737 7136.2 511.093
-0.383838 7137.21 524.808
-0.393939 7138.09 538.47
-0.40404 7138.88 552.097
-0.414141 7139.56 565.67
-0.424242 7140.17 579.204
-0.434343 7140.69 592.682
-0.444444 7141.15 606.116
-0.454545 7141.54 619.493
-0.464646 7141.89 632.821
-0.474747 7142.19 646.092
-0.484848 7142.46 659.31
-0.494949 7142.69 672.468
-0.505051 7142.9 685.568
-0.515152 7143.09 698.609
-0.525253 7143.27 711.586
-0.535354 7143.43 724.503
-0.545455 7143.6 737.35
-0.555556 7143.76 750.137
-0.565657 7143.92 762.847
-0.575758 7144.09 775.497
-0.585859 7144.27 788.064
-0.59596 7144.46 800.571
-0.606061 7144.66 812.987
-0.616162 7144.88 825.343
-0.626263 7145.12 837.601
-0.636364 7145.37 849.799
-0.646465 7145.65 861.891
-0.656566 7145.95 873.924
-0.666667 7146.28 885.843
-0.676768 7146.62 897.703
-0.686869 7147.01 909.439
-0.69697 7147.41 921.118
-0.707071 7147.86 932.665
-0.717172 7148.33 944.156
-0.727273 7148.85 955.504
-0.737374 7149.38 966.798
-0.747475 7149.97 977.94
-0.757576 7150.58 989.03
-0.767677 7151.25 999.958
-0.777778 7151.93 1010.84
-0.787879 7152.68 1021.54
-0.79798 7153.44 1032.2
-0.808081 7154.27 1042.68
-0.818182 7155.11 1053.11
-0.828283 7156.01 1063.35
-0.838384 7156.93 1073.55
-0.848485 7157.89 1083.55
-0.858586 7158.86 1093.52
-0.868687 7159.87 1103.27
-0.878788 7160.89 1112.99
-0.888889 7161.92 1122.49
-0.89899 7162.95 1131.96
-0.909091 7163.96 1141.21
-0.919192 7164.96 1150.44
-0.929293 7165.9 1159.43
-0.939394 7166.83 1168.41
-0.949495 7167.62 1177.16
-0.959596 7168.41 1185.9
-0.969697 7168.97 1194.42
-0.979798 7169.53 1202.94
-0.989899 7169.75 1211.24
-1 7169.96 1219.54
