0 22008 0.00198738
-0.010101 21412.5 -5.64749
-0.020202 21400.9 -11.3107
-0.030303 21388.1 -17.5579
-0.040404 21375.3 -23.8103
-0.0505051 21362.3 -30.1874
-0.0606061 21349.4 -36.568
-0.0707071 21336.9 -43.0054
-0.0808081 21324.6 -49.4444
-0.0909091 21313.2 -55.9009
-0.10101 21302 -62.3574
-0.111111 21292 -68.8133
-0.121212 21282.1 -75.2681
-0.131313 21273.6 -81.7144
-0.141414 21265.3 -88.1586
-0.151515 21258.3 -94.59
-0.161616 21251.6 -101.018
-0.171717 21246 -107.43
-0.181818 21240.7 -113.837
-0.191919 21236.5 -120.223
-0.20202 21232.6 -126.603
-0.212121 21229.6 -132.959
-0.222222 21226.8 -139.307
-0.232323 21224.8 -145.629
-0.242424 21223.1 -151.941
-0.252525 21222 -158.225
-0.262626 21221 -164.498
-0.272727 21220.6 -170.743
-0.282828 21220.4 -176.976
-0.292929 21220.5 -183.18
-0.30303 21220.8 -189.371
-0.313131 21221.4 -195.535
-0.323232 21222.1 -201.685
-0.333333 21223 -207.808
-0.343434 21223.9 -213.918
-0.353535 21225 -220.001
-0.363636 21226.2 -226.069
-0.373737 21227.4 -232.113
-0.383838 21228.7 -238.141
-0.393939 21230.1 -244.144
-0.40404 21231.4 -250.131
-0.414141 21232.8 -256.095
-0.424242 21234.2 -262.041
-0.434343 21235.6 -267.963
-0.444444 21237 -273.867
-0.454545 21238.4 -279.747
-0.464646 21239.8 -285.607
-0.474747 21241.2 -291.444
-0.484848 21242.6 -297.26
-0.494949 21243.9 -303.051
-0.505051 21245.3 -308.82
-0.515152 21246.6 -314.564
-0.525253 21247.9 -320.283
-0.535354 21249.2 -325.978
-0.545455 21250.5 -331.644
-0.555556 21251.8 -337.287
-0.565657 21253.1 -342.898
-0.575758 21254.4 -348.485
-0.585859 21255.7 -354.039
-0.59596 21257 -359.567
-0.606061 21258.3 -365.059
-0.616162 21259.6 -370.525
-0.626263 21260.9 -375.951
-0.636364 21262.2 -381.352
-0.646465 21263.6 -386.708
-0.656566 21264.9 -392.039
-0.666667 21266.2 -397.321
-0.676768 21267.6 -402.578
-0.686869 21269 -407.781
-0.69697 21270.4 -412.959
-0.707071 21271.8 -418.079
-0.717172 21273.2 -423.173
-0.727273 21274.6 -428.203
-0.737374 21276 -433.208
-0.747475 21277.4 -438.143
-0.757576 21278.9 -443.054
-0.767677 21280.3 -447.889
-0.777778 21281.7 -452.699
-0.787879 21283.2 -457.427
-0.79798 21284.6 -462.131
-0.808081 21286 -466.746
-0.818182 21287.3 -471.339
-0.828283 21288.7 -475.835
-0.838384 21290 -480.309
-0.848485 21291.3 -484.68
-0.858586 21292.5 -489.032
-0.868687 21293.7 -493.273
-0.878788 21294.8 -497.496
-0.888889 21295.8 -501.602
-0.89899 21296.8 -505.692
-0.909091 21297.7 -509.66
-0.919192 21298.5 -513.614
-0.929293 21299.2 -517.441
-0.939394 21299.9 -521.258
-0.949495 21300.4 -524.946
-0.959596 21300.8 -528.626
-0.969697 21301.1 -532.181
-0.979798 21301.4 -535.731
-0.989899 21301.5 -539.206
-1 21301.5 -542.679
