0 -23158.8 -0.00248426
-0.010101 -23386 -1.63651
-0.020202 -23363.7 -3.2669
-0.030303 -23343.4 -4.83334
-0.040404 -23323.2 -6.39915
-0.0505051 -23305.5 -7.94986
-0.0606061 -23287.9 -9.50387
-0.0707071 -23272.9 -11.1095
-0.0808081 -23258.1 -12.7207
-0.0909091 -23245.8 -14.3957
-0.10101 -23233.8 -16.0771
-0.111111 -23224 -17.8153
-0.121212 -23214.6 -19.5598
-0.131313 -23207.2 -21.3506
-0.141414 -23200.1 -23.1477
-0.151515 -23194.7 -24.9827
-0.161616 -23189.6 -26.8239
-0.171717 -23186 -28.6974
-0.181818 -23182.7 -30.5771
-0.191919 -23180.5 -32.4852
-0.20202 -23178.6 -34.3996
-0.212121 -23177.6 -36.339
-0.222222 -23176.8 -38.2844
-0.232323 -23176.7 -40.2513
-0.242424 -23176.8 -42.2237
-0.252525 -23177.3 -44.2137
-0.262626 -23178.1 -46.2085
-0.272727 -23179.1 -48.2166
-0.282828 -23180.3 -50.2284
-0.292929 -23181.7 -52.2494
-0.30303 -23183.2 -54.2727
-0.313131 -23184.8 -56.3014
-0.323232 -23186.5 -58.3309
-0.333333 -23188.2 -60.3622
-0.343434 -23189.9 -62.3929
-0.353535 -23191.7 -64.4224
-0.363636 -23193.4 -66.4498
-0.373737 -23195.2 -68.4734
-0.383838 -23196.9 -70.4934
-0.393939 -23198.6 -72.5077
-0.40404 -23200.3 -74.517
-0.414141 -23201.9 -76.519
-0.424242 -23203.5 -78.5147
-0.434343 -23205.1 -80.5019
-0.444444 -23206.6 -82.4817
-0.454545 -23208.1 -84.452
-0.464646 -23209.5 -86.4138
-0.474747 -23211 -88.3655
-0.484848 -23212.4 -90.3075
-0.494949 -23213.7 -92.239
-0.505051 -23215.1 -94.1598
-0.515152 -23216.4 -96.0699
-0.525253 -23217.7 -97.9682
-0.535354 -23219 -99.8557
-0.545455 -23220.2 -101.73
-0.555556 -23221.5 -103.594
-0.565657 -23222.8 -105.445
-0.575758 -23224 -107.284
-0.585859 -23225.3 -109.109
-0.59596 -23226.6 -110.923
-0.606061 -23227.9 -112.722
-0.616162 -23229.2 -114.51
-0.626263 -23230.5 -116.282
-0.636364 -23231.8 -118.044
-0.646465 -23233.2 -119.789
-0.656566 -23234.5 -121.524
-0.666667 -23236 -123.241
-0.676768 -23237.4 -124.949
-0.686869 -23238.8 -126.638
-0.69697 -23240.3 -128.319
-0.707071 -23241.8 -129.98
-0.717172 -23243.4 -131.634
-0.727273 -23244.9 -133.269
-0.737374 -23246.5 -134.896
-0.747475 -23248.1 -136.504
-0.757576 -23249.8 -138.105
-0.767677 -23251.4 -139.688
-0.777778 -23253.1 -141.264
-0.787879 -23254.8 -142.823
-0.79798 -23256.5 -144.376
-0.808081 -23258.2 -145.912
-0.818182 -23260 -147.443
-0.828283 -23261.7 -148.959
-0.838384 -23263.4 -150.47
-0.848485 -23265 -151.967
-0.858586 -23266.7 -153.461
-0.868687 -23268.3 -154.941
-0.878788 -23269.9 -156.419
-0.888889 -23271.4 -157.884
-0.89899 -23272.9 -159.348
-0.909091 -23274.2 -160.8
-0.919192 -23275.5 -162.252
-0.929293 -23276.7 -163.693
-0.939394 -23277.8 -165.134
-0.949495 -23278.6 -166.568
-0.959596 -23279.5 -168.002
-0.969697 -23280 -169.435
-0.979798 -23280.6 -170.869
-0.989899 -23280.8 -172.251
-1 -23281 -173.633
