0 19475.1 0.00201229
-0.010101 18590.2 -8.17233
-0.020202 18584.2 -16.3637
-0.030303 18575.8 -25.3029
-0.040404 18567.3 -34.2488
-0.0505051 18557.5 -43.3537
-0.0606061 18547.7 -52.4648
-0.0707071 18537.5 -61.6729
-0.0808081 18527.3 -70.8854
-0.0909091 18517.4 -80.1481
-0.10101 18507.5 -89.4134
-0.111111 18498.3 -98.7017
-0.121212 18489.2 -107.991
-0.131313 18481.1 -117.289
-0.141414 18473 -126.587
-0.151515 18466 -135.883
-0.161616 18459.2 -145.178
-0.171717 18453.3 -154.465
-0.181818 18447.7 -163.748
-0.191919 18443.1 -173.015
-0.20202 18438.6 -182.277
-0.212121 18435.1 -191.518
-0.222222 18431.7 -200.75
-0.232323 18429.2 -209.957
-0.242424 18426.8 -219.153
-0.252525 18425.1 -228.319
-0.262626 18423.6 -237.474
-0.272727 18422.6 -246.595
-0.282828 18421.7 -255.703
-0.292929 18421.3 -264.776
-0.30303 18421.1 -273.834
-0.313131 18421.2 -282.856
-0.323232 18421.4 -291.862
-0.333333 18421.8 -300.833
-0.343434 18422.4 -309.785
-0.353535 18423.1 -318.701
-0.363636 18423.9 -327.598
-0.373737 18424.9 -336.459
-0.383838 18425.8 -345.299
-0.393939 18426.9 -354.103
-0.40404 18428 -362.885
-0.414141 18429.2 -371.631
-0.424242 18430.4 -380.351
-0.434343 18431.6 -389.037
-0.444444 18432.8 -397.695
-0.454545 18434 -406.318
-0.464646 18435.3 -414.911
-0.474747 18436.5 -423.469
-0.484848 18437.7 -431.994
-0.494949 18439 -440.483
-0.505051 18440.2 -448.936
-0.515152 18441.4 -457.354
-0.525253 18442.6 -465.733
-0.535354 18443.8 -474.075
-0.545455 18445 -482.374
-0.555556 18446.2 -490.637
-0.565657 18447.4 -498.853
-0.575758 18448.6 -507.033
-0.585859 18449.7 -515.161
-0.59596 18450.9 -523.252
-0.606061 18452.1 -531.287
-0.616162 18453.3 -539.286
-0.626263 18454.5 -547.223
-0.636364 18455.6 -555.122
-0.646465 18456.8 -562.956
-0.656566 18458 -570.752
-0.666667 18459.2 -578.475
-0.676768 18460.4 -586.161
-0.686869 18461.6 -593.768
-0.69697 18462.9 -601.338
-0.707071 18464.1 -608.823
-0.717172 18465.3 -616.271
-0.727273 18466.5 -623.626
-0.737374 18467.7 -630.944
-0.747475 18469 -638.162
-0.757576 18470.2 -645.344
-0.767677 18471.4 -652.418
-0.777778 18472.6 -659.457
-0.787879 18473.7 -666.379
-0.79798 18474.9 -673.268
-0.808081 18476 -680.031
-0.818182 18477.1 -686.762
-0.828283 18478.2 -693.358
-0.838384 18479.2 -699.925
-0.848485 18480.2 -706.348
-0.858586 18481.2 -712.743
-0.868687 18482 -718.987
-0.878788 18482.9 -725.206
-0.888889 18483.6 -731.264
-0.89899 18484.3 -737.301
-0.909091 18484.9 -743.171
-0.919192 18485.5 -749.022
-0.929293 18485.9 -754.701
-0.939394 18486.3 -760.365
-0.949495 18486.6 -765.856
-0.959596 18486.8 -771.337
-0.969697 18487 -776.652
-0.979798 18487.1 -781.96
-0.989899 18487.1 -787.146
-1 18487.2 -792.331
