0 8860.44 0.00106882
-0.010101 10195 11.6986
-0.020202 10171.5 23.411
-0.030303 10153.8 35.9035
-0.040404 10136.3 48.4028
-0.0505051 10123.5 61.0659
-0.0606061 10111.1 73.7406
-0.0707071 10102.5 86.5978
-0.0808081 10094.2 99.4676
-0.0909091 10089 112.482
-0.10101 10084.1 125.508
-0.111111 10081.6 138.638
-0.121212 10079.3 151.777
-0.131313 10078.7 164.989
-0.141414 10078.4 178.21
-0.151515 10079.2 191.48
-0.161616 10080.3 204.757
-0.171717 10082.1 218.067
-0.181818 10084.1 231.383
-0.191919 10086.6 244.718
-0.20202 10089.1 258.056
-0.212121 10091.8 271.402
-0.222222 10094.6 284.748
-0.232323 10097.5 298.092
-0.242424 10100.3 311.432
-0.252525 10103.1 324.761
-0.262626 10105.9 338.083
-0.272727 10108.5 351.384
-0.282828 10111 364.674
-0.292929 10113.4 377.937
-0.30303 10115.7 391.185
-0.313131 10117.8 404.4
-0.323232 10119.8 417.596
-0.333333 10121.6 430.753
-0.343434 10123.3 443.888
-0.353535 10124.9 456.98
-0.363636 10126.3 470.046
-0.373737 10127.6 483.066
-0.383838 10128.8 496.057
-0.393939 10129.9 508.998
-0.40404 10130.9 521.906
-0.414141 10131.7 534.763
-0.424242 10132.5 547.582
-0.434343 10133.3 560.349
-0.444444 10133.9 573.073
-0.454545 10134.5 585.744
-0.464646 10135.1 598.369
-0.474747 10135.5 610.938
-0.484848 10136 623.457
-0.494949 10136.4 635.92
-0.505051 10136.8 648.327
-0.515152 10137.2 660.678
-0.525253 10137.6 672.967
-0.535354 10137.9 685.2
-0.545455 10138.3 697.366
-0.555556 10138.6 709.475
-0.565657 10138.9 721.511
-0.575758 10139.3 733.489
-0.585859 10139.6 745.388
-0.59596 10140 757.23
-0.606061 10140.4 768.987
-0.616162 10140.8 780.685
-0.626263 10141.2 792.291
-0.636364 10141.7 803.84
-0.646465 10142.1 815.288
-0.656566 10142.6 826.68
-0.666667 10143.1 837.963
-0.676768 10143.7 849.191
-0.686869 10144.2 860.302
-0.69697 10144.8 871.359
-0.707071 10145.5 882.29
-0.717172 10146.1 893.167
-0.727273 10146.9 903.911
-0.737374 10147.6 914.603
-0.747475 10148.4 925.152
-0.757576 10149.2 935.651
-0.767677 10150.1 945.998
-0.777778 10151 956.297
-0.787879 10151.9 966.436
-0.79798 10152.9 976.529
-0.808081 10153.9 986.452
-0.818182 10154.9 996.333
-0.828283 10156 1006.04
-0.838384 10157.1 1015.7
-0.848485 10158.3 1025.17
-0.858586 10159.4 1034.61
-0.868687 10160.6 1043.86
-0.878788 10161.8 1053.07
-0.888889 10163 1062.08
-0.89899 10164.2 1071.07
-0.909091 10165.3 1079.84
-0.919192 10166.4 1088.59
-0.929293 10167.5 1097.13
-0.939394 10168.5 1105.65
-0.949495 10169.4 1113.96
-0.959596 10170.2 1122.26
-0.969697 10170.8 1130.36
-0.979798 10171.4 1138.46
-0.989899 10171.6 1146.35
-1 10171.9 1154.23
