0 23209.1 0.00238414
-0.010101 22868.3 -3.4059
-0.020202 22852.7 -6.82517
-0.030303 22836.9 -10.6753
-0.040404 22821.1 -14.5292
-0.0505051 22806.1 -18.4756
-0.0606061 22791.1 -22.4234
-0.0707071 22777.3 -26.3937
-0.0808081 22763.7 -30.3633
-0.0909091 22751.6 -34.3237
-0.10101 22739.7 -38.2819
-0.111111 22729.4 -42.2207
-0.121212 22719.3 -46.1565
-0.131313 22710.9 -50.0708
-0.141414 22702.7 -53.9816
-0.151515 22696 -57.8707
-0.161616 22689.5 -61.7554
-0.171717 22684.4 -65.6176
-0.181818 22679.6 -69.4745
-0.191919 22675.9 -73.3074
-0.20202 22672.5 -77.134
-0.212121 22670.1 -80.9351
-0.222222 22667.9 -84.729
-0.232323 22666.4 -88.4967
-0.242424 22665.2 -92.2562
-0.252525 22664.6 -95.9898
-0.262626 22664.2 -99.7147
-0.272727 22664.3 -103.415
-0.282828 22664.5 -107.105
-0.292929 22665.1 -110.772
-0.30303 22665.8 -114.43
-0.313131 22666.7 -118.067
-0.323232 22667.8 -121.694
-0.333333 22669 -125.301
-0.343434 22670.2 -128.899
-0.353535 22671.6 -132.478
-0.363636 22673 -136.049
-0.373737 22674.5 -139.603
-0.383838 22676 -143.147
-0.393939 22677.5 -146.676
-0.40404 22679 -150.196
-0.414141 22680.5 -153.701
-0.424242 22682 -157.196
-0.434343 22683.6 -160.678
-0.444444 22685 -164.149
-0.454545 22686.5 -167.606
-0.464646 22688 -171.053
-0.474747 22689.4 -174.487
-0.484848 22690.9 -177.908
-0.494949 22692.3 -181.317
-0.505051 22693.7 -184.713
-0.515152 22695 -188.096
-0.525253 22696.4 -191.465
-0.535354 22697.7 -194.82
-0.545455 22699.1 -198.16
-0.555556 22700.4 -201.487
-0.565657 22701.8 -204.797
-0.575758 22703.1 -208.094
-0.585859 22704.4 -211.371
-0.59596 22705.8 -214.635
-0.606061 22707.1 -217.878
-0.616162 22708.4 -221.107
-0.626263 22709.8 -224.314
-0.636364 22711.2 -227.506
-0.646465 22712.6 -230.672
-0.656566 22714 -233.824
-0.666667 22715.4 -236.948
-0.676768 22716.8 -240.057
-0.686869 22718.3 -243.135
-0.69697 22719.7 -246.198
-0.707071 22721.2 -249.227
-0.717172 22722.7 -252.241
-0.727273 22724.2 -255.216
-0.737374 22725.8 -258.176
-0.747475 22727.3 -261.094
-0.757576 22728.9 -263.996
-0.767677 22730.4 -266.852
-0.777778 22732 -269.693
-0.787879 22733.6 -272.482
-0.79798 22735.1 -275.256
-0.808081 22736.7 -277.973
-0.818182 22738.2 -280.676
-0.828283 22739.7 -283.317
-0.838384 22741.3 -285.945
-0.848485 22742.7 -288.504
-0.858586 22744.1 -291.051
-0.868687 22745.5 -293.526
-0.878788 22746.8 -295.988
-0.888889 22748 -298.373
-0.89899 22749.2 -300.747
-0.909091 22750.3 -303.039
-0.919192 22751.3 -305.322
-0.929293 22752.2 -307.519
-0.939394 22753 -309.709
-0.949495 22753.6 -311.811
-0.959596 22754.3 -313.908
-0.969697 22754.6 -315.918
-0.979798 22755 -317.924
-0.989899 22755.1 -319.894
-1 22755.2 -321.863
