0 -20349.1 -0.00210021
-0.010101 -19546.9 7.4545
-0.020202 -19539.2 14.9273
-0.030303 -19529.4 23.1026
-0.040404 -19519.5 31.2841
-0.0505051 -19508.7 39.615
-0.0606061 -19497.9 47.9513
-0.0707071 -19486.9 56.373
-0.0808081 -19476.1 64.7983
-0.0909091 -19465.6 73.264
-0.10101 -19455.3 81.7315
-0.111111 -19445.8 90.2149
-0.121212 -19436.5 98.6988
-0.131313 -19428.1 107.186
-0.141414 -19420 115.672
-0.151515 -19412.9 124.154
-0.161616 -19406.1 132.633
-0.171717 -19400.3 141.102
-0.181818 -19394.8 149.566
-0.191919 -19390.2 158.014
-0.20202 -19385.9 166.455
-0.212121 -19382.5 174.874
-0.222222 -19379.3 183.286
-0.232323 -19376.9 191.67
-0.242424 -19374.7 200.045
-0.252525 -19373.2 208.39
-0.262626 -19371.8 216.723
-0.272727 -19371 225.025
-0.282828 -19370.3 233.313
-0.292929 -19370.1 241.568
-0.30303 -19370 249.809
-0.313131 -19370.2 258.016
-0.323232 -19370.6 266.208
-0.333333 -19371.2 274.366
-0.343434 -19371.8 282.507
-0.353535 -19372.7 290.615
-0.363636 -19373.6 298.705
-0.373737 -19374.6 306.763
-0.383838 -19375.7 314.8
-0.393939 -19376.9 322.806
-0.40404 -19378.1 330.79
-0.414141 -19379.3 338.742
-0.424242 -19380.6 346.671
-0.434343 -19381.8 354.568
-0.444444 -19383.1 362.44
-0.454545 -19384.4 370.28
-0.464646 -19385.7 378.093
-0.474747 -19387 385.874
-0.484848 -19388.3 393.626
-0.494949 -19389.5 401.345
-0.505051 -19390.8 409.032
-0.515152 -19392.1 416.687
-0.525253 -19393.3 424.306
-0.535354 -19394.6 431.893
-0.545455 -19395.8 439.441
-0.555556 -19397 446.956
-0.565657 -19398.2 454.429
-0.575758 -19399.5 461.868
-0.585859 -19400.7 469.262
-0.59596 -19401.9 476.621
-0.606061 -19403.1 483.93
-0.616162 -19404.3 491.206
-0.626263 -19405.6 498.426
-0.636364 -19406.8 505.613
-0.646465 -19408 512.739
-0.656566 -19409.3 519.831
-0.666667 -19410.5 526.858
-0.676768 -19411.8 533.85
-0.686869 -19413.1 540.771
-0.69697 -19414.3 547.659
-0.707071 -19415.6 554.468
-0.717172 -19416.9 561.244
-0.727273 -19418.2 567.935
-0.737374 -19419.5 574.593
-0.747475 -19420.8 581.159
-0.757576 -19422 587.693
-0.767677 -19423.3 594.127
-0.777778 -19424.6 600.53
-0.787879 -19425.9 606.825
-0.79798 -19427.1 613.089
-0.808081 -19428.3 619.239
-0.818182 -19429.5 625.359
-0.828283 -19430.7 631.355
-0.838384 -19431.8 637.323
-0.848485 -19432.9 643.16
-0.858586 -19433.9 648.971
-0.868687 -19434.9 654.642
-0.878788 -19435.8 660.29
-0.888889 -19436.6 665.79
-0.89899 -19437.4 671.27
-0.909091 -19438.1 676.595
-0.919192 -19438.8 681.904
-0.929293 -19439.3 687.053
-0.939394 -19439.8 692.188
-0.949495 -19440.1 697.162
-0.959596 -19440.4 702.126
-0.969697 -19440.6 706.936
-0.979798 -19440.7 711.74
-0.989899 -19440.8 716.437
-1 -19440.8 721.131
