0 -14047.8 -0.00156042
-0.010101 -15187.6 -9.88253
-0.020202 -15162.1 -19.7743
-0.030303 -15141.8 -30.2741
-0.040404 -15121.6 -40.7791
-0.0505051 -15106.1 -51.412
-0.0606061 -15090.8 -62.0552
-0.0707071 -15079.5 -72.8612
-0.0808081 -15068.4 -83.679
-0.0909091 -15060.5 -94.6328
-0.10101 -15053 -105.598
-0.111111 -15048 -116.664
-0.121212 -15043.3 -127.739
-0.131313 -15040.7 -138.888
-0.141414 -15038.3 -150.045
-0.151515 -15037.4 -161.254
-0.161616 -15036.7 -172.47
-0.171717 -15037.1 -183.723
-0.181818 -15037.7 -194.982
-0.191919 -15039 -206.266
-0.20202 -15040.4 -217.554
-0.212121 -15042.4 -228.857
-0.222222 -15044.3 -240.161
-0.232323 -15046.6 -251.47
-0.242424 -15048.9 -262.779
-0.252525 -15051.3 -274.083
-0.262626 -15053.7 -285.383
-0.272727 -15056.2 -296.671
-0.282828 -15058.5 -307.951
-0.292929 -15060.9 -319.212
-0.30303 -15063.1 -330.463
-0.313131 -15065.3 -341.687
-0.323232 -15067.4 -352.898
-0.333333 -15069.4 -364.078
-0.343434 -15071.3 -375.24
-0.353535 -15073.1 -386.367
-0.363636 -15074.8 -397.472
-0.373737 -15076.3 -408.54
-0.383838 -15077.8 -419.582
-0.393939 -15079.2 -430.584
-0.40404 -15080.5 -441.557
-0.414141 -15081.6 -452.487
-0.424242 -15082.8 -463.385
-0.434343 -15083.8 -474.238
-0.444444 -15084.8 -485.055
-0.454545 -15085.7 -495.827
-0.464646 -15086.6 -506.558
-0.474747 -15087.4 -517.243
-0.484848 -15088.2 -527.883
-0.494949 -15088.9 -538.476
-0.505051 -15089.7 -549.02
-0.515152 -15090.3 -559.516
-0.525253 -15091 -569.959
-0.535354 -15091.7 -580.353
-0.545455 -15092.3 -590.69
-0.555556 -15093 -600.978
-0.565657 -15093.7 -611.203
-0.575758 -15094.3 -621.378
-0.585859 -15095 -631.486
-0.59596 -15095.7 -641.545
-0.606061 -15096.4 -651.529
-0.616162 -15097.1 -661.465
-0.626263 -15097.8 -671.321
-0.636364 -15098.5 -681.128
-0.646465 -15099.3 -690.85
-0.656566 -15100.1 -700.523
-0.666667 -15101 -710.103
-0.676768 -15101.8 -719.636
-0.686869 -15102.7 -729.07
-0.69697 -15103.6 -738.457
-0.707071 -15104.6 -747.739
-0.717172 -15105.6 -756.974
-0.727273 -15106.6 -766.097
-0.737374 -15107.7 -775.175
-0.747475 -15108.8 -784.133
-0.757576 -15110 -793.049
-0.767677 -15111.2 -801.838
-0.777778 -15112.4 -810.586
-0.787879 -15113.7 -819.199
-0.79798 -15114.9 -827.775
-0.808081 -15116.3 -836.209
-0.818182 -15117.6 -844.608
-0.828283 -15119 -852.858
-0.838384 -15120.4 -861.076
-0.848485 -15121.8 -869.139
-0.858586 -15123.3 -877.173
-0.868687 -15124.7 -885.046
-0.878788 -15126.1 -892.892
-0.888889 -15127.5 -900.573
-0.89899 -15128.9 -908.231
-0.909091 -15130.2 -915.718
-0.919192 -15131.5 -923.186
-0.929293 -15132.7 -930.48
-0.939394 -15133.8 -937.759
-0.949495 -15134.8 -944.868
-0.959596 -15135.7 -951.966
-0.969697 -15136.4 -958.91
-0.979798 -15137 -965.847
-0.989899 -15137.3 -972.602
-1 -15137.5 -979.352
