0 -671.876 -9.74207e-05
-0.010101 795.635 13.0347
-0.020202 778.685 26.0889
-0.030303 767.493 40.0958
-0.040404 756.488 54.1111
-0.0505051 749.983 68.3271
-0.0606061 743.695 82.5553
-0.0707071 740.805 96.9743
-0.0808081 738.129 111.405
-0.0909091 737.917 125.977
-0.10101 737.893 140.559
-0.111111 739.567 155.236
-0.121212 741.388 169.922
-0.131313 744.293 184.672
-0.141414 747.299 199.427
-0.151515 750.917 214.224
-0.161616 754.585 229.026
-0.171717 758.514 243.852
-0.181818 762.446 258.68
-0.191919 766.391 273.519
-0.20202 770.296 288.358
-0.212121 774.046 303.194
-0.222222 777.724 318.027
-0.232323 781.144 332.848
-0.242424 784.465 347.661
-0.252525 787.476 362.453
-0.262626 790.372 377.233
-0.272727 792.94 391.983
-0.282828 795.383 406.719
-0.292929 797.507 421.418
-0.30303 799.503 436.098
-0.313131 801.204 450.736
-0.323232 802.782 465.352
-0.333333 804.097 479.921
-0.343434 805.296 494.464
-0.353535 806.271 508.957
-0.363636 807.142 523.42
-0.373737 807.826 537.831
-0.383838 808.418 552.208
-0.393939 808.86 566.53
-0.40404 809.225 580.815
-0.414141 809.472 595.043
-0.424242 809.656 609.23
-0.434343 809.751 623.359
-0.444444 809.797 637.442
-0.454545 809.778 651.466
-0.464646 809.721 665.439
-0.474747 809.62 679.352
-0.484848 809.492 693.21
-0.494949 809.336 707.007
-0.505051 809.163 720.743
-0.515152 808.974 734.417
-0.525253 808.777 748.025
-0.535354 808.572 761.571
-0.545455 808.366 775.044
-0.555556 808.16 788.455
-0.565657 807.958 801.786
-0.575758 807.761 815.055
-0.585859 807.573 828.237
-0.59596 807.393 841.357
-0.606061 807.227 854.382
-0.616162 807.072 867.345
-0.626263 806.934 880.206
-0.636364 806.809 893.005
-0.646465 806.706 905.693
-0.656566 806.615 918.318
-0.666667 806.552 930.825
-0.676768 806.502 943.27
-0.686869 806.484 955.586
-0.69697 806.48 967.842
-0.707071 806.513 979.958
-0.717172 806.562 992.016
-0.727273 806.652 1003.92
-0.737374 806.76 1015.78
-0.747475 806.915 1027.47
-0.757576 807.087 1039.1
-0.767677 807.314 1050.57
-0.777778 807.558 1061.98
-0.787879 807.862 1073.21
-0.79798 808.183 1084.39
-0.808081 808.568 1095.37
-0.818182 808.97 1106.31
-0.828283 809.439 1117.05
-0.838384 809.923 1127.74
-0.848485 810.472 1138.21
-0.858586 811.034 1148.65
-0.868687 811.655 1158.86
-0.878788 812.285 1169.04
-0.888889 812.96 1178.98
-0.89899 813.641 1188.89
-0.909091 814.341 1198.56
-0.919192 815.043 1208.2
-0.929293 815.725 1217.6
-0.939394 816.406 1226.97
-0.949495 817.012 1236.1
-0.959596 817.614 1245.22
-0.969697 818.064 1254.1
-0.979798 818.508 1262.98
-0.989899 818.685 1271.64
-1 818.857 1280.29
