0 -2832.77 -0.000410492
-0.010101 -1369.21 13.035
-0.020202 -1384.28 26.0905
-0.030303 -1393.72 40.1157
-0.040404 -1402.97 54.1495
-0.0505051 -1407.91 68.3878
-0.0606061 -1412.63 82.6381
-0.0707071 -1414.16 97.0767
-0.0808081 -1415.49 111.527
-0.0909091 -1414.57 126.113
-0.10101 -1413.47 140.71
-0.111111 -1410.87 155.397
-0.121212 -1408.15 170.093
-0.131313 -1404.53 184.848
-0.141414 -1400.82 199.61
-0.151515 -1396.66 214.41
-0.161616 -1392.48 229.213
-0.171717 -1388.17 244.038
-0.181818 -1383.88 258.866
-0.191919 -1379.69 273.701
-0.20202 -1375.56 288.535
-0.212121 -1371.67 303.365
-0.222222 -1367.88 318.191
-0.232323 -1364.41 333.002
-0.242424 -1361.05 347.805
-0.252525 -1358.06 362.584
-0.262626 -1355.2 377.352
-0.272727 -1352.7 392.088
-0.282828 -1350.34 406.809
-0.292929 -1348.32 421.492
-0.30303 -1346.44 436.156
-0.313131 -1344.87 450.776
-0.323232 -1343.42 465.375
-0.333333 -1342.25 479.925
-0.343434 -1341.2 494.449
-0.353535 -1340.38 508.923
-0.363636 -1339.66 523.367
-0.373737 -1339.13 537.758
-0.383838 -1338.69 552.116
-0.393939 -1338.4 566.418
-0.40404 -1338.19 580.683
-0.414141 -1338.09 594.892
-0.424242 -1338.05 609.059
-0.434343 -1338.1 623.168
-0.444444 -1338.2 637.232
-0.454545 -1338.36 651.237
-0.464646 -1338.55 665.191
-0.474747 -1338.78 679.085
-0.484848 -1339.04 692.924
-0.494949 -1339.33 706.703
-0.505051 -1339.62 720.421
-0.515152 -1339.94 734.078
-0.525253 -1340.26 747.668
-0.535354 -1340.59 761.197
-0.545455 -1340.91 774.654
-0.555556 -1341.24 788.048
-0.565657 -1341.56 801.363
-0.575758 -1341.88 814.616
-0.585859 -1342.19 827.783
-0.59596 -1342.49 840.887
-0.606061 -1342.77 853.898
-0.616162 -1343.05 866.846
-0.626263 -1343.31 879.693
-0.636364 -1343.56 892.477
-0.646465 -1343.8 905.151
-0.656566 -1344.01 917.763
-0.666667 -1344.21 930.256
-0.676768 -1344.39 942.688
-0.686869 -1344.55 954.991
-0.69697 -1344.69 967.234
-0.707071 -1344.79 979.338
-0.717172 -1344.89 991.383
-0.727273 -1344.94 1003.28
-0.737374 -1344.98 1015.12
-0.747475 -1344.97 1026.8
-0.757576 -1344.95 1038.42
-0.767677 -1344.88 1049.87
-0.777778 -1344.79 1061.27
-0.787879 -1344.64 1072.48
-0.79798 -1344.47 1083.65
-0.808081 -1344.24 1094.62
-0.818182 -1343.99 1105.55
-0.828283 -1343.68 1116.27
-0.838384 -1343.35 1126.94
-0.848485 -1342.95 1137.4
-0.858586 -1342.53 1147.82
-0.868687 -1342.05 1158.01
-0.878788 -1341.56 1168.17
-0.888889 -1341.02 1178.09
-0.89899 -1340.47 1187.98
-0.909091 -1339.89 1197.63
-0.919192 -1339.3 1207.25
-0.929293 -1338.71 1216.62
-0.939394 -1338.13 1225.97
-0.949495 -1337.59 1235.08
-0.959596 -1337.06 1244.16
-0.969697 -1336.66 1253.02
-0.979798 -1336.26 1261.87
-0.989899 -1336.1 1270.5
-1 -1335.94 1279.12
