0 -953.5 -0.000106005
-0.010101 -2415.88 -12.9621
-0.020202 -2397.61 -25.9429
-0.030303 -2385.16 -39.8583
-0.040404 -2372.9 -53.7819
-0.0505051 -2365.25 -67.9024
-0.0606061 -2357.83 -82.0351
-0.0707071 -2353.93 -96.3597
-0.0808081 -2350.26 -110.697
-0.0909091 -2349.2 -125.176
-0.10101 -2348.33 -139.667
-0.111111 -2349.3 -154.255
-0.121212 -2350.44 -168.853
-0.131313 -2352.79 -183.516
-0.141414 -2355.25 -198.186
-0.151515 -2358.45 -212.9
-0.161616 -2361.71 -227.618
-0.171717 -2365.33 -242.363
-0.181818 -2368.97 -257.11
-0.191919 -2372.71 -271.87
-0.20202 -2376.42 -286.63
-0.212121 -2380.05 -301.39
-0.222222 -2383.62 -316.147
-0.232323 -2386.98 -330.893
-0.242424 -2390.26 -345.632
-0.252525 -2393.27 -360.351
-0.262626 -2396.17 -375.06
-0.272727 -2398.78 -389.739
-0.282828 -2401.27 -404.405
-0.292929 -2403.46 -419.035
-0.30303 -2405.53 -433.647
-0.313131 -2407.32 -448.217
-0.323232 -2408.99 -462.766
-0.333333 -2410.41 -477.269
-0.343434 -2411.71 -491.746
-0.353535 -2412.8 -506.174
-0.363636 -2413.78 -520.573
-0.373737 -2414.57 -534.919
-0.383838 -2415.28 -549.232
-0.393939 -2415.83 -563.491
-0.40404 -2416.31 -577.712
-0.414141 -2416.66 -591.877
-0.424242 -2416.96 -606.001
-0.434343 -2417.16 -620.067
-0.444444 -2417.31 -634.087
-0.454545 -2417.4 -648.049
-0.464646 -2417.44 -661.96
-0.474747 -2417.44 -675.811
-0.484848 -2417.41 -689.607
-0.494949 -2417.35 -703.342
-0.505051 -2417.28 -717.017
-0.515152 -2417.18 -730.63
-0.525253 -2417.08 -744.176
-0.535354 -2416.96 -757.661
-0.545455 -2416.85 -771.074
-0.555556 -2416.74 -784.424
-0.565657 -2416.62 -797.694
-0.575758 -2416.52 -810.903
-0.585859 -2416.42 -824.025
-0.59596 -2416.33 -837.084
-0.606061 -2416.26 -850.05
-0.616162 -2416.2 -862.954
-0.626263 -2416.15 -875.755
-0.636364 -2416.12 -888.495
-0.646465 -2416.12 -901.124
-0.656566 -2416.12 -913.692
-0.666667 -2416.16 -926.14
-0.676768 -2416.21 -938.528
-0.686869 -2416.29 -950.787
-0.69697 -2416.39 -962.985
-0.707071 -2416.53 -975.046
-0.717172 -2416.69 -987.048
-0.727273 -2416.88 -998.902
-0.737374 -2417.1 -1010.7
-0.747475 -2417.37 -1022.34
-0.757576 -2417.65 -1033.92
-0.767677 -2417.99 -1045.33
-0.777778 -2418.35 -1056.69
-0.787879 -2418.77 -1067.87
-0.79798 -2419.2 -1079
-0.808081 -2419.7 -1089.93
-0.818182 -2420.22 -1100.83
-0.828283 -2420.8 -1111.51
-0.838384 -2421.39 -1122.16
-0.848485 -2422.05 -1132.59
-0.858586 -2422.72 -1142.98
-0.868687 -2423.45 -1153.16
-0.878788 -2424.18 -1163.29
-0.888889 -2424.95 -1173.19
-0.89899 -2425.72 -1183.07
-0.909091 -2426.5 -1192.7
-0.919192 -2427.29 -1202.31
-0.929293 -2428.04 -1211.67
-0.939394 -2428.79 -1221.01
-0.949495 -2429.45 -1230.11
-0.959596 -2430.1 -1239.2
-0.969697 -2430.58 -1248.06
-0.979798 -2431.06 -1256.92
-0.989899 -2431.25 -1265.54
-1 -2431.43 -1274.17
