0 -23101 -0.00227392
-0.010101 -22727.6 3.69455
-0.020202 -22712.4 7.40266
-0.030303 -22697 11.5616
-0.040404 -22681.5 15.7245
-0.0505051 -22666.7 19.9841
-0.0606061 -22651.9 24.2453
-0.0707071 -22638.3 28.5333
-0.0808081 -22624.8 32.8208
-0.0909091 -22612.8 37.1025
-0.10101 -22601 41.3822
-0.111111 -22590.7 45.6448
-0.121212 -22580.6 49.9046
-0.131313 -22572.1 54.1445
-0.141414 -22563.9 58.381
-0.151515 -22557.2 62.5968
-0.161616 -22550.7 66.8084
-0.171717 -22545.5 70.9981
-0.181818 -22540.6 75.1826
-0.191919 -22536.9 79.3433
-0.20202 -22533.4 83.4978
-0.212121 -22530.9 87.627
-0.222222 -22528.6 91.7487
-0.232323 -22527.1 95.8441
-0.242424 -22525.8 99.9313
-0.252525 -22525.2 103.992
-0.262626 -22524.7 108.044
-0.272727 -22524.7 112.07
-0.282828 -22524.9 116.087
-0.292929 -22525.4 120.079
-0.30303 -22526 124.062
-0.313131 -22526.9 128.022
-0.323232 -22527.9 131.973
-0.333333 -22529.1 135.902
-0.343434 -22530.3 139.822
-0.353535 -22531.6 143.722
-0.363636 -22533 147.613
-0.373737 -22534.5 151.486
-0.383838 -22535.9 155.348
-0.393939 -22537.4 159.194
-0.40404 -22538.9 163.03
-0.414141 -22540.4 166.85
-0.424242 -22541.9 170.659
-0.434343 -22543.4 174.453
-0.444444 -22544.9 178.235
-0.454545 -22546.4 182.003
-0.464646 -22547.8 185.759
-0.474747 -22549.3 189.5
-0.484848 -22550.7 193.228
-0.494949 -22552.1 196.942
-0.505051 -22553.5 200.641
-0.515152 -22554.9 204.326
-0.525253 -22556.2 207.996
-0.535354 -22557.6 211.651
-0.545455 -22558.9 215.288
-0.555556 -22560.3 218.912
-0.565657 -22561.6 222.516
-0.575758 -22562.9 226.105
-0.585859 -22564.2 229.674
-0.59596 -22565.6 233.228
-0.606061 -22566.9 236.758
-0.616162 -22568.3 240.273
-0.626263 -22569.6 243.763
-0.636364 -22571 247.238
-0.646465 -22572.4 250.684
-0.656566 -22573.8 254.115
-0.666667 -22575.2 257.515
-0.676768 -22576.6 260.899
-0.686869 -22578 264.248
-0.69697 -22579.5 267.582
-0.707071 -22581 270.877
-0.717172 -22582.5 274.157
-0.727273 -22584 277.395
-0.737374 -22585.5 280.616
-0.747475 -22587 283.791
-0.757576 -22588.6 286.95
-0.767677 -22590.1 290.059
-0.777778 -22591.7 293.151
-0.787879 -22593.2 296.187
-0.79798 -22594.8 299.208
-0.808081 -22596.3 302.168
-0.818182 -22597.8 305.112
-0.828283 -22599.3 307.989
-0.838384 -22600.8 310.852
-0.848485 -22602.2 313.643
-0.858586 -22603.7 316.42
-0.868687 -22605 319.12
-0.878788 -22606.3 321.806
-0.888889 -22607.5 324.411
-0.89899 -22608.7 327.003
-0.909091 -22609.7 329.509
-0.919192 -22610.7 332.004
-0.929293 -22611.6 334.409
-0.939394 -22612.4 336.806
-0.949495 -22613 339.11
-0.959596 -22613.6 341.408
-0.969697 -22613.9 343.614
-0.979798 -22614.3 345.816
-0.989899 -22614.4 347.977
-1 -22614.5 350.138
