0 22704 0.00223839
-0.010101 22233.9 -4.54554
-0.020202 22220.2 -9.10577
-0.030303 22205.9 -14.1756
-0.040404 22191.5 -19.25
-0.0505051 22177.4 -24.4334
-0.0606061 22163.4 -29.6193
-0.0707071 22150.2 -34.8451
-0.0808081 22137.2 -40.0713
-0.0909091 22125.4 -45.3017
-0.10101 22113.8 -50.531
-0.111111 22103.6 -55.7503
-0.121212 22093.6 -60.9675
-0.131313 22085.1 -66.1697
-0.141414 22076.8 -71.3691
-0.151515 22069.9 -76.5511
-0.161616 22063.3 -81.7294
-0.171717 22058 -86.8879
-0.181818 22052.9 -92.0416
-0.191919 22048.9 -97.1728
-0.20202 22045.2 -102.298
-0.212121 22042.5 -107.398
-0.222222 22040 -112.49
-0.232323 22038.3 -117.556
-0.242424 22036.8 -122.614
-0.252525 22035.9 -127.644
-0.262626 22035.3 -132.664
-0.272727 22035.1 -137.657
-0.282828 22035.1 -142.64
-0.292929 22035.5 -147.597
-0.30303 22035.9 -152.543
-0.313131 22036.7 -157.463
-0.323232 22037.6 -162.373
-0.333333 22038.6 -167.259
-0.343434 22039.7 -172.133
-0.353535 22041 -176.985
-0.363636 22042.3 -181.825
-0.373737 22043.6 -186.644
-0.383838 22045 -191.451
-0.393939 22046.5 -196.237
-0.40404 22047.9 -201.011
-0.414141 22049.4 -205.765
-0.424242 22050.8 -210.506
-0.434343 22052.3 -215.228
-0.444444 22053.8 -219.936
-0.454545 22055.2 -224.625
-0.464646 22056.6 -229.298
-0.474747 22058.1 -233.953
-0.484848 22059.5 -238.591
-0.494949 22060.8 -243.211
-0.505051 22062.2 -247.813
-0.515152 22063.6 -252.396
-0.525253 22064.9 -256.959
-0.535354 22066.3 -261.504
-0.545455 22067.6 -266.026
-0.555556 22068.9 -270.53
-0.565657 22070.2 -275.01
-0.575758 22071.5 -279.471
-0.585859 22072.9 -283.905
-0.59596 22074.2 -288.32
-0.606061 22075.5 -292.706
-0.616162 22076.8 -297.073
-0.626263 22078.2 -301.407
-0.636364 22079.5 -305.722
-0.646465 22080.9 -310.002
-0.656566 22082.3 -314.261
-0.666667 22083.7 -318.482
-0.676768 22085.1 -322.683
-0.686869 22086.5 -326.842
-0.69697 22087.9 -330.98
-0.707071 22089.4 -335.071
-0.717172 22090.8 -339.143
-0.727273 22092.3 -343.162
-0.737374 22093.8 -347.162
-0.747475 22095.3 -351.106
-0.757576 22096.8 -355.029
-0.767677 22098.3 -358.891
-0.777778 22099.8 -362.733
-0.787879 22101.3 -366.507
-0.79798 22102.8 -370.263
-0.808081 22104.3 -373.944
-0.818182 22105.7 -377.608
-0.828283 22107.2 -381.192
-0.838384 22108.6 -384.758
-0.848485 22109.9 -388.238
-0.858586 22111.3 -391.702
-0.868687 22112.5 -395.074
-0.878788 22113.8 -398.431
-0.888889 22114.9 -401.691
-0.89899 22116 -404.937
-0.909091 22117 -408.08
-0.919192 22117.9 -411.212
-0.929293 22118.7 -414.238
-0.939394 22119.4 -417.254
-0.949495 22120 -420.162
-0.959596 22120.5 -423.062
-0.969697 22120.9 -425.857
-0.979798 22121.2 -428.647
-0.989899 22121.3 -431.381
-1 22121.4 -434.114
