0 2294.07 0.000298657
-0.010101 828.37 -13.0441
-0.020202 843.923 -26.1082
-0.030303 853.807 -40.1388
-0.040404 863.509 -54.1779
-0.0505051 868.839 -68.421
-0.0606061 873.963 -82.6762
-0.0707071 875.834 -97.1207
-0.0808081 877.505 -111.577
-0.0909091 876.862 -126.171
-0.10101 876.046 -140.775
-0.111111 873.679 -155.472
-0.121212 871.182 -170.176
-0.131313 867.733 -184.942
-0.141414 864.204 -199.714
-0.151515 860.178 -214.525
-0.161616 856.122 -229.34
-0.171717 851.904 -244.178
-0.181818 847.701 -259.018
-0.191919 843.569 -273.867
-0.20202 839.492 -288.714
-0.212121 835.636 -303.559
-0.222222 831.868 -318.399
-0.232323 828.41 -333.226
-0.242424 825.062 -348.044
-0.252525 822.064 -362.84
-0.262626 819.191 -377.624
-0.272727 816.674 -392.377
-0.282828 814.29 -407.115
-0.292929 812.245 -421.815
-0.30303 810.333 -436.496
-0.313131 808.729 -451.135
-0.323232 807.252 -465.751
-0.333333 806.046 -480.319
-0.343434 804.956 -494.862
-0.353535 804.096 -509.354
-0.363636 803.34 -523.816
-0.373737 802.772 -538.226
-0.383838 802.296 -552.602
-0.393939 801.969 -566.923
-0.40404 801.718 -581.207
-0.414141 801.583 -595.434
-0.424242 801.51 -609.619
-0.434343 801.523 -623.747
-0.444444 801.584 -637.829
-0.454545 801.708 -651.852
-0.464646 801.867 -665.825
-0.474747 802.068 -679.738
-0.484848 802.294 -693.595
-0.494949 802.547 -707.392
-0.505051 802.816 -721.127
-0.515152 803.099 -734.802
-0.525253 803.389 -748.41
-0.535354 803.686 -761.957
-0.545455 803.983 -775.431
-0.555556 804.281 -788.843
-0.565657 804.573 -802.175
-0.575758 804.861 -815.445
-0.585859 805.14 -828.629
-0.59596 805.411 -841.75
-0.606061 805.669 -854.777
-0.616162 805.917 -867.742
-0.626263 806.148 -880.605
-0.636364 806.368 -893.406
-0.646465 806.568 -906.096
-0.656566 806.755 -918.724
-0.666667 806.918 -931.233
-0.676768 807.068 -943.681
-0.686869 807.189 -956
-0.69697 807.295 -968.258
-0.707071 807.368 -980.378
-0.717172 807.426 -992.438
-0.727273 807.445 -1004.35
-0.737374 807.447 -1016.2
-0.747475 807.404 -1027.9
-0.757576 807.345 -1039.53
-0.767677 807.232 -1051
-0.777778 807.103 -1062.41
-0.787879 806.915 -1073.64
-0.79798 806.711 -1084.82
-0.808081 806.441 -1095.81
-0.818182 806.156 -1106.75
-0.828283 805.801 -1117.49
-0.838384 805.432 -1128.18
-0.848485 804.995 -1138.65
-0.858586 804.544 -1149.09
-0.868687 804.029 -1159.3
-0.878788 803.503 -1169.47
-0.888889 802.927 -1179.41
-0.89899 802.342 -1189.31
-0.909091 801.729 -1198.98
-0.919192 801.112 -1208.61
-0.929293 800.502 -1218
-0.939394 799.892 -1227.37
-0.949495 799.341 -1236.49
-0.959596 798.793 -1245.59
-0.969697 798.377 -1254.47
-0.979798 797.967 -1263.33
-0.989899 797.802 -1271.98
-1 797.642 -1280.62
