0 -20349.1 -0.00210021
-0.010101 -19546.9 7.45464
-0.020202 -19539.2 14.9276
-0.030303 -19529.4 23.103
-0.040404 -19519.5 31.2846
-0.0505051 -19508.7 39.6156
-0.0606061 -19497.9 47.952
-0.0707071 -19486.9 56.3738
-0.0808081 -19476 64.7991
-0.0909091 -19465.6 73.2649
-0.10101 -19455.3 81.7324
-0.111111 -19445.8 90.2159
-0.121212 -19436.5 98.6998
-0.131313 -19428.1 107.187
-0.141414 -19420 115.673
-0.151515 -19412.9 124.155
-0.161616 -19406.1 132.634
-0.171717 -19400.3 141.103
-0.181818 -19394.7 149.567
-0.191919 -19390.2 158.014
-0.20202 -19385.9 166.456
-0.212121 -19382.5 174.875
-0.222222 -19379.3 183.286
-0.232323 -19376.9 191.671
-0.242424 -19374.7 200.045
-0.252525 -19373.1 208.39
-0.262626 -19371.8 216.723
-0.272727 -19371 225.024
-0.282828 -19370.3 233.313
-0.292929 -19370.1 241.567
-0.30303 -19370 249.808
-0.313131 -19370.2 258.015
-0.323232 -19370.6 266.207
-0.333333 -19371.2 274.365
-0.343434 -19371.8 282.506
-0.353535 -19372.7 290.614
-0.363636 -19373.6 298.703
-0.373737 -19374.6 306.76
-0.383838 -19375.7 314.798
-0.393939 -19376.9 322.803
-0.40404 -19378.1 330.786
-0.414141 -19379.3 338.738
-0.424242 -19380.6 346.667
-0.434343 -19381.8 354.564
-0.444444 -19383.1 362.436
-0.454545 -19384.4 370.276
-0.464646 -19385.7 378.089
-0.474747 -19387 385.87
-0.484848 -19388.3 393.621
-0.494949 -19389.5 401.34
-0.505051 -19390.8 409.027
-0.515152 -19392.1 416.681
-0.525253 -19393.3 424.3
-0.535354 -19394.5 431.886
-0.545455 -19395.8 439.434
-0.555556 -19397 446.949
-0.565657 -19398.2 454.421
-0.575758 -19399.5 461.861
-0.585859 -19400.7 469.253
-0.59596 -19401.9 476.613
-0.606061 -19403.1 483.922
-0.616162 -19404.3 491.197
-0.626263 -19405.6 498.417
-0.636364 -19406.8 505.603
-0.646465 -19408 512.729
-0.656566 -19409.3 519.821
-0.666667 -19410.5 526.847
-0.676768 -19411.8 533.84
-0.686869 -19413.1 540.76
-0.69697 -19414.3 547.647
-0.707071 -19415.6 554.456
-0.717172 -19416.9 561.232
-0.727273 -19418.2 567.923
-0.737374 -19419.5 574.58
-0.747475 -19420.8 581.146
-0.757576 -19422 587.68
-0.767677 -19423.3 594.114
-0.777778 -19424.6 600.516
-0.787879 -19425.8 606.811
-0.79798 -19427.1 613.075
-0.808081 -19428.3 619.224
-0.818182 -19429.5 625.344
-0.828283 -19430.7 631.34
-0.838384 -19431.8 637.308
-0.848485 -19432.9 643.144
-0.858586 -19433.9 648.955
-0.868687 -19434.9 654.626
-0.878788 -19435.8 660.274
-0.888889 -19436.6 665.773
-0.89899 -19437.4 671.253
-0.909091 -19438.1 676.578
-0.919192 -19438.8 681.886
-0.929293 -19439.3 687.034
-0.939394 -19439.7 692.169
-0.949495 -19440.1 697.143
-0.959596 -19440.4 702.107
-0.969697 -19440.6 706.917
-0.979798 -19440.7 711.721
-0.989899 -19440.8 716.417
-1 -19440.8 721.11
