0 -22630.5 -0.00221828
-0.010101 -22989.6 -2.81125
-0.020202 -22966.1 -5.61873
-0.030303 -22945.2 -8.45305
-0.040404 -22924.4 -11.2876
-0.0505051 -22906.4 -14.1272
-0.0606061 -22888.6 -16.9713
-0.0707071 -22873.6 -19.8847
-0.0808081 -22858.9 -22.8049
-0.0909091 -22846.8 -25.8016
-0.10101 -22835 -28.8056
-0.111111 -22825.6 -31.875
-0.121212 -22816.5 -34.9515
-0.131313 -22809.5 -38.0801
-0.141414 -22802.8 -41.2154
-0.151515 -22797.9 -44.3925
-0.161616 -22793.3 -47.5762
-0.171717 -22790.1 -50.7944
-0.181818 -22787.2 -54.019
-0.191919 -22785.4 -57.2729
-0.20202 -22783.9 -60.533
-0.212121 -22783.3 -63.8178
-0.222222 -22782.8 -67.1084
-0.232323 -22783 -70.4191
-0.242424 -22783.4 -73.7346
-0.252525 -22784.3 -77.0656
-0.262626 -22785.2 -80.4002
-0.272727 -22786.5 -83.7454
-0.282828 -22787.9 -87.0927
-0.292929 -22789.5 -90.4459
-0.30303 -22791.1 -93.7996
-0.313131 -22792.8 -97.1547
-0.323232 -22794.6 -100.509
-0.333333 -22796.4 -103.86
-0.343434 -22798.2 -107.208
-0.353535 -22800 -110.551
-0.363636 -22801.8 -113.888
-0.373737 -22803.6 -117.217
-0.383838 -22805.4 -120.539
-0.393939 -22807.1 -123.851
-0.40404 -22808.8 -127.154
-0.414141 -22810.4 -130.445
-0.424242 -22812 -133.725
-0.434343 -22813.5 -136.992
-0.444444 -22815 -140.247
-0.454545 -22816.4 -143.487
-0.464646 -22817.9 -146.714
-0.474747 -22819.2 -149.926
-0.484848 -22820.6 -153.123
-0.494949 -22821.9 -156.304
-0.505051 -22823.2 -159.469
-0.515152 -22824.5 -162.617
-0.525253 -22825.7 -165.748
-0.535354 -22827 -168.862
-0.545455 -22828.2 -171.957
-0.555556 -22829.4 -175.035
-0.565657 -22830.6 -178.092
-0.575758 -22831.9 -181.133
-0.585859 -22833.1 -184.152
-0.59596 -22834.3 -187.154
-0.606061 -22835.6 -190.133
-0.616162 -22836.8 -193.095
-0.626263 -22838.1 -196.032
-0.636364 -22839.4 -198.953
-0.646465 -22840.7 -201.847
-0.656566 -22842.1 -204.725
-0.666667 -22843.5 -207.575
-0.676768 -22844.8 -210.41
-0.686869 -22846.3 -213.215
-0.69697 -22847.7 -216.005
-0.707071 -22849.2 -218.765
-0.717172 -22850.7 -221.51
-0.727273 -22852.3 -224.224
-0.737374 -22853.8 -226.924
-0.747475 -22855.4 -229.591
-0.757576 -22857.1 -232.246
-0.767677 -22858.7 -234.867
-0.777778 -22860.4 -237.477
-0.787879 -22862.1 -240.052
-0.79798 -22863.8 -242.618
-0.808081 -22865.5 -245.149
-0.818182 -22867.2 -247.671
-0.828283 -22868.9 -250.158
-0.838384 -22870.7 -252.637
-0.848485 -22872.3 -255.082
-0.858586 -22874 -257.52
-0.868687 -22875.7 -259.924
-0.878788 -22877.3 -262.323
-0.888889 -22878.8 -264.688
-0.89899 -22880.3 -267.048
-0.909091 -22881.7 -269.374
-0.919192 -22883 -271.698
-0.929293 -22884.2 -273.989
-0.939394 -22885.4 -276.277
-0.949495 -22886.3 -278.535
-0.959596 -22887.2 -280.792
-0.969697 -22887.8 -283.028
-0.979798 -22888.3 -285.263
-0.989899 -22888.5 -287.428
-1 -22888.7 -289.591
