0 7846.72 0.000825442
-0.010101 9207.88 11.9522
-0.020202 9184.97 23.9192
-0.030303 9167.83 36.6925
-0.040404 9150.89 49.473
-0.0505051 9138.77 62.4225
-0.0606061 9126.89 75.3838
-0.0707071 9118.91 88.5298
-0.0808081 9111.2 101.689
-0.0909091 9106.54 114.992
-0.10101 9102.14 128.308
-0.111111 9100.05 141.726
-0.121212 9098.2 155.155
-0.131313 9098.04 168.655
-0.141414 9098.07 182.163
-0.151515 9099.27 195.721
-0.161616 9100.62 209.285
-0.171717 9102.73 222.881
-0.181818 9104.94 236.482
-0.191919 9107.59 250.102
-0.20202 9110.29 263.724
-0.212121 9113.19 277.354
-0.222222 9116.1 290.982
-0.232323 9119.05 304.608
-0.242424 9121.97 318.229
-0.252525 9124.81 331.837
-0.262626 9127.59 345.437
-0.272727 9130.22 359.016
-0.282828 9132.77 372.583
-0.292929 9135.14 386.121
-0.30303 9137.41 399.644
-0.313131 9139.49 413.132
-0.323232 9141.46 426.601
-0.333333 9143.24 440.03
-0.343434 9144.92 453.436
-0.353535 9146.41 466.797
-0.363636 9147.81 480.133
-0.373737 9149.04 493.421
-0.383838 9150.19 506.678
-0.393939 9151.19 519.885
-0.40404 9152.12 533.058
-0.414141 9152.93 546.179
-0.424242 9153.68 559.262
-0.434343 9154.33 572.291
-0.444444 9154.92 585.277
-0.454545 9155.45 598.208
-0.464646 9155.93 611.092
-0.474747 9156.36 623.921
-0.484848 9156.75 636.697
-0.494949 9157.11 649.416
-0.505051 9157.45 662.079
-0.515152 9157.76 674.684
-0.525253 9158.07 687.227
-0.535354 9158.36 699.712
-0.545455 9158.64 712.128
-0.555556 9158.92 724.487
-0.565657 9159.21 736.771
-0.575758 9159.5 748.997
-0.585859 9159.8 761.143
-0.59596 9160.11 773.23
-0.606061 9160.43 785.229
-0.616162 9160.77 797.17
-0.626263 9161.13 809.016
-0.636364 9161.51 820.804
-0.646465 9161.92 832.49
-0.656566 9162.34 844.118
-0.666667 9162.79 855.635
-0.676768 9163.27 867.096
-0.686869 9163.79 878.438
-0.69697 9164.32 889.723
-0.707071 9164.9 900.881
-0.717172 9165.5 911.985
-0.727273 9166.15 922.952
-0.737374 9166.83 933.865
-0.747475 9167.55 944.633
-0.757576 9168.3 955.35
-0.767677 9169.1 965.911
-0.777778 9169.93 976.423
-0.787879 9170.81 986.771
-0.79798 9171.71 997.073
-0.808081 9172.67 1007.2
-0.818182 9173.65 1017.28
-0.828283 9174.68 1027.19
-0.838384 9175.72 1037.05
-0.848485 9176.81 1046.72
-0.858586 9177.91 1056.35
-0.868687 9179.03 1065.78
-0.878788 9180.16 1075.18
-0.888889 9181.29 1084.37
-0.89899 9182.42 1093.54
-0.909091 9183.52 1102.49
-0.919192 9184.61 1111.41
-0.929293 9185.61 1120.12
-0.939394 9186.61 1128.81
-0.949495 9187.46 1137.28
-0.959596 9188.29 1145.74
-0.969697 9188.88 1154
-0.979798 9189.47 1162.26
-0.989899 9189.7 1170.3
-1 9189.91 1178.33
