0 1494.67 0.000175304
-0.010101 2953.79 12.9253
-0.020202 2935.1 25.8691
-0.030303 2922.25 39.7403
-0.040404 2909.59 53.6196
-0.0505051 2901.57 67.6941
-0.0606061 2893.77 81.7809
-0.0707071 2889.55 96.0594
-0.0808081 2885.55 110.35
-0.0909091 2884.2 124.785
-0.10101 2883.06 139.23
-0.111111 2883.79 153.773
-0.121212 2884.7 168.326
-0.131313 2886.86 182.945
-0.141414 2889.14 197.571
-0.151515 2892.19 212.241
-0.161616 2895.32 226.916
-0.171717 2898.83 241.617
-0.181818 2902.37 256.322
-0.191919 2906.04 271.039
-0.20202 2909.68 285.757
-0.212121 2913.27 300.475
-0.222222 2916.8 315.19
-0.232323 2920.14 329.895
-0.242424 2923.4 344.593
-0.252525 2926.41 359.272
-0.262626 2929.31 373.94
-0.272727 2931.93 388.579
-0.282828 2934.43 403.205
-0.292929 2936.64 417.795
-0.30303 2938.74 432.368
-0.313131 2940.55 446.899
-0.323232 2942.25 461.408
-0.333333 2943.7 475.872
-0.343434 2945.04 490.311
-0.353535 2946.16 504.7
-0.363636 2947.18 519.06
-0.373737 2948.01 533.368
-0.383838 2948.75 547.643
-0.393939 2949.34 561.864
-0.40404 2949.86 576.047
-0.414141 2950.25 590.175
-0.424242 2950.58 604.26
-0.434343 2950.82 618.289
-0.444444 2951.01 632.272
-0.454545 2951.13 646.196
-0.464646 2951.2 660.069
-0.474747 2951.24 673.883
-0.484848 2951.24 687.642
-0.494949 2951.22 701.34
-0.505051 2951.17 714.977
-0.515152 2951.11 728.553
-0.525253 2951.04 742.063
-0.535354 2950.96 755.511
-0.545455 2950.87 768.886
-0.555556 2950.79 782.199
-0.565657 2950.71 795.434
-0.575758 2950.63 808.606
-0.585859 2950.57 821.692
-0.59596 2950.51 834.715
-0.606061 2950.47 847.645
-0.616162 2950.44 860.512
-0.626263 2950.42 873.278
-0.636364 2950.43 885.982
-0.646465 2950.45 898.576
-0.656566 2950.49 911.108
-0.666667 2950.56 923.522
-0.676768 2950.64 935.875
-0.686869 2950.76 948.099
-0.69697 2950.9 960.264
-0.707071 2951.07 972.291
-0.717172 2951.26 984.258
-0.727273 2951.49 996.079
-0.737374 2951.75 1007.84
-0.747475 2952.05 1019.45
-0.757576 2952.37 1031
-0.767677 2952.75 1042.38
-0.777778 2953.14 1053.7
-0.787879 2953.6 1064.85
-0.79798 2954.07 1075.95
-0.808081 2954.61 1086.86
-0.818182 2955.16 1097.72
-0.828283 2955.78 1108.38
-0.838384 2956.41 1118.99
-0.848485 2957.11 1129.4
-0.858586 2957.81 1139.76
-0.868687 2958.57 1149.9
-0.878788 2959.34 1160.01
-0.888889 2960.14 1169.89
-0.89899 2960.94 1179.74
-0.909091 2961.75 1189.35
-0.919192 2962.56 1198.93
-0.929293 2963.34 1208.27
-0.939394 2964.11 1217.59
-0.949495 2964.78 1226.67
-0.959596 2965.45 1235.73
-0.969697 2965.94 1244.57
-0.979798 2966.43 1253.4
-0.989899 2966.62 1262.01
-1 2966.81 1270.62
