0 2294.07 0.000298658
-0.010101 828.37 -13.0446
-0.020202 843.922 -26.1094
-0.030303 853.805 -40.1405
-0.040404 863.507 -54.18
-0.0505051 868.837 -68.4235
-0.0606061 873.96 -82.679
-0.0707071 875.831 -97.1237
-0.0808081 877.501 -111.58
-0.0909091 876.857 -126.174
-0.10101 876.041 -140.778
-0.111111 873.674 -155.475
-0.121212 871.176 -170.179
-0.131313 867.727 -184.945
-0.141414 864.197 -199.717
-0.151515 860.171 -214.527
-0.161616 856.114 -229.342
-0.171717 851.895 -244.18
-0.181818 847.692 -259.019
-0.191919 843.559 -273.867
-0.20202 839.482 -288.714
-0.212121 835.626 -303.558
-0.222222 831.858 -318.398
-0.232323 828.399 -333.224
-0.242424 825.05 -348.042
-0.252525 822.052 -362.837
-0.262626 819.178 -377.62
-0.272727 816.661 -392.372
-0.282828 814.276 -407.109
-0.292929 812.231 -421.808
-0.30303 810.318 -436.489
-0.313131 808.714 -451.126
-0.323232 807.237 -465.741
-0.333333 806.03 -480.309
-0.343434 804.941 -494.85
-0.353535 804.08 -509.341
-0.363636 803.324 -523.803
-0.373737 802.755 -538.211
-0.383838 802.279 -552.586
-0.393939 801.951 -566.906
-0.40404 801.7 -581.188
-0.414141 801.564 -595.415
-0.424242 801.491 -609.599
-0.434343 801.503 -623.726
-0.444444 801.565 -637.806
-0.454545 801.688 -651.828
-0.464646 801.847 -665.8
-0.474747 802.048 -679.711
-0.484848 802.273 -693.567
-0.494949 802.526 -707.363
-0.505051 802.794 -721.098
-0.515152 803.077 -734.772
-0.525253 803.367 -748.379
-0.535354 803.664 -761.924
-0.545455 803.961 -775.397
-0.555556 804.258 -788.808
-0.565657 804.55 -802.139
-0.575758 804.838 -815.408
-0.585859 805.116 -828.591
-0.59596 805.387 -841.711
-0.606061 805.644 -854.737
-0.616162 805.892 -867.701
-0.626263 806.123 -880.563
-0.636364 806.343 -893.363
-0.646465 806.542 -906.052
-0.656566 806.73 -918.679
-0.666667 806.892 -931.187
-0.676768 807.042 -943.634
-0.686869 807.162 -955.952
-0.69697 807.269 -968.209
-0.707071 807.341 -980.328
-0.717172 807.399 -992.387
-0.727273 807.417 -1004.3
-0.737374 807.42 -1016.15
-0.747475 807.377 -1027.84
-0.757576 807.317 -1039.48
-0.767677 807.204 -1050.95
-0.777778 807.075 -1062.36
-0.787879 806.887 -1073.59
-0.79798 806.682 -1084.77
-0.808081 806.413 -1095.75
-0.818182 806.127 -1106.69
-0.828283 805.773 -1117.43
-0.838384 805.404 -1128.12
-0.848485 804.966 -1138.59
-0.858586 804.515 -1149.02
-0.868687 804 -1159.23
-0.878788 803.474 -1169.4
-0.888889 802.897 -1179.34
-0.89899 802.313 -1189.25
-0.909091 801.7 -1198.91
-0.919192 801.083 -1208.55
-0.929293 800.472 -1217.93
-0.939394 799.863 -1227.3
-0.949495 799.311 -1236.42
-0.959596 798.764 -1245.52
-0.969697 798.348 -1254.4
-0.979798 797.937 -1263.26
-0.989899 797.772 -1271.9
-1 797.612 -1280.54
