0 19475.1 0.00201229
-0.010101 18590.2 -8.17265
-0.020202 18584.2 -16.3644
-0.030303 18575.8 -25.3039
-0.040404 18567.3 -34.25
-0.0505051 18557.5 -43.3551
-0.0606061 18547.7 -52.4663
-0.0707071 18537.5 -61.6746
-0.0808081 18527.3 -70.8873
-0.0909091 18517.4 -80.15
-0.10101 18507.5 -89.4153
-0.111111 18498.3 -98.7036
-0.121212 18489.2 -107.993
-0.131313 18481.1 -117.291
-0.141414 18473 -126.588
-0.151515 18466 -135.885
-0.161616 18459.2 -145.18
-0.171717 18453.3 -154.466
-0.181818 18447.7 -163.749
-0.191919 18443.1 -173.016
-0.20202 18438.6 -182.278
-0.212121 18435.1 -191.518
-0.222222 18431.7 -200.75
-0.232323 18429.2 -209.956
-0.242424 18426.8 -219.152
-0.252525 18425.1 -228.318
-0.262626 18423.5 -237.472
-0.272727 18422.6 -246.593
-0.282828 18421.7 -255.7
-0.292929 18421.3 -264.773
-0.30303 18421.1 -273.83
-0.313131 18421.2 -282.852
-0.323232 18421.4 -291.858
-0.333333 18421.8 -300.827
-0.343434 18422.4 -309.779
-0.353535 18423.1 -318.695
-0.363636 18423.9 -327.591
-0.373737 18424.9 -336.452
-0.383838 18425.8 -345.291
-0.393939 18426.9 -354.095
-0.40404 18428 -362.875
-0.414141 18429.2 -371.621
-0.424242 18430.4 -380.341
-0.434343 18431.6 -389.026
-0.444444 18432.8 -397.683
-0.454545 18434 -406.306
-0.464646 18435.2 -414.898
-0.474747 18436.5 -423.455
-0.484848 18437.7 -431.979
-0.494949 18438.9 -440.468
-0.505051 18440.2 -448.921
-0.515152 18441.4 -457.338
-0.525253 18442.6 -465.715
-0.535354 18443.8 -474.057
-0.545455 18445 -482.356
-0.555556 18446.2 -490.618
-0.565657 18447.4 -498.834
-0.575758 18448.5 -507.012
-0.585859 18449.7 -515.14
-0.59596 18450.9 -523.231
-0.606061 18452.1 -531.265
-0.616162 18453.3 -539.263
-0.626263 18454.4 -547.199
-0.636364 18455.6 -555.098
-0.646465 18456.8 -562.931
-0.656566 18458 -570.726
-0.666667 18459.2 -578.449
-0.676768 18460.4 -586.135
-0.686869 18461.6 -593.741
-0.69697 18462.8 -601.311
-0.707071 18464.1 -608.795
-0.717172 18465.3 -616.242
-0.727273 18466.5 -623.596
-0.737374 18467.7 -630.914
-0.747475 18468.9 -638.132
-0.757576 18470.2 -645.314
-0.767677 18471.4 -652.387
-0.777778 18472.5 -659.426
-0.787879 18473.7 -666.347
-0.79798 18474.9 -673.235
-0.808081 18476 -679.997
-0.818182 18477.1 -686.728
-0.828283 18478.2 -693.324
-0.838384 18479.2 -699.89
-0.848485 18480.2 -706.312
-0.858586 18481.2 -712.708
-0.868687 18482 -718.951
-0.878788 18482.9 -725.169
-0.888889 18483.6 -731.227
-0.89899 18484.3 -737.263
-0.909091 18484.9 -743.133
-0.919192 18485.5 -748.983
-0.929293 18485.9 -754.662
-0.939394 18486.3 -760.326
-0.949495 18486.6 -765.816
-0.959596 18486.8 -771.296
-0.969697 18486.9 -776.61
-0.979798 18487.1 -781.918
-0.989899 18487.1 -787.104
-1 18487.1 -792.288
