0 4715.26 0.000615794
-0.010101 6138.85 12.5584
-0.020202 6117.85 25.1334
-0.030303 6102.71 38.5833
-0.040404 6087.78 52.041
-0.0505051 6077.61 65.6823
-0.0606061 6067.68 79.3357
-0.0707071 6061.52 93.179
-0.0808081 6055.61 107.035
-0.0909091 6052.57 121.036
-0.10101 6049.78 135.049
-0.111111 6049.09 149.163
-0.121212 6048.62 163.287
-0.131313 6049.63 177.481
-0.141414 6050.79 191.682
-0.151515 6052.94 205.93
-0.161616 6055.2 220.183
-0.171717 6058.04 234.467
-0.181818 6060.94 248.754
-0.191919 6064.13 263.058
-0.20202 6067.33 277.362
-0.212121 6070.61 291.67
-0.222222 6073.86 305.977
-0.232323 6077.03 320.276
-0.242424 6080.15 334.57
-0.252525 6083.1 348.847
-0.262626 6085.97 363.115
-0.272727 6088.62 377.358
-0.282828 6091.18 391.588
-0.292929 6093.49 405.785
-0.30303 6095.69 419.966
-0.313131 6097.66 434.108
-0.323232 6099.51 448.23
-0.333333 6101.14 462.309
-0.343434 6102.66 476.363
-0.353535 6103.98 490.369
-0.363636 6105.2 504.348
-0.373737 6106.25 518.277
-0.383838 6107.2 532.173
-0.393939 6108.01 546.017
-0.40404 6108.73 559.824
-0.414141 6109.34 573.577
-0.424242 6109.88 587.29
-0.434343 6110.33 600.946
-0.444444 6110.73 614.558
-0.454545 6111.06 628.113
-0.464646 6111.34 641.618
-0.474747 6111.57 655.065
-0.484848 6111.77 668.458
-0.494949 6111.94 681.792
-0.505051 6112.09 695.066
-0.515152 6112.22 708.281
-0.525253 6112.33 721.43
-0.535354 6112.44 734.519
-0.545455 6112.54 747.537
-0.555556 6112.64 760.495
-0.565657 6112.75 773.375
-0.575758 6112.85 786.194
-0.585859 6112.97 798.929
-0.59596 6113.1 811.603
-0.606061 6113.24 824.185
-0.616162 6113.4 836.707
-0.626263 6113.58 849.129
-0.636364 6113.77 861.491
-0.646465 6113.98 873.746
-0.656566 6114.22 885.94
-0.666667 6114.48 898.019
-0.676768 6114.77 910.038
-0.686869 6115.09 921.933
-0.69697 6115.42 933.769
-0.707071 6115.81 945.471
-0.717172 6116.2 957.116
-0.727273 6116.65 968.617
-0.737374 6117.12 980.063
-0.747475 6117.64 991.355
-0.757576 6118.18 1002.59
-0.767677 6118.77 1013.67
-0.777778 6119.39 1024.69
-0.787879 6120.07 1035.54
-0.79798 6120.76 1046.34
-0.808081 6121.52 1056.96
-0.818182 6122.29 1067.53
-0.828283 6123.12 1077.91
-0.838384 6123.97 1088.24
-0.848485 6124.87 1098.37
-0.858586 6125.77 1108.47
-0.868687 6126.72 1118.35
-0.878788 6127.68 1128.19
-0.888889 6128.66 1137.82
-0.89899 6129.63 1147.41
-0.909091 6130.6 1156.78
-0.919192 6131.56 1166.12
-0.929293 6132.45 1175.23
-0.939394 6133.35 1184.32
-0.949495 6134.11 1193.18
-0.959596 6134.87 1202.02
-0.969697 6135.42 1210.65
-0.979798 6135.96 1219.28
-0.989899 6136.17 1227.68
-1 6136.38 1236.08
