0 -23565.8 -0.00264376
-0.010101 -23390.5 1.94351
-0.020202 -23372.6 3.89877
-0.030303 -23355.2 6.18119
-0.040404 -23337.9 8.46654
-0.0505051 -23321.8 10.8222
-0.0606061 -23305.8 13.1779
-0.0707071 -23291.4 15.5338
-0.0808081 -23277.2 17.8874
-0.0909091 -23264.9 20.215
-0.10101 -23252.7 22.5391
-0.111111 -23242.4 24.8319
-0.121212 -23232.4 27.1206
-0.131313 -23224.1 29.3798
-0.141414 -23216.1 31.6345
-0.151515 -23209.7 33.8619
-0.161616 -23203.6 36.0844
-0.171717 -23198.8 38.2808
-0.181818 -23194.4 40.4715
-0.191919 -23191.1 42.6362
-0.20202 -23188.1 44.7945
-0.212121 -23186 46.9269
-0.222222 -23184.2 49.0522
-0.232323 -23183.1 51.1521
-0.242424 -23182.3 53.2445
-0.252525 -23182.1 55.3129
-0.262626 -23182 57.3736
-0.272727 -23182.4 59.4122
-0.282828 -23182.9 61.4431
-0.292929 -23183.7 63.4544
-0.30303 -23184.6 65.4582
-0.313131 -23185.8 67.4449
-0.323232 -23187 69.4246
-0.333333 -23188.4 71.3895
-0.343434 -23189.8 73.3479
-0.353535 -23191.3 75.2936
-0.363636 -23192.9 77.2333
-0.373737 -23194.4 79.1622
-0.383838 -23196 81.0854
-0.393939 -23197.6 82.9994
-0.40404 -23199.2 84.9079
-0.414141 -23200.8 86.8083
-0.424242 -23202.4 88.7035
-0.434343 -23203.9 90.5914
-0.444444 -23205.4 92.474
-0.454545 -23206.9 94.35
-0.464646 -23208.4 96.2207
-0.474747 -23209.9 98.085
-0.484848 -23211.3 99.9437
-0.494949 -23212.7 101.796
-0.505051 -23214.1 103.643
-0.515152 -23215.5 105.483
-0.525253 -23216.9 107.317
-0.535354 -23218.2 109.145
-0.545455 -23219.6 110.966
-0.555556 -23220.9 112.78
-0.565657 -23222.2 114.587
-0.575758 -23223.6 116.387
-0.585859 -23224.9 118.178
-0.59596 -23226.2 119.962
-0.606061 -23227.6 121.736
-0.616162 -23228.9 123.504
-0.626263 -23230.3 125.26
-0.636364 -23231.7 127.008
-0.646465 -23233.1 128.744
-0.656566 -23234.5 130.473
-0.666667 -23235.9 132.186
-0.676768 -23237.4 133.892
-0.686869 -23238.9 135.581
-0.69697 -23240.4 137.263
-0.707071 -23241.9 138.925
-0.717172 -23243.4 140.579
-0.727273 -23245 142.211
-0.737374 -23246.6 143.835
-0.747475 -23248.1 145.434
-0.757576 -23249.8 147.024
-0.767677 -23251.4 148.587
-0.777778 -23253 150.14
-0.787879 -23254.6 151.662
-0.79798 -23256.3 153.175
-0.808081 -23257.9 154.653
-0.818182 -23259.5 156.121
-0.828283 -23261.1 157.551
-0.838384 -23262.7 158.971
-0.848485 -23264.2 160.348
-0.858586 -23265.8 161.716
-0.868687 -23267.2 163.037
-0.878788 -23268.6 164.349
-0.888889 -23270 165.61
-0.89899 -23271.3 166.864
-0.909091 -23272.4 168.062
-0.919192 -23273.6 169.255
-0.929293 -23274.5 170.388
-0.939394 -23275.4 171.517
-0.949495 -23276.1 172.585
-0.959596 -23276.8 173.65
-0.969697 -23277.3 174.652
-0.979798 -23277.7 175.651
-0.989899 -23277.9 176.64
-1 -23278 177.629
