0 -12006.2 -0.00148694
-0.010101 -10709.8 11.7019
-0.020202 -10715.1 23.4259
-0.030303 -10715.9 36.0953
-0.040404 -10716.6 48.773
-0.0505051 -10714.1 61.6507
-0.0606061 -10711.5 74.5385
-0.0707071 -10706.9 87.5841
-0.0808081 -10702.2 100.639
-0.0909091 -10696.4 113.796
-0.10101 -10690.5 126.961
-0.111111 -10684.1 140.189
-0.121212 -10677.8 153.423
-0.131313 -10671.3 166.694
-0.141414 -10665 179.969
-0.151515 -10658.9 193.265
-0.161616 -10652.9 206.562
-0.171717 -10647.3 219.866
-0.181818 -10641.9 233.17
-0.191919 -10637.1 246.47
-0.20202 -10632.4 259.766
-0.212121 -10628.3 273.049
-0.222222 -10624.4 286.325
-0.232323 -10621 299.578
-0.242424 -10617.9 312.822
-0.252525 -10615.3 326.036
-0.262626 -10612.8 339.238
-0.272727 -10610.9 352.403
-0.282828 -10609.1 365.553
-0.292929 -10607.8 378.663
-0.30303 -10606.6 391.755
-0.313131 -10605.8 404.802
-0.323232 -10605.1 417.829
-0.333333 -10604.6 430.809
-0.343434 -10604.3 443.765
-0.353535 -10604.3 456.673
-0.363636 -10604.3 469.555
-0.373737 -10604.5 482.387
-0.383838 -10604.8 495.189
-0.393939 -10605.2 507.941
-0.40404 -10605.7 520.66
-0.414141 -10606.2 533.328
-0.424242 -10606.8 545.959
-0.434343 -10607.5 558.539
-0.444444 -10608.2 571.078
-0.454545 -10609 583.566
-0.464646 -10609.7 596.009
-0.474747 -10610.5 608.399
-0.484848 -10611.3 620.741
-0.494949 -10612.1 633.03
-0.505051 -10613 645.265
-0.515152 -10613.8 657.447
-0.525253 -10614.6 669.571
-0.535354 -10615.4 681.641
-0.545455 -10616.3 693.647
-0.555556 -10617.1 705.598
-0.565657 -10617.9 717.48
-0.575758 -10618.7 729.308
-0.585859 -10619.5 741.059
-0.59596 -10620.3 752.756
-0.606061 -10621.1 764.37
-0.616162 -10621.9 775.929
-0.626263 -10622.7 787.398
-0.636364 -10623.4 798.812
-0.646465 -10624.2 810.129
-0.656566 -10625 821.39
-0.666667 -10625.7 832.546
-0.676768 -10626.5 843.648
-0.686869 -10627.2 854.635
-0.69697 -10627.9 865.568
-0.707071 -10628.6 876.378
-0.717172 -10629.3 887.134
-0.727273 -10630 897.757
-0.737374 -10630.7 908.328
-0.747475 -10631.4 918.756
-0.757576 -10632 929.133
-0.767677 -10632.6 939.356
-0.777778 -10633.2 949.53
-0.787879 -10633.7 959.539
-0.79798 -10634.3 969.502
-0.808081 -10634.7 979.289
-0.818182 -10635.2 989.032
-0.828283 -10635.6 998.588
-0.838384 -10635.9 1008.1
-0.848485 -10636.2 1017.42
-0.858586 -10636.5 1026.7
-0.868687 -10636.7 1035.77
-0.878788 -10636.9 1044.81
-0.888889 -10637 1053.63
-0.89899 -10637 1062.42
-0.909091 -10637 1070.98
-0.919192 -10637 1079.52
-0.929293 -10636.9 1087.83
-0.939394 -10636.8 1096.12
-0.949495 -10636.6 1104.17
-0.959596 -10636.5 1112.21
-0.969697 -10636.3 1120.03
-0.979798 -10636.1 1127.85
-0.989899 -10636.1 1135.47
-1 -10636 1143.1
