0 -20491 -0.0016792
-0.010101 -21164.2 -5.63464
-0.020202 -21138.8 -11.2711
-0.030303 -21117 -17.1559
-0.040404 -21095.5 -23.0429
-0.0505051 -21077.5 -28.9814
-0.0606061 -21059.8 -34.9267
-0.0707071 -21045.4 -40.9798
-0.0808081 -21031.4 -47.0418
-0.0909091 -21020.3 -53.2062
-0.10101 -21009.5 -59.3797
-0.111111 -21001.4 -65.6348
-0.121212 -20993.5 -71.8984
-0.131313 -20987.8 -78.224
-0.141414 -20982.4 -84.5574
-0.151515 -20978.8 -90.9381
-0.161616 -20975.4 -97.3259
-0.171717 -20973.5 -103.751
-0.181818 -20971.7 -110.182
-0.191919 -20971 -116.642
-0.20202 -20970.6 -123.107
-0.212121 -20970.9 -129.595
-0.222222 -20971.3 -136.087
-0.232323 -20972.3 -142.594
-0.242424 -20973.5 -149.104
-0.252525 -20975 -155.623
-0.262626 -20976.5 -162.143
-0.272727 -20978.3 -168.665
-0.282828 -20980.1 -175.186
-0.292929 -20982.1 -181.703
-0.30303 -20984 -188.216
-0.313131 -20986 -194.721
-0.323232 -20988 -201.219
-0.333333 -20990 -207.704
-0.343434 -20991.9 -214.181
-0.353535 -20993.8 -220.64
-0.363636 -20995.6 -227.088
-0.373737 -20997.4 -233.516
-0.383838 -20999.2 -239.929
-0.393939 -21000.8 -246.321
-0.40404 -21002.4 -252.695
-0.414141 -21004 -259.045
-0.424242 -21005.5 -265.377
-0.434343 -21006.9 -271.682
-0.444444 -21008.3 -277.965
-0.454545 -21009.6 -284.222
-0.464646 -21010.9 -290.454
-0.474747 -21012.1 -296.658
-0.484848 -21013.3 -302.836
-0.494949 -21014.5 -308.985
-0.505051 -21015.6 -315.104
-0.515152 -21016.7 -321.195
-0.525253 -21017.8 -327.254
-0.535354 -21018.9 -333.283
-0.545455 -21020 -339.277
-0.555556 -21021 -345.242
-0.565657 -21022.1 -351.169
-0.575758 -21023.2 -357.066
-0.585859 -21024.2 -362.923
-0.59596 -21025.3 -368.749
-0.606061 -21026.4 -374.532
-0.616162 -21027.5 -380.286
-0.626263 -21028.7 -385.992
-0.636364 -21029.8 -391.669
-0.646465 -21031 -397.295
-0.656566 -21032.2 -402.893
-0.666667 -21033.4 -408.437
-0.676768 -21034.7 -413.952
-0.686869 -21036 -419.41
-0.69697 -21037.3 -424.84
-0.707071 -21038.7 -430.21
-0.717172 -21040.1 -435.552
-0.727273 -21041.5 -440.831
-0.737374 -21043 -446.083
-0.747475 -21044.5 -451.268
-0.757576 -21046 -456.429
-0.767677 -21047.5 -461.519
-0.777778 -21049.1 -466.585
-0.787879 -21050.7 -471.578
-0.79798 -21052.4 -476.55
-0.808081 -21054 -481.444
-0.818182 -21055.7 -486.319
-0.828283 -21057.4 -491.115
-0.838384 -21059 -495.893
-0.848485 -21060.7 -500.589
-0.858586 -21062.4 -505.27
-0.868687 -21064 -509.867
-0.878788 -21065.6 -514.45
-0.888889 -21067.2 -518.947
-0.89899 -21068.7 -523.432
-0.909091 -21070.1 -527.831
-0.919192 -21071.5 -532.219
-0.929293 -21072.8 -536.521
-0.939394 -21074 -540.814
-0.949495 -21074.9 -545.023
-0.959596 -21075.9 -549.226
-0.969697 -21076.5 -553.358
-0.979798 -21077.2 -557.486
-0.989899 -21077.4 -561.497
-1 -21077.6 -565.506
