0 8860.44 0.00106882
-0.010101 10195 11.7006
-0.020202 10171.5 23.415
-0.030303 10153.8 35.9092
-0.040404 10136.3 48.4101
-0.0505051 10123.5 61.0743
-0.0606061 10111.1 73.75
-0.0707071 10102.5 86.6078
-0.0808081 10094.2 99.4782
-0.0909091 10089.1 112.493
-0.10101 10084.1 125.519
-0.111111 10081.6 138.648
-0.121212 10079.3 151.787
-0.131313 10078.7 164.998
-0.141414 10078.4 178.218
-0.151515 10079.3 191.487
-0.161616 10080.3 204.762
-0.171717 10082.2 218.071
-0.181818 10084.1 231.385
-0.191919 10086.6 244.718
-0.20202 10089.1 258.054
-0.212121 10091.9 271.398
-0.222222 10094.7 284.742
-0.232323 10097.5 298.083
-0.242424 10100.4 311.421
-0.252525 10103.1 324.747
-0.262626 10105.9 338.065
-0.272727 10108.5 351.363
-0.282828 10111.1 364.651
-0.292929 10113.4 377.91
-0.30303 10115.7 391.155
-0.313131 10117.8 404.366
-0.323232 10119.8 417.559
-0.333333 10121.6 430.713
-0.343434 10123.4 443.844
-0.353535 10124.9 456.933
-0.363636 10126.4 469.996
-0.373737 10127.7 483.012
-0.383838 10128.9 495.998
-0.393939 10129.9 508.936
-0.40404 10130.9 521.84
-0.414141 10131.8 534.693
-0.424242 10132.6 547.509
-0.434343 10133.3 560.272
-0.444444 10134 572.993
-0.454545 10134.6 585.66
-0.464646 10135.1 598.281
-0.474747 10135.6 610.847
-0.484848 10136.1 623.362
-0.494949 10136.5 635.822
-0.505051 10136.9 648.225
-0.515152 10137.3 660.572
-0.525253 10137.6 672.858
-0.535354 10138 685.087
-0.545455 10138.3 697.25
-0.555556 10138.7 709.355
-0.565657 10139 721.387
-0.575758 10139.4 733.362
-0.585859 10139.7 745.258
-0.59596 10140.1 757.097
-0.606061 10140.5 768.85
-0.616162 10140.9 780.545
-0.626263 10141.3 792.148
-0.636364 10141.7 803.693
-0.646465 10142.2 815.139
-0.656566 10142.7 826.527
-0.666667 10143.2 837.808
-0.676768 10143.7 849.032
-0.686869 10144.3 860.14
-0.69697 10144.9 871.193
-0.707071 10145.6 882.121
-0.717172 10146.2 892.996
-0.727273 10146.9 903.737
-0.737374 10147.7 914.426
-0.747475 10148.5 924.972
-0.757576 10149.3 935.468
-0.767677 10150.2 945.812
-0.777778 10151 956.108
-0.787879 10152 966.244
-0.79798 10153 976.334
-0.808081 10154 986.254
-0.818182 10155 996.132
-0.828283 10156.1 1005.83
-0.838384 10157.2 1015.49
-0.848485 10158.4 1024.96
-0.858586 10159.5 1034.4
-0.868687 10160.7 1043.64
-0.878788 10161.9 1052.85
-0.888889 10163.1 1061.86
-0.89899 10164.2 1070.84
-0.909091 10165.4 1079.61
-0.919192 10166.5 1088.36
-0.929293 10167.5 1096.9
-0.939394 10168.6 1105.41
-0.949495 10169.4 1113.72
-0.959596 10170.3 1122.01
-0.969697 10170.9 1130.11
-0.979798 10171.5 1138.21
-0.989899 10171.7 1146.09
-1 10172 1153.97
