0 21127 0.00237802
-0.010101 20411.1 -6.69965
-0.020202 20401.7 -13.4172
-0.030303 20390.5 -20.7886
-0.040404 20379.4 -28.1659
-0.0505051 20367.6 -35.6825
-0.0606061 20355.8 -43.2038
-0.0707071 20344.2 -50.7986
-0.0808081 20332.7 -58.396
-0.0909091 20321.8 -66.0243
-0.10101 20311.1 -73.6536
-0.111111 20301.3 -81.2918
-0.121212 20291.7 -88.9298
-0.131313 20283.3 -96.566
-0.141414 20275.1 -104.201
-0.151515 20268 -111.828
-0.161616 20261.2 -119.452
-0.171717 20255.5 -127.062
-0.181818 20250 -134.669
-0.191919 20245.6 -142.256
-0.20202 20241.4 -149.838
-0.212121 20238.2 -157.397
-0.222222 20235.2 -164.948
-0.232323 20233 -172.471
-0.242424 20230.9 -179.986
-0.252525 20229.6 -187.471
-0.262626 20228.4 -194.945
-0.272727 20227.8 -202.388
-0.282828 20227.3 -209.819
-0.292929 20227.2 -217.218
-0.30303 20227.3 -224.604
-0.313131 20227.7 -231.958
-0.323232 20228.1 -239.298
-0.333333 20228.9 -246.607
-0.343434 20229.7 -253.901
-0.353535 20230.6 -261.164
-0.363636 20231.7 -268.411
-0.373737 20232.8 -275.628
-0.383838 20234 -282.827
-0.393939 20235.2 -289.997
-0.40404 20236.5 -297.148
-0.414141 20237.8 -304.27
-0.424242 20239.1 -311.372
-0.434343 20240.4 -318.445
-0.444444 20241.8 -325.496
-0.454545 20243.1 -332.519
-0.464646 20244.4 -339.517
-0.474747 20245.8 -346.487
-0.484848 20247.1 -353.431
-0.494949 20248.4 -360.347
-0.505051 20249.7 -367.233
-0.515152 20251 -374.091
-0.525253 20252.3 -380.918
-0.535354 20253.6 -387.715
-0.545455 20254.8 -394.479
-0.555556 20256.1 -401.213
-0.565657 20257.4 -407.909
-0.575758 20258.6 -414.576
-0.585859 20259.9 -421.202
-0.59596 20261.1 -427.798
-0.606061 20262.4 -434.35
-0.616162 20263.6 -440.871
-0.626263 20264.9 -447.343
-0.636364 20266.2 -453.785
-0.646465 20267.5 -460.173
-0.656566 20268.7 -466.531
-0.666667 20270 -472.83
-0.676768 20271.3 -479.099
-0.686869 20272.7 -485.304
-0.69697 20274 -491.479
-0.707071 20275.3 -497.583
-0.717172 20276.7 -503.658
-0.727273 20278 -509.657
-0.737374 20279.4 -515.626
-0.747475 20280.7 -521.512
-0.757576 20282.1 -527.37
-0.767677 20283.4 -533.137
-0.777778 20284.8 -538.876
-0.787879 20286.1 -544.518
-0.79798 20287.4 -550.132
-0.808081 20288.7 -555.642
-0.818182 20290 -561.125
-0.828283 20291.2 -566.496
-0.838384 20292.5 -571.842
-0.848485 20293.6 -577.067
-0.858586 20294.7 -582.27
-0.868687 20295.8 -587.345
-0.878788 20296.8 -592.399
-0.888889 20297.7 -597.318
-0.89899 20298.6 -602.218
-0.909091 20299.4 -606.977
-0.919192 20300.1 -611.721
-0.929293 20300.7 -616.319
-0.939394 20301.3 -620.904
-0.949495 20301.7 -625.342
-0.959596 20302 -629.77
-0.969697 20302.3 -634.057
-0.979798 20302.5 -638.339
-0.989899 20302.5 -642.525
-1 20302.6 -646.709
