0 -17085.2 -0.00201554
-0.010101 -16024.6 9.69322
-0.020202 -16022.7 19.4074
-0.030303 -16017.6 29.961
-0.040404 -16012.3 40.5221
-0.0505051 -16005.1 51.2613
-0.0606061 -15997.8 62.0082
-0.0707071 -15989.5 72.8774
-0.0808081 -15981.2 83.7527
-0.0909091 -15972.6 94.6993
-0.10101 -15964 105.65
-0.111111 -15955.7 116.64
-0.121212 -15947.4 127.632
-0.131313 -15939.7 138.644
-0.141414 -15932.1 149.658
-0.151515 -15925.3 160.678
-0.161616 -15918.6 171.698
-0.171717 -15912.8 182.715
-0.181818 -15907.1 193.729
-0.191919 -15902.3 204.732
-0.20202 -15897.6 215.73
-0.212121 -15893.8 226.709
-0.222222 -15890.2 237.681
-0.232323 -15887.3 248.626
-0.242424 -15884.5 259.562
-0.252525 -15882.4 270.467
-0.262626 -15880.5 281.36
-0.272727 -15879.2 292.218
-0.282828 -15878 303.061
-0.292929 -15877.2 313.866
-0.30303 -15876.6 324.655
-0.313131 -15876.3 335.404
-0.323232 -15876.2 346.135
-0.333333 -15876.3 356.825
-0.343434 -15876.6 367.494
-0.353535 -15877 378.122
-0.363636 -15877.5 388.727
-0.373737 -15878.2 399.291
-0.383838 -15879 409.829
-0.393939 -15879.8 420.326
-0.40404 -15880.7 430.795
-0.414141 -15881.7 441.222
-0.424242 -15882.6 451.619
-0.434343 -15883.7 461.974
-0.444444 -15884.7 472.296
-0.454545 -15885.8 482.576
-0.464646 -15886.9 492.819
-0.474747 -15888 503.02
-0.484848 -15889.1 513.181
-0.494949 -15890.2 523.299
-0.505051 -15891.3 533.374
-0.515152 -15892.4 543.405
-0.525253 -15893.5 553.389
-0.535354 -15894.6 563.33
-0.545455 -15895.6 573.219
-0.555556 -15896.7 583.063
-0.565657 -15897.8 592.852
-0.575758 -15898.8 602.595
-0.585859 -15899.9 612.277
-0.59596 -15901 621.915
-0.606061 -15902 631.485
-0.616162 -15903.1 641.011
-0.626263 -15904.1 650.463
-0.636364 -15905.2 659.87
-0.646465 -15906.3 669.197
-0.656566 -15907.3 678.48
-0.666667 -15908.4 687.676
-0.676768 -15909.4 696.827
-0.686869 -15910.5 705.884
-0.69697 -15911.5 714.897
-0.707071 -15912.6 723.808
-0.717172 -15913.6 732.675
-0.727273 -15914.7 741.432
-0.737374 -15915.7 750.146
-0.747475 -15916.8 758.74
-0.757576 -15917.8 767.293
-0.767677 -15918.8 775.717
-0.777778 -15919.8 784.101
-0.787879 -15920.7 792.346
-0.79798 -15921.7 800.553
-0.808081 -15922.6 808.612
-0.818182 -15923.5 816.634
-0.828283 -15924.3 824.498
-0.838384 -15925.1 832.328
-0.848485 -15925.9 839.99
-0.858586 -15926.6 847.62
-0.868687 -15927.2 855.074
-0.878788 -15927.8 862.499
-0.888889 -15928.3 869.738
-0.89899 -15928.8 876.952
-0.909091 -15929.2 883.973
-0.919192 -15929.5 890.972
-0.929293 -15929.8 897.773
-0.939394 -15930 904.556
-0.949495 -15930.1 911.141
-0.959596 -15930.2 917.712
-0.969697 -15930.2 924.095
-0.979798 -15930.3 930.47
-0.989899 -15930.2 936.696
-1 -15930.2 942.919
