0 -23628.4 -0.00143149
-0.010101 -23587.4 0.75594
-0.020202 -23567.8 1.51955
-0.030303 -23549.3 2.52389
-0.040404 -23530.8 3.5304
-0.0505051 -23514 4.5891
-0.0606061 -23497.3 5.6467
-0.0707071 -23482.6 6.68707
-0.0808081 -23468.1 7.72406
-0.0909091 -23455.7 8.72211
-0.10101 -23443.5 9.7157
-0.111111 -23433.3 10.6692
-0.121212 -23423.4 11.618
-0.131313 -23415.3 12.5314
-0.141414 -23407.5 13.4397
-0.151515 -23401.4 14.3171
-0.161616 -23395.6 15.1891
-0.171717 -23391.2 16.0329
-0.181818 -23387.1 16.8707
-0.191919 -23384.2 17.6817
-0.20202 -23381.5 18.4863
-0.212121 -23379.8 19.2652
-0.222222 -23378.3 20.0372
-0.232323 -23377.6 20.7852
-0.242424 -23377 21.5263
-0.252525 -23377 22.2454
-0.262626 -23377.2 22.9578
-0.272727 -23377.9 23.6509
-0.282828 -23378.6 24.3377
-0.292929 -23379.6 25.0082
-0.30303 -23380.7 25.673
-0.313131 -23382.1 26.3245
-0.323232 -23383.5 26.9711
-0.333333 -23385 27.6072
-0.343434 -23386.5 28.2391
-0.353535 -23388.1 28.863
-0.363636 -23389.7 29.4836
-0.373737 -23391.4 30.0982
-0.383838 -23393 30.7103
-0.393939 -23394.7 31.318
-0.40404 -23396.3 31.9238
-0.414141 -23397.9 32.5267
-0.424242 -23399.5 33.1281
-0.434343 -23401.1 33.7276
-0.444444 -23402.6 34.326
-0.454545 -23404.1 34.9232
-0.464646 -23405.6 35.5196
-0.474747 -23407.1 36.1152
-0.484848 -23408.5 36.7103
-0.494949 -23409.9 37.3048
-0.505051 -23411.3 37.8989
-0.515152 -23412.7 38.4925
-0.525253 -23414 39.0857
-0.535354 -23415.4 39.6784
-0.545455 -23416.7 40.2706
-0.555556 -23418 40.8622
-0.565657 -23419.4 41.4531
-0.575758 -23420.7 42.0432
-0.585859 -23422 42.6322
-0.59596 -23423.3 43.2204
-0.606061 -23424.7 43.8069
-0.616162 -23426 44.3923
-0.626263 -23427.4 44.9755
-0.636364 -23428.8 45.5574
-0.646465 -23430.2 46.1363
-0.656566 -23431.6 46.7134
-0.666667 -23433 47.2867
-0.676768 -23434.5 47.858
-0.686869 -23435.9 48.4241
-0.69697 -23437.4 48.9879
-0.707071 -23439 49.5452
-0.717172 -23440.5 50.0997
-0.727273 -23442.1 50.646
-0.737374 -23443.7 51.1892
-0.747475 -23445.3 51.7222
-0.757576 -23446.9 52.2516
-0.767677 -23448.6 52.7686
-0.777778 -23450.2 53.2816
-0.787879 -23451.9 53.7795
-0.79798 -23453.6 54.2732
-0.808081 -23455.3 54.7489
-0.818182 -23456.9 55.2202
-0.828283 -23458.6 55.6703
-0.838384 -23460.2 56.1158
-0.848485 -23461.8 56.5371
-0.858586 -23463.4 56.9537
-0.868687 -23464.9 57.3428
-0.878788 -23466.4 57.7274
-0.888889 -23467.8 58.0814
-0.89899 -23469.2 58.4313
-0.909091 -23470.4 58.7477
-0.919192 -23471.6 59.0604
-0.929293 -23472.6 59.3372
-0.939394 -23473.6 59.6109
-0.949495 -23474.4 59.8463
-0.959596 -23475.1 60.0793
-0.969697 -23475.6 60.2704
-0.979798 -23476.1 60.4597
-0.989899 -23476.3 60.6594
-1 -23476.4 60.8593
