0 8598.58 0.0010709
-0.010101 7208.87 -12.4734
-0.020202 7218.16 -24.9687
-0.030303 7222.41 -38.4386
-0.040404 7226.5 -51.9171
-0.0505051 7226.94 -65.6017
-0.0606061 7227.21 -79.2974
-0.0707071 7224.96 -93.1664
-0.0808081 7222.58 -107.046
-0.0909091 7218.58 -121.043
-0.10101 7214.49 -135.05
-0.111111 7209.48 -149.132
-0.121212 7204.43 -163.221
-0.131313 7198.99 -177.357
-0.141414 7193.55 -191.498
-0.151515 7188.1 -205.667
-0.161616 7182.7 -219.838
-0.171717 7177.53 -234.023
-0.181818 7172.45 -248.208
-0.191919 7167.77 -262.394
-0.20202 7163.2 -276.578
-0.212121 7159.11 -290.751
-0.222222 7155.16 -304.919
-0.232323 7151.71 -319.067
-0.242424 7148.41 -333.206
-0.252525 7145.6 -347.316
-0.262626 7142.95 -361.415
-0.272727 7140.75 -375.478
-0.282828 7138.71 -389.526
-0.292929 7137.07 -403.534
-0.30303 7135.57 -417.523
-0.313131 7134.43 -431.467
-0.323232 7133.41 -445.389
-0.333333 7132.69 -459.264
-0.343434 7132.09 -473.113
-0.353535 7131.71 -486.913
-0.363636 7131.45 -500.683
-0.373737 7131.36 -514.402
-0.383838 7131.36 -528.089
-0.393939 7131.5 -541.724
-0.40404 7131.71 -555.322
-0.414141 7132.02 -568.866
-0.424242 7132.39 -582.371
-0.434343 7132.82 -595.821
-0.444444 7133.3 -609.228
-0.454545 7133.83 -622.579
-0.464646 7134.38 -635.882
-0.474747 7134.97 -649.129
-0.484848 7135.57 -662.324
-0.494949 7136.2 -675.461
-0.505051 7136.83 -688.541
-0.515152 7137.47 -701.564
-0.525253 7138.11 -714.523
-0.535354 7138.75 -727.425
-0.545455 7139.4 -740.258
-0.555556 7140.04 -753.033
-0.565657 7140.67 -765.732
-0.575758 7141.3 -778.373
-0.585859 7141.93 -790.933
-0.59596 7142.54 -803.433
-0.606061 7143.15 -815.845
-0.616162 7143.75 -828.198
-0.626263 7144.34 -840.454
-0.636364 7144.92 -852.651
-0.646465 7145.49 -864.744
-0.656566 7146.05 -876.778
-0.666667 7146.6 -888.698
-0.676768 7147.13 -900.561
-0.686869 7147.65 -912.301
-0.69697 7148.16 -923.983
-0.707071 7148.65 -935.533
-0.717172 7149.12 -947.027
-0.727273 7149.57 -958.378
-0.737374 7150.01 -969.673
-0.747475 7150.41 -980.816
-0.757576 7150.79 -991.906
-0.767677 7151.14 -1002.83
-0.777778 7151.47 -1013.7
-0.787879 7151.75 -1024.4
-0.79798 7152.01 -1035.05
-0.808081 7152.21 -1045.52
-0.818182 7152.4 -1055.93
-0.828283 7152.51 -1066.15
-0.838384 7152.61 -1076.33
-0.848485 7152.64 -1086.29
-0.858586 7152.64 -1096.22
-0.868687 7152.57 -1105.93
-0.878788 7152.49 -1115.6
-0.888889 7152.32 -1125.04
-0.89899 7152.15 -1134.46
-0.909091 7151.9 -1143.63
-0.919192 7151.65 -1152.78
-0.929293 7151.36 -1161.68
-0.939394 7151.06 -1170.57
-0.949495 7150.75 -1179.21
-0.959596 7150.44 -1187.83
-0.969697 7150.18 -1196.23
-0.979798 7149.92 -1204.62
-0.989899 7149.81 -1212.81
-1 7149.7 -1220.99
