0 7846.72 0.000946128
-0.010101 9207.95 11.964
-0.020202 9185.12 23.9423
-0.030303 9168.05 36.7198
-0.040404 9151.19 49.504
-0.0505051 9139.14 62.4491
-0.0606061 9127.33 75.4055
-0.0707071 9119.42 88.5397
-0.0808081 9111.77 101.686
-0.0909091 9107.18 114.972
-0.10101 9102.84 128.268
-0.111111 9100.81 141.664
-0.121212 9099.01 155.069
-0.131313 9098.9 168.543
-0.141414 9098.98 182.024
-0.151515 9100.22 195.552
-0.161616 9101.61 209.087
-0.171717 9103.76 222.653
-0.181818 9106 236.223
-0.191919 9108.68 249.811
-0.20202 9111.4 263.402
-0.212121 9114.33 277
-0.222222 9117.26 290.597
-0.232323 9120.21 304.191
-0.242424 9123.14 317.781
-0.252525 9125.98 331.358
-0.262626 9128.77 344.927
-0.272727 9131.4 358.476
-0.282828 9133.95 372.013
-0.292929 9136.3 385.521
-0.30303 9138.56 399.015
-0.313131 9140.62 412.473
-0.323232 9142.57 425.913
-0.333333 9144.33 439.313
-0.343434 9145.98 452.691
-0.353535 9147.44 466.025
-0.363636 9148.81 479.333
-0.373737 9150.01 492.593
-0.383838 9151.12 505.824
-0.393939 9152.09 519.005
-0.40404 9152.98 532.152
-0.414141 9153.75 545.248
-0.424242 9154.46 558.306
-0.434343 9155.07 571.311
-0.444444 9155.62 584.274
-0.454545 9156.1 597.183
-0.464646 9156.54 610.046
-0.474747 9156.92 622.853
-0.484848 9157.27 635.61
-0.494949 9157.59 648.31
-0.505051 9157.88 660.955
-0.515152 9158.15 673.543
-0.525253 9158.41 686.07
-0.535354 9158.65 698.54
-0.545455 9158.9 710.944
-0.555556 9159.14 723.29
-0.565657 9159.38 735.563
-0.575758 9159.63 747.779
-0.585859 9159.89 759.916
-0.59596 9160.16 771.995
-0.606061 9160.45 783.988
-0.616162 9160.75 795.924
-0.626263 9161.08 807.767
-0.636364 9161.42 819.552
-0.646465 9161.79 831.237
-0.656566 9162.19 842.865
-0.666667 9162.61 854.385
-0.676768 9163.06 865.848
-0.686869 9163.55 877.194
-0.69697 9164.06 888.485
-0.707071 9164.61 899.651
-0.717172 9165.19 910.762
-0.727273 9165.82 921.738
-0.737374 9166.47 932.662
-0.747475 9167.18 943.442
-0.757576 9167.91 954.172
-0.767677 9168.69 964.748
-0.777778 9169.5 975.275
-0.787879 9170.37 985.64
-0.79798 9171.25 995.959
-0.808081 9172.2 1006.11
-0.818182 9173.16 1016.21
-0.828283 9174.18 1026.13
-0.838384 9175.22 1036.02
-0.848485 9176.29 1045.71
-0.858586 9177.38 1055.36
-0.868687 9178.5 1064.82
-0.878788 9179.62 1074.25
-0.888889 9180.74 1083.47
-0.89899 9181.87 1092.66
-0.909091 9182.96 1101.64
-0.919192 9184.04 1110.59
-0.929293 9185.05 1119.33
-0.939394 9186.04 1128.05
-0.949495 9186.88 1136.55
-0.959596 9187.71 1145.04
-0.969697 9188.31 1153.33
-0.979798 9188.89 1161.62
-0.989899 9189.11 1169.69
-1 9189.33 1177.75
