0 -4183.05 -0.000544495
-0.010101 -5614.46 -12.6345
-0.020202 -5593.82 -25.2859
-0.030303 -5579.04 -38.8225
-0.040404 -5564.46 -52.3668
-0.0505051 -5554.64 -66.0974
-0.0606061 -5545.05 -79.8401
-0.0707071 -5539.2 -93.7737
-0.0808081 -5533.6 -107.72
-0.0909091 -5530.85 -121.812
-0.10101 -5528.32 -135.915
-0.111111 -5527.88 -150.12
-0.121212 -5527.63 -164.334
-0.131313 -5528.83 -178.618
-0.141414 -5530.19 -192.909
-0.151515 -5532.48 -207.247
-0.161616 -5534.89 -221.591
-0.171717 -5537.84 -235.964
-0.181818 -5540.86 -250.341
-0.191919 -5544.13 -264.734
-0.20202 -5547.41 -279.127
-0.212121 -5550.74 -293.525
-0.222222 -5554.04 -307.92
-0.232323 -5557.24 -322.308
-0.242424 -5560.39 -336.69
-0.252525 -5563.35 -351.055
-0.262626 -5566.23 -365.411
-0.272727 -5568.88 -379.741
-0.282828 -5571.43 -394.059
-0.292929 -5573.72 -408.343
-0.30303 -5575.91 -422.61
-0.313131 -5577.85 -436.839
-0.323232 -5579.68 -451.047
-0.333333 -5581.28 -465.211
-0.343434 -5582.78 -479.351
-0.353535 -5584.06 -493.443
-0.363636 -5585.25 -507.507
-0.373737 -5586.26 -521.52
-0.383838 -5587.17 -535.501
-0.393939 -5587.95 -549.43
-0.40404 -5588.64 -563.321
-0.414141 -5589.21 -577.158
-0.424242 -5589.72 -590.955
-0.434343 -5590.13 -604.695
-0.444444 -5590.49 -618.39
-0.454545 -5590.78 -632.028
-0.464646 -5591.03 -645.616
-0.474747 -5591.23 -659.145
-0.484848 -5591.4 -672.62
-0.494949 -5591.53 -686.036
-0.505051 -5591.65 -699.392
-0.515152 -5591.74 -712.688
-0.525253 -5591.83 -725.918
-0.535354 -5591.9 -739.088
-0.545455 -5591.97 -752.186
-0.555556 -5592.04 -765.224
-0.565657 -5592.12 -778.183
-0.575758 -5592.19 -791.082
-0.585859 -5592.28 -803.896
-0.59596 -5592.38 -816.648
-0.606061 -5592.49 -829.309
-0.616162 -5592.61 -841.908
-0.626263 -5592.76 -854.408
-0.636364 -5592.91 -866.847
-0.646465 -5593.1 -879.178
-0.656566 -5593.3 -891.448
-0.666667 -5593.53 -903.602
-0.676768 -5593.78 -915.697
-0.686869 -5594.07 -927.665
-0.69697 -5594.37 -939.575
-0.707071 -5594.72 -951.351
-0.717172 -5595.08 -963.068
-0.727273 -5595.5 -974.641
-0.737374 -5595.93 -986.158
-0.747475 -5596.41 -997.521
-0.757576 -5596.91 -1008.83
-0.767677 -5597.47 -1019.97
-0.777778 -5598.05 -1031.07
-0.787879 -5598.69 -1041.98
-0.79798 -5599.35 -1052.85
-0.808081 -5600.07 -1063.53
-0.818182 -5600.81 -1074.17
-0.828283 -5601.6 -1084.61
-0.838384 -5602.42 -1095.01
-0.848485 -5603.28 -1105.21
-0.858586 -5604.16 -1115.36
-0.868687 -5605.08 -1125.3
-0.878788 -5606 -1135.21
-0.888889 -5606.95 -1144.89
-0.89899 -5607.9 -1154.55
-0.909091 -5608.84 -1163.97
-0.919192 -5609.77 -1173.37
-0.929293 -5610.65 -1182.53
-0.939394 -5611.52 -1191.67
-0.949495 -5612.28 -1200.58
-0.959596 -5613.02 -1209.48
-0.969697 -5613.56 -1218.16
-0.979798 -5614.09 -1226.84
-0.989899 -5614.3 -1235.29
-1 -5614.5 -1243.74
