0 -13161.8 -0.00146043
-0.010101 -14342.8 -10.265
-0.020202 -14317.5 -20.5402
-0.030303 -14297.6 -31.4574
-0.040404 -14277.9 -42.3803
-0.0505051 -14262.8 -53.4376
-0.0606061 -14247.9 -64.5055
-0.0707071 -14237 -75.7401
-0.0808081 -14226.4 -86.9867
-0.0909091 -14219 -98.3711
-0.10101 -14211.9 -109.767
-0.111111 -14207.4 -121.264
-0.121212 -14203.1 -132.771
-0.131313 -14200.8 -144.35
-0.141414 -14198.8 -155.938
-0.151515 -14198.2 -167.578
-0.161616 -14197.8 -179.224
-0.171717 -14198.5 -190.907
-0.181818 -14199.3 -202.596
-0.191919 -14200.9 -214.309
-0.20202 -14202.5 -226.025
-0.212121 -14204.6 -237.754
-0.222222 -14206.8 -249.485
-0.232323 -14209.2 -261.219
-0.242424 -14211.6 -272.952
-0.252525 -14214.1 -284.679
-0.262626 -14216.5 -296.401
-0.272727 -14219 -308.11
-0.282828 -14221.4 -319.81
-0.292929 -14223.8 -331.489
-0.30303 -14226.1 -343.157
-0.313131 -14228.2 -354.797
-0.323232 -14230.3 -366.423
-0.333333 -14232.3 -378.016
-0.343434 -14234.2 -389.59
-0.353535 -14235.9 -401.128
-0.363636 -14237.6 -412.643
-0.373737 -14239.1 -424.118
-0.383838 -14240.5 -435.568
-0.393939 -14241.8 -446.975
-0.40404 -14243.1 -458.352
-0.414141 -14244.2 -469.685
-0.424242 -14245.3 -480.984
-0.434343 -14246.3 -492.238
-0.444444 -14247.2 -503.453
-0.454545 -14248.1 -514.622
-0.464646 -14248.9 -525.749
-0.474747 -14249.7 -536.827
-0.484848 -14250.4 -547.86
-0.494949 -14251.1 -558.844
-0.505051 -14251.7 -569.777
-0.515152 -14252.4 -580.661
-0.525253 -14253 -591.49
-0.535354 -14253.6 -602.268
-0.545455 -14254.2 -612.987
-0.555556 -14254.8 -623.656
-0.565657 -14255.4 -634.259
-0.575758 -14256 -644.812
-0.585859 -14256.6 -655.294
-0.59596 -14257.3 -665.725
-0.606061 -14257.9 -676.08
-0.616162 -14258.6 -686.384
-0.626263 -14259.2 -696.606
-0.636364 -14259.9 -706.777
-0.646465 -14260.7 -716.859
-0.656566 -14261.4 -726.891
-0.666667 -14262.2 -736.828
-0.676768 -14263 -746.715
-0.686869 -14263.8 -756.499
-0.69697 -14264.7 -766.235
-0.707071 -14265.6 -775.861
-0.717172 -14266.6 -785.44
-0.727273 -14267.6 -794.902
-0.737374 -14268.6 -804.317
-0.747475 -14269.6 -813.608
-0.757576 -14270.7 -822.854
-0.767677 -14271.9 -831.969
-0.777778 -14273 -841.041
-0.787879 -14274.2 -849.973
-0.79798 -14275.5 -858.866
-0.808081 -14276.8 -867.611
-0.818182 -14278.1 -876.319
-0.828283 -14279.4 -884.873
-0.838384 -14280.8 -893.393
-0.848485 -14282.1 -901.752
-0.858586 -14283.5 -910.079
-0.868687 -14284.9 -918.239
-0.878788 -14286.3 -926.372
-0.888889 -14287.6 -934.331
-0.89899 -14289 -942.266
-0.909091 -14290.3 -950.022
-0.919192 -14291.6 -957.759
-0.929293 -14292.7 -965.314
-0.939394 -14293.9 -972.853
-0.949495 -14294.8 -980.213
-0.959596 -14295.7 -987.562
-0.969697 -14296.4 -994.749
-0.979798 -14297 -1001.93
-0.989899 -14297.3 -1008.92
-1 -14297.5 -1015.91
