0 -22294.6 -0.00167553
-0.010101 -22718.7 -3.39415
-0.020202 -22694.7 -6.78649
-0.030303 -22673.5 -10.25
-0.040404 -22652.4 -13.7141
-0.0505051 -22634.4 -17.1918
-0.0606061 -22616.5 -20.6744
-0.0707071 -22601.6 -24.2336
-0.0808081 -22586.9 -27.7999
-0.0909091 -22575 -31.4475
-0.10101 -22563.4 -35.1028
-0.111111 -22554.2 -38.8263
-0.121212 -22545.3 -42.5571
-0.131313 -22538.6 -46.3416
-0.141414 -22532.1 -50.133
-0.151515 -22527.5 -53.9669
-0.161616 -22523.1 -57.8073
-0.171717 -22520.1 -61.6825
-0.181818 -22517.4 -65.564
-0.191919 -22515.9 -69.4744
-0.20202 -22514.6 -73.3908
-0.212121 -22514.1 -77.3312
-0.222222 -22513.9 -81.277
-0.232323 -22514.2 -85.2417
-0.242424 -22514.8 -89.2108
-0.252525 -22515.8 -93.1939
-0.262626 -22516.8 -97.18
-0.272727 -22518.2 -101.175
-0.282828 -22519.7 -105.171
-0.292929 -22521.4 -109.171
-0.30303 -22523.1 -113.171
-0.313131 -22524.9 -117.17
-0.323232 -22526.7 -121.167
-0.333333 -22528.5 -125.159
-0.343434 -22530.4 -129.147
-0.353535 -22532.2 -133.127
-0.363636 -22534 -137.101
-0.373737 -22535.8 -141.063
-0.383838 -22537.6 -145.018
-0.393939 -22539.3 -148.959
-0.40404 -22541 -152.891
-0.414141 -22542.6 -156.807
-0.424242 -22544.2 -160.712
-0.434343 -22545.7 -164.6
-0.444444 -22547.2 -168.474
-0.454545 -22548.6 -172.332
-0.464646 -22550 -176.174
-0.474747 -22551.3 -179.998
-0.484848 -22552.7 -183.804
-0.494949 -22554 -187.593
-0.505051 -22555.2 -191.362
-0.515152 -22556.5 -195.113
-0.525253 -22557.7 -198.842
-0.535354 -22558.9 -202.553
-0.545455 -22560.1 -206.242
-0.555556 -22561.3 -209.911
-0.565657 -22562.5 -213.556
-0.575758 -22563.7 -217.181
-0.585859 -22564.9 -220.781
-0.59596 -22566.1 -224.361
-0.606061 -22567.3 -227.914
-0.616162 -22568.6 -231.448
-0.626263 -22569.8 -234.951
-0.636364 -22571.1 -238.437
-0.646465 -22572.4 -241.89
-0.656566 -22573.7 -245.325
-0.666667 -22575.1 -248.726
-0.676768 -22576.4 -252.11
-0.686869 -22577.8 -255.458
-0.69697 -22579.3 -258.789
-0.707071 -22580.7 -262.083
-0.717172 -22582.2 -265.36
-0.727273 -22583.8 -268.599
-0.737374 -22585.3 -271.822
-0.747475 -22586.9 -275.004
-0.757576 -22588.5 -278.172
-0.767677 -22590.2 -281.298
-0.777778 -22591.8 -284.411
-0.787879 -22593.5 -287.482
-0.79798 -22595.2 -290.54
-0.808081 -22596.9 -293.554
-0.818182 -22598.6 -296.558
-0.828283 -22600.3 -299.518
-0.838384 -22602 -302.468
-0.848485 -22603.7 -305.373
-0.858586 -22605.4 -308.27
-0.868687 -22607.1 -311.123
-0.878788 -22608.7 -313.969
-0.888889 -22610.2 -316.77
-0.89899 -22611.8 -319.565
-0.909091 -22613.1 -322.315
-0.919192 -22614.5 -325.061
-0.929293 -22615.7 -327.763
-0.939394 -22616.9 -330.462
-0.949495 -22617.8 -333.119
-0.959596 -22618.7 -335.774
-0.969697 -22619.3 -338.397
-0.979798 -22619.9 -341.02
-0.989899 -22620.1 -343.561
-1 -22620.3 -346.102
