0 -10345.4 -0.00119592
-0.010101 -11634.8 -11.2712
-0.020202 -11610.6 -22.5551
-0.030303 -11592.1 -34.5768
-0.040404 -11573.7 -46.605
-0.0505051 -11560.1 -58.7884
-0.0606061 -11546.8 -70.9832
-0.0707071 -11537.4 -83.3565
-0.0808081 -11528.3 -95.7424
-0.0909091 -11522.4 -108.272
-0.10101 -11516.7 -120.812
-0.111111 -11513.5 -133.457
-0.121212 -11510.5 -146.112
-0.131313 -11509.3 -158.84
-0.141414 -11508.4 -171.576
-0.151515 -11508.8 -184.364
-0.161616 -11509.4 -197.158
-0.171717 -11510.9 -209.987
-0.181818 -11512.5 -222.821
-0.191919 -11514.6 -235.678
-0.20202 -11516.8 -248.537
-0.212121 -11519.4 -261.407
-0.222222 -11522 -274.276
-0.232323 -11524.7 -287.146
-0.242424 -11527.4 -300.013
-0.252525 -11530.1 -312.871
-0.262626 -11532.8 -325.722
-0.272727 -11535.3 -338.555
-0.282828 -11537.9 -351.378
-0.292929 -11540.2 -364.176
-0.30303 -11542.5 -376.96
-0.313131 -11544.7 -389.712
-0.323232 -11546.7 -402.448
-0.333333 -11548.6 -415.146
-0.343434 -11550.4 -427.824
-0.353535 -11552 -440.46
-0.363636 -11553.5 -453.072
-0.373737 -11554.9 -465.639
-0.383838 -11556.2 -478.178
-0.393939 -11557.3 -490.67
-0.40404 -11558.4 -503.13
-0.414141 -11559.4 -515.54
-0.424242 -11560.3 -527.914
-0.434343 -11561.1 -540.238
-0.444444 -11561.8 -552.521
-0.454545 -11562.5 -564.752
-0.464646 -11563.1 -576.938
-0.474747 -11563.7 -589.071
-0.484848 -11564.3 -601.154
-0.494949 -11564.8 -613.184
-0.505051 -11565.3 -625.16
-0.515152 -11565.7 -637.081
-0.525253 -11566.2 -648.943
-0.535354 -11566.6 -660.75
-0.545455 -11567.1 -672.492
-0.555556 -11567.5 -684.179
-0.565657 -11567.9 -695.795
-0.575758 -11568.4 -707.356
-0.585859 -11568.8 -718.84
-0.59596 -11569.3 -730.269
-0.606061 -11569.7 -741.614
-0.616162 -11570.2 -752.904
-0.626263 -11570.7 -764.105
-0.636364 -11571.3 -775.25
-0.646465 -11571.8 -786.298
-0.656566 -11572.4 -797.291
-0.666667 -11573 -808.18
-0.676768 -11573.6 -819.015
-0.686869 -11574.3 -829.738
-0.69697 -11575 -840.407
-0.707071 -11575.7 -850.956
-0.717172 -11576.5 -861.453
-0.727273 -11577.3 -871.821
-0.737374 -11578.1 -882.139
-0.747475 -11579 -892.32
-0.757576 -11579.9 -902.452
-0.767677 -11580.9 -912.438
-0.777778 -11581.9 -922.378
-0.787879 -11582.9 -932.164
-0.79798 -11584 -941.906
-0.808081 -11585.1 -951.485
-0.818182 -11586.2 -961.023
-0.828283 -11587.4 -970.389
-0.838384 -11588.6 -979.718
-0.848485 -11589.8 -988.868
-0.858586 -11591.1 -997.984
-0.868687 -11592.3 -1006.91
-0.878788 -11593.6 -1015.81
-0.888889 -11594.8 -1024.52
-0.89899 -11596.1 -1033.19
-0.909091 -11597.2 -1041.67
-0.919192 -11598.4 -1050.13
-0.929293 -11599.5 -1058.38
-0.939394 -11600.6 -1066.62
-0.949495 -11601.5 -1074.65
-0.959596 -11602.4 -1082.67
-0.969697 -11603 -1090.51
-0.979798 -11603.6 -1098.35
-0.989899 -11603.8 -1105.98
-1 -11604.1 -1113.6
