0 -18508.9 -0.00183348
-0.010101 -17545.6 8.85323
-0.020202 -17541.4 17.726
-0.030303 -17534.3 27.3883
-0.040404 -17527.2 37.0576
-0.0505051 -17518.5 46.8945
-0.0606061 -17509.7 56.7382
-0.0707071 -17500.3 66.69
-0.0808081 -17490.9 76.647
-0.0909091 -17481.5 86.6633
-0.10101 -17472.2 96.6829
-0.111111 -17463.3 106.732
-0.121212 -17454.6 116.784
-0.131313 -17446.5 126.848
-0.141414 -17438.7 136.913
-0.151515 -17431.7 146.98
-0.161616 -17424.9 157.046
-0.171717 -17419.1 167.106
-0.181818 -17413.4 177.163
-0.191919 -17408.7 187.206
-0.20202 -17404.1 197.244
-0.212121 -17400.5 207.261
-0.222222 -17397 217.271
-0.232323 -17394.2 227.254
-0.242424 -17391.7 237.228
-0.252525 -17389.8 247.17
-0.262626 -17388.1 257.101
-0.272727 -17387 266.997
-0.282828 -17386 276.88
-0.292929 -17385.4 286.726
-0.30303 -17385 296.557
-0.313131 -17385 306.35
-0.323232 -17385 316.126
-0.333333 -17385.3 325.864
-0.343434 -17385.8 335.582
-0.353535 -17386.4 345.262
-0.363636 -17387.1 354.921
-0.373737 -17387.9 364.542
-0.383838 -17388.8 374.14
-0.393939 -17389.7 383.699
-0.40404 -17390.8 393.234
-0.414141 -17391.8 402.73
-0.424242 -17392.9 412.199
-0.434343 -17394.1 421.629
-0.444444 -17395.2 431.029
-0.454545 -17396.4 440.391
-0.464646 -17397.6 449.721
-0.474747 -17398.8 459.011
-0.484848 -17399.9 468.266
-0.494949 -17401.1 477.482
-0.505051 -17402.3 486.659
-0.515152 -17403.5 495.796
-0.525253 -17404.6 504.891
-0.535354 -17405.8 513.946
-0.545455 -17406.9 522.955
-0.555556 -17408.1 531.923
-0.565657 -17409.2 540.841
-0.575758 -17410.3 549.718
-0.585859 -17411.5 558.54
-0.59596 -17412.6 567.32
-0.606061 -17413.7 576.04
-0.616162 -17414.9 584.72
-0.626263 -17416 593.333
-0.636364 -17417.1 601.905
-0.646465 -17418.3 610.405
-0.656566 -17419.4 618.864
-0.666667 -17420.5 627.244
-0.676768 -17421.7 635.584
-0.686869 -17422.8 643.838
-0.69697 -17424 652.052
-0.707071 -17425.1 660.172
-0.717172 -17426.3 668.253
-0.727273 -17427.4 676.233
-0.737374 -17428.6 684.174
-0.747475 -17429.7 692.006
-0.757576 -17430.9 699.799
-0.767677 -17432 707.475
-0.777778 -17433.1 715.114
-0.787879 -17434.2 722.626
-0.79798 -17435.3 730.102
-0.808081 -17436.3 737.443
-0.818182 -17437.3 744.75
-0.828283 -17438.3 751.911
-0.838384 -17439.2 759.041
-0.848485 -17440.1 766.016
-0.858586 -17441 772.962
-0.868687 -17441.7 779.745
-0.878788 -17442.5 786.501
-0.888889 -17443.1 793.085
-0.89899 -17443.7 799.646
-0.909091 -17444.2 806.029
-0.919192 -17444.7 812.391
-0.929293 -17445 818.57
-0.939394 -17445.4 824.732
-0.949495 -17445.6 830.709
-0.959596 -17445.8 836.675
-0.969697 -17445.8 842.465
-0.979798 -17445.9 848.247
-0.989899 -17445.9 853.896
-1 -17446 859.543
