0 19633.3 0.00168034
-0.010101 20394.6 6.43418
-0.020202 20368.8 12.8714
-0.030303 20347.1 19.6211
-0.040404 20325.5 26.3735
-0.0505051 20307.8 33.19
-0.0606061 20290.2 40.0141
-0.0707071 20276.2 46.9557
-0.0808081 20262.5 53.9069
-0.0909091 20251.9 60.9665
-0.10101 20241.5 68.0356
-0.111111 20233.8 75.1899
-0.121212 20226.4 82.3529
-0.131313 20221.2 89.5797
-0.141414 20216.2 96.8144
-0.151515 20213 104.097
-0.161616 20210.1 111.387
-0.171717 20208.5 118.714
-0.181818 20207.1 126.047
-0.191919 20206.8 133.408
-0.20202 20206.6 140.774
-0.212121 20207.2 148.161
-0.222222 20208 155.551
-0.232323 20209.2 162.955
-0.242424 20210.5 170.361
-0.252525 20212.2 177.773
-0.262626 20213.9 185.185
-0.272727 20215.8 192.597
-0.282828 20217.8 200.006
-0.292929 20219.8 207.409
-0.30303 20221.9 214.806
-0.313131 20223.9 222.192
-0.323232 20225.9 229.569
-0.333333 20227.9 236.931
-0.343434 20229.9 244.281
-0.353535 20231.8 251.611
-0.363636 20233.6 258.928
-0.373737 20235.4 266.221
-0.383838 20237.1 273.498
-0.393939 20238.7 280.749
-0.40404 20240.3 287.982
-0.414141 20241.8 295.186
-0.424242 20243.3 302.369
-0.434343 20244.6 309.522
-0.444444 20246 316.65
-0.454545 20247.2 323.748
-0.464646 20248.5 330.819
-0.474747 20249.7 337.859
-0.484848 20250.8 344.868
-0.494949 20251.9 351.845
-0.505051 20253 358.79
-0.515152 20254 365.701
-0.525253 20255.1 372.577
-0.535354 20256.1 379.42
-0.545455 20257.1 386.223
-0.555556 20258.1 392.993
-0.565657 20259.1 399.721
-0.575758 20260.2 406.415
-0.585859 20261.2 413.064
-0.59596 20262.2 419.679
-0.606061 20263.3 426.245
-0.616162 20264.3 432.777
-0.626263 20265.4 439.256
-0.636364 20266.5 445.703
-0.646465 20267.6 452.092
-0.656566 20268.8 458.448
-0.666667 20269.9 464.744
-0.676768 20271.2 471.007
-0.686869 20272.4 477.205
-0.69697 20273.7 483.373
-0.707071 20275 489.47
-0.717172 20276.3 495.538
-0.727273 20277.7 501.532
-0.737374 20279.1 507.497
-0.747475 20280.6 513.384
-0.757576 20282 519.244
-0.767677 20283.6 525.022
-0.777778 20285.1 530.775
-0.787879 20286.7 536.441
-0.79798 20288.3 542.084
-0.808081 20289.9 547.637
-0.818182 20291.5 553.168
-0.828283 20293.2 558.607
-0.838384 20294.8 564.026
-0.848485 20296.5 569.349
-0.858586 20298.1 574.654
-0.868687 20299.7 579.86
-0.878788 20301.3 585.051
-0.888889 20302.9 590.141
-0.89899 20304.4 595.217
-0.909091 20305.8 600.191
-0.919192 20307.2 605.153
-0.929293 20308.5 610.011
-0.939394 20309.7 614.861
-0.949495 20310.7 619.61
-0.959596 20311.6 624.353
-0.969697 20312.3 629.008
-0.979798 20312.9 633.659
-0.989899 20313.1 638.181
-1 20313.4 642.701
