0 23544.9 0.00142428
-0.010101 23604.8 0.141652
-0.020202 23584.1 0.276988
-0.030303 23564.9 0.237453
-0.040404 23545.7 0.196319
-0.0505051 23528.5 0.116821
-0.0606061 23511.4 0.0392548
-0.0707071 23496.5 -0.00804954
-0.0808081 23481.9 -0.0511388
-0.0909091 23469.4 -0.0457546
-0.10101 23457.2 -0.0352052
-0.111111 23447.2 0.0218318
-0.121212 23437.4 0.0842682
-0.131313 23429.6 0.186299
-0.141414 23422 0.293811
-0.151515 23416.2 0.434988
-0.161616 23410.6 0.581855
-0.171717 23406.5 0.7586
-0.181818 23402.6 0.941382
-0.191919 23400 1.15167
-0.20202 23397.6 1.36832
-0.212121 23396.1 1.61046
-0.222222 23394.9 1.85912
-0.232323 23394.4 2.13096
-0.242424 23394.1 2.40921
-0.252525 23394.3 2.7078
-0.262626 23394.7 3.01239
-0.272727 23395.5 3.33408
-0.282828 23396.4 3.66108
-0.292929 23397.6 4.00175
-0.30303 23398.8 4.34685
-0.313131 23400.3 4.70227
-0.323232 23401.8 5.06109
-0.333333 23403.4 5.42715
-0.343434 23405 5.79554
-0.353535 23406.7 6.16847
-0.363636 23408.3 6.54268
-0.373737 23410 6.91918
-0.383838 23411.7 7.29595
-0.393939 23413.4 7.67319
-0.40404 23415 8.04979
-0.414141 23416.7 8.42544
-0.424242 23418.3 8.79963
-0.434343 23419.8 9.17181
-0.444444 23421.4 9.5418
-0.454545 23422.9 9.90902
-0.464646 23424.4 10.2734
-0.474747 23425.8 10.6346
-0.484848 23427.2 10.9923
-0.494949 23428.6 11.3465
-0.505051 23430 11.6969
-0.515152 23431.4 12.0435
-0.525253 23432.7 12.386
-0.535354 23434 12.7246
-0.545455 23435.3 13.0588
-0.555556 23436.7 13.3892
-0.565657 23438 13.7149
-0.575758 23439.3 14.037
-0.585859 23440.6 14.3543
-0.59596 23441.9 14.6681
-0.606061 23443.2 14.977
-0.616162 23444.5 15.2827
-0.626263 23445.9 15.5836
-0.636364 23447.3 15.8816
-0.646465 23448.7 16.1749
-0.656566 23450.1 16.4656
-0.666667 23451.5 16.752
-0.676768 23452.9 17.0362
-0.686869 23454.4 17.3166
-0.69697 23455.9 17.5951
-0.707071 23457.5 17.8707
-0.717172 23459 18.1449
-0.727273 23460.6 18.417
-0.737374 23462.2 18.6883
-0.747475 23463.8 18.9587
-0.757576 23465.4 19.2289
-0.767677 23467.1 19.4998
-0.777778 23468.8 19.7709
-0.787879 23470.5 20.0446
-0.79798 23472.2 20.319
-0.808081 23473.8 20.5981
-0.818182 23475.5 20.8784
-0.828283 23477.2 21.1658
-0.838384 23478.9 21.4547
-0.848485 23480.5 21.7532
-0.858586 23482.1 22.0534
-0.868687 23483.7 22.3657
-0.878788 23485.2 22.68
-0.888889 23486.7 23.0088
-0.89899 23488.1 23.3395
-0.909091 23489.4 23.687
-0.919192 23490.6 24.0364
-0.929293 23491.7 24.4046
-0.939394 23492.7 24.7745
-0.949495 23493.5 25.1656
-0.959596 23494.3 25.5581
-0.969697 23494.8 25.9767
-0.979798 23495.3 26.3963
-0.989899 23495.5 26.791
-1 23495.7 27.1852
