0 -10091.3 -0.00125264
-0.010101 -8737.36 12.1814
-0.020202 -8744.96 24.3848
-0.030303 -8747.73 37.5533
-0.040404 -8750.36 50.7303
-0.0505051 -8749.55 64.1114
-0.0606061 -8748.59 77.5032
-0.0707071 -8745.33 91.062
-0.0808081 -8741.95 104.631
-0.0909091 -8737.15 118.312
-0.10101 -8732.27 132
-0.111111 -8726.66 145.76
-0.121212 -8721.02 159.525
-0.131313 -8715.14 173.334
-0.141414 -8709.29 187.148
-0.151515 -8703.54 200.986
-0.161616 -8697.86 214.826
-0.171717 -8692.51 228.677
-0.181818 -8687.28 242.528
-0.191919 -8682.51 256.377
-0.20202 -8677.87 270.224
-0.212121 -8673.77 284.059
-0.222222 -8669.82 297.888
-0.232323 -8666.41 311.695
-0.242424 -8663.16 325.494
-0.252525 -8660.43 339.263
-0.262626 -8657.87 353.02
-0.272727 -8655.77 366.742
-0.282828 -8653.84 380.448
-0.292929 -8652.32 394.113
-0.30303 -8650.95 407.76
-0.313131 -8649.94 421.363
-0.323232 -8649.05 434.943
-0.333333 -8648.46 448.477
-0.343434 -8647.99 461.985
-0.353535 -8647.74 475.445
-0.363636 -8647.6 488.876
-0.373737 -8647.64 502.256
-0.383838 -8647.76 515.606
-0.393939 -8648.01 528.903
-0.40404 -8648.34 542.166
-0.414141 -8648.76 555.375
-0.424242 -8649.23 568.547
-0.434343 -8649.77 581.665
-0.444444 -8650.35 594.74
-0.454545 -8650.97 607.761
-0.464646 -8651.62 620.736
-0.474747 -8652.3 633.656
-0.484848 -8652.99 646.525
-0.494949 -8653.69 659.338
-0.505051 -8654.41 672.096
-0.515152 -8655.13 684.797
-0.525253 -8655.85 697.438
-0.535354 -8656.58 710.022
-0.545455 -8657.3 722.539
-0.555556 -8658.02 734.999
-0.565657 -8658.73 747.387
-0.575758 -8659.44 759.717
-0.585859 -8660.15 771.968
-0.59596 -8660.84 784.162
-0.606061 -8661.53 796.269
-0.616162 -8662.22 808.319
-0.626263 -8662.89 820.274
-0.636364 -8663.55 832.173
-0.646465 -8664.21 843.969
-0.656566 -8664.86 855.708
-0.666667 -8665.49 867.337
-0.676768 -8666.12 878.909
-0.686869 -8666.74 890.361
-0.69697 -8667.34 901.758
-0.707071 -8667.93 913.025
-0.717172 -8668.5 924.237
-0.727273 -8669.05 935.31
-0.737374 -8669.59 946.329
-0.747475 -8670.1 957.199
-0.757576 -8670.6 968.016
-0.767677 -8671.05 978.673
-0.777778 -8671.49 989.279
-0.787879 -8671.89 999.715
-0.79798 -8672.26 1010.1
-0.808081 -8672.58 1020.31
-0.818182 -8672.89 1030.46
-0.828283 -8673.12 1040.43
-0.838384 -8673.34 1050.35
-0.848485 -8673.48 1060.07
-0.858586 -8673.6 1069.75
-0.868687 -8673.64 1079.21
-0.878788 -8673.67 1088.64
-0.888889 -8673.61 1097.85
-0.89899 -8673.54 1107.02
-0.909091 -8673.39 1115.96
-0.919192 -8673.24 1124.87
-0.929293 -8673.02 1133.55
-0.939394 -8672.81 1142.2
-0.949495 -8672.56 1150.62
-0.959596 -8672.32 1159.02
-0.969697 -8672.1 1167.2
-0.979798 -8671.88 1175.36
-0.989899 -8671.79 1183.33
-1 -8671.69 1191.3
