0 -11060.4 -0.00143082
-0.010101 -9733.83 11.9547
-0.020202 -9740.28 23.9316
-0.030303 -9742.06 36.8647
-0.040404 -9743.7 49.8063
-0.0505051 -9742.06 62.9499
-0.0606061 -9740.29 76.1039
-0.0707071 -9736.36 89.4204
-0.0808081 -9732.32 102.746
-0.0909091 -9727 116.18
-0.10101 -9721.61 129.621
-0.111111 -9715.61 143.129
-0.121212 -9709.59 156.642
-0.131313 -9703.44 170.197
-0.141414 -9697.31 183.755
-0.151515 -9691.38 197.336
-0.161616 -9685.53 210.918
-0.171717 -9680.08 224.51
-0.181818 -9674.75 238.101
-0.191919 -9669.94 251.689
-0.20202 -9665.27 265.274
-0.212121 -9661.17 278.846
-0.222222 -9657.22 292.412
-0.232323 -9653.85 305.956
-0.242424 -9650.65 319.491
-0.252525 -9647.98 332.996
-0.262626 -9645.48 346.489
-0.272727 -9643.46 359.945
-0.282828 -9641.61 373.386
-0.292929 -9640.18 386.787
-0.30303 -9638.89 400.169
-0.313131 -9637.96 413.507
-0.323232 -9637.17 426.823
-0.333333 -9636.66 440.093
-0.343434 -9636.28 453.338
-0.353535 -9636.12 466.535
-0.363636 -9636.06 479.703
-0.373737 -9636.18 492.822
-0.383838 -9636.38 505.91
-0.393939 -9636.71 518.947
-0.40404 -9637.11 531.95
-0.414141 -9637.6 544.902
-0.424242 -9638.14 557.815
-0.434343 -9638.75 570.676
-0.444444 -9639.39 583.495
-0.454545 -9640.08 596.262
-0.464646 -9640.79 608.983
-0.474747 -9641.52 621.65
-0.484848 -9642.27 634.267
-0.494949 -9643.03 646.83
-0.505051 -9643.8 659.338
-0.515152 -9644.57 671.792
-0.525253 -9645.35 684.186
-0.535354 -9646.12 696.524
-0.545455 -9646.9 708.797
-0.555556 -9647.67 721.015
-0.565657 -9648.43 733.161
-0.575758 -9649.19 745.251
-0.585859 -9649.95 757.264
-0.59596 -9650.7 769.22
-0.606061 -9651.44 781.092
-0.616162 -9652.17 792.907
-0.626263 -9652.9 804.631
-0.636364 -9653.62 816.298
-0.646465 -9654.33 827.865
-0.656566 -9655.04 839.377
-0.666667 -9655.73 850.78
-0.676768 -9656.42 862.127
-0.686869 -9657.09 873.358
-0.69697 -9657.76 884.533
-0.707071 -9658.41 895.582
-0.717172 -9659.05 906.577
-0.727273 -9659.66 917.435
-0.737374 -9660.27 928.241
-0.747475 -9660.85 938.899
-0.757576 -9661.42 949.507
-0.767677 -9661.95 959.956
-0.777778 -9662.46 970.357
-0.787879 -9662.93 980.588
-0.79798 -9663.38 990.773
-0.808081 -9663.78 1000.78
-0.818182 -9664.16 1010.74
-0.828283 -9664.47 1020.51
-0.838384 -9664.76 1030.24
-0.848485 -9664.98 1039.76
-0.858586 -9665.18 1049.25
-0.868687 -9665.3 1058.53
-0.878788 -9665.4 1067.77
-0.888889 -9665.41 1076.79
-0.89899 -9665.41 1085.78
-0.909091 -9665.33 1094.54
-0.919192 -9665.24 1103.28
-0.929293 -9665.08 1111.77
-0.939394 -9664.92 1120.25
-0.949495 -9664.72 1128.5
-0.959596 -9664.52 1136.72
-0.969697 -9664.33 1144.73
-0.979798 -9664.14 1152.73
-0.989899 -9664.06 1160.53
-1 -9663.97 1168.33
