0 3369.98 0.000485432
-0.010101 1909.34 -13.0173
-0.020202 1923.91 -26.0552
-0.030303 1932.9 -40.0659
-0.040404 1941.71 -54.0852
-0.0505051 1946.24 -68.3098
-0.0606061 1950.57 -82.5464
-0.0707071 1951.76 -96.9705
-0.0808081 1952.75 -111.406
-0.0909091 1951.54 -125.977
-0.10101 1950.16 -140.557
-0.111111 1947.34 -155.228
-0.121212 1944.4 -169.907
-0.131313 1940.59 -184.644
-0.141414 1936.72 -199.388
-0.151515 1932.43 -214.169
-0.161616 1928.13 -228.954
-0.171717 1923.73 -243.759
-0.181818 1919.35 -258.567
-0.191919 1915.11 -273.382
-0.20202 1910.93 -288.196
-0.212121 1907.01 -303.005
-0.222222 1903.19 -317.81
-0.232323 1899.71 -332.599
-0.242424 1896.36 -347.381
-0.252525 1893.37 -362.139
-0.262626 1890.52 -376.885
-0.272727 1888.05 -391.599
-0.282828 1885.71 -406.298
-0.292929 1883.72 -420.958
-0.30303 1881.87 -435.599
-0.313131 1880.33 -450.197
-0.323232 1878.92 -464.772
-0.333333 1877.79 -479.3
-0.343434 1876.78 -493.802
-0.353535 1875.99 -508.253
-0.363636 1875.32 -522.674
-0.373737 1874.83 -537.042
-0.383838 1874.43 -551.377
-0.393939 1874.18 -565.657
-0.40404 1874 -579.899
-0.414141 1873.94 -594.086
-0.424242 1873.94 -608.23
-0.434343 1874.03 -622.318
-0.444444 1874.16 -636.359
-0.454545 1874.35 -650.342
-0.464646 1874.58 -664.274
-0.474747 1874.84 -678.147
-0.484848 1875.13 -691.965
-0.494949 1875.45 -705.723
-0.505051 1875.78 -719.419
-0.515152 1876.13 -733.056
-0.525253 1876.48 -746.625
-0.535354 1876.83 -760.134
-0.545455 1877.19 -773.57
-0.555556 1877.55 -786.944
-0.565657 1877.9 -800.239
-0.575758 1878.25 -813.472
-0.585859 1878.58 -826.62
-0.59596 1878.91 -839.704
-0.606061 1879.23 -852.696
-0.616162 1879.54 -865.625
-0.626263 1879.83 -878.453
-0.636364 1880.12 -891.219
-0.646465 1880.38 -903.874
-0.656566 1880.63 -916.468
-0.666667 1880.86 -928.943
-0.676768 1881.07 -941.357
-0.686869 1881.26 -953.643
-0.69697 1881.44 -965.868
-0.707071 1881.58 -977.954
-0.717172 1881.71 -989.982
-0.727273 1881.8 -1001.86
-0.737374 1881.87 -1013.68
-0.747475 1881.91 -1025.34
-0.757576 1881.92 -1036.95
-0.767677 1881.88 -1048.39
-0.777778 1881.83 -1059.77
-0.787879 1881.72 -1070.97
-0.79798 1881.59 -1082.12
-0.808081 1881.4 -1093.07
-0.818182 1881.2 -1103.98
-0.828283 1880.92 -1114.68
-0.838384 1880.63 -1125.34
-0.848485 1880.26 -1135.79
-0.858586 1879.89 -1146.19
-0.868687 1879.45 -1156.37
-0.878788 1878.99 -1166.51
-0.888889 1878.48 -1176.42
-0.89899 1877.96 -1186.29
-0.909091 1877.41 -1195.92
-0.919192 1876.85 -1205.53
-0.929293 1876.29 -1214.88
-0.939394 1875.73 -1224.22
-0.949495 1875.22 -1233.3
-0.959596 1874.71 -1242.37
-0.969697 1874.31 -1251.22
-0.979798 1873.93 -1260.05
-0.989899 1873.77 -1268.66
-1 1873.62 -1277.27
