0 17643.8 0.00164749
-0.010101 18570 7.92921
-0.020202 18544 15.8641
-0.030303 18522.5 24.236
-0.040404 18501.2 32.6118
-0.0505051 18484.1 41.0785
-0.0606061 18467.2 49.5539
-0.0707071 18454.1 58.167
-0.0808081 18441.2 66.7907
-0.0909091 18431.6 75.5355
-0.10101 18422.2 84.2907
-0.111111 18415.5 93.1386
-0.121212 18409.1 101.996
-0.131313 18404.8 110.921
-0.141414 18400.9 119.855
-0.151515 18398.5 128.839
-0.161616 18396.5 137.831
-0.171717 18395.7 146.86
-0.181818 18395.1 155.895
-0.191919 18395.4 164.957
-0.20202 18395.9 174.024
-0.212121 18397.1 183.109
-0.222222 18398.3 192.198
-0.232323 18400 201.296
-0.242424 18401.7 210.395
-0.252525 18403.7 219.497
-0.262626 18405.8 228.597
-0.272727 18407.9 237.691
-0.282828 18410.1 246.781
-0.292929 18412.3 255.859
-0.30303 18414.4 264.93
-0.313131 18416.5 273.983
-0.323232 18418.6 283.026
-0.333333 18420.6 292.046
-0.343434 18422.6 301.052
-0.353535 18424.5 310.031
-0.363636 18426.3 318.994
-0.373737 18428 327.927
-0.383838 18429.6 336.84
-0.393939 18431.2 345.721
-0.40404 18432.7 354.578
-0.414141 18434.1 363.401
-0.424242 18435.4 372.198
-0.434343 18436.7 380.959
-0.444444 18437.9 389.69
-0.454545 18439 398.384
-0.464646 18440.1 407.046
-0.474747 18441.2 415.669
-0.484848 18442.2 424.255
-0.494949 18443.2 432.803
-0.505051 18444.1 441.311
-0.515152 18445 449.78
-0.525253 18445.9 458.205
-0.535354 18446.8 466.591
-0.545455 18447.7 474.929
-0.555556 18448.6 483.227
-0.565657 18449.5 491.474
-0.575758 18450.4 499.68
-0.585859 18451.2 507.831
-0.59596 18452.1 515.942
-0.606061 18453.1 523.992
-0.616162 18454 532.002
-0.626263 18454.9 539.948
-0.636364 18455.9 547.854
-0.646465 18456.9 555.69
-0.656566 18457.9 563.486
-0.666667 18459 571.208
-0.676768 18460.1 578.891
-0.686869 18461.2 586.494
-0.69697 18462.4 594.06
-0.707071 18463.5 601.539
-0.717172 18464.8 608.983
-0.727273 18466 616.335
-0.737374 18467.3 623.652
-0.747475 18468.7 630.872
-0.757576 18470 638.059
-0.767677 18471.4 645.144
-0.777778 18472.9 652.197
-0.787879 18474.3 659.144
-0.79798 18475.8 666.06
-0.808081 18477.3 672.864
-0.818182 18478.9 679.641
-0.828283 18480.5 686.301
-0.838384 18482 692.935
-0.848485 18483.6 699.449
-0.858586 18485.2 705.94
-0.868687 18486.7 712.305
-0.878788 18488.3 718.65
-0.888889 18489.8 724.867
-0.89899 18491.3 731.065
-0.909091 18492.7 737.132
-0.919192 18494.1 743.184
-0.929293 18495.3 749.103
-0.939394 18496.5 755.01
-0.949495 18497.5 760.787
-0.959596 18498.5 766.555
-0.969697 18499.1 772.207
-0.979798 18499.8 777.855
-0.989899 18500 783.349
-1 18500.3 788.841
