0 -12926.8 -0.00159859
-0.010101 -11663.3 11.4251
-0.020202 -11667.4 22.8722
-0.030303 -11667.2 35.2519
-0.040404 -11666.9 47.6398
-0.0505051 -11663.6 60.225
-0.0606061 -11660.2 72.8199
-0.0707071 -11655 85.5674
-0.0808081 -11649.6 98.3234
-0.0909091 -11643.3 111.178
-0.10101 -11636.9 124.039
-0.111111 -11630.2 136.959
-0.121212 -11623.5 149.885
-0.131313 -11616.8 162.845
-0.141414 -11610.2 175.809
-0.151515 -11603.9 188.791
-0.161616 -11597.8 201.774
-0.171717 -11592.1 214.763
-0.181818 -11586.7 227.751
-0.191919 -11581.8 240.733
-0.20202 -11577.1 253.712
-0.212121 -11573 266.676
-0.222222 -11569.1 279.633
-0.232323 -11565.8 292.567
-0.242424 -11562.7 305.492
-0.252525 -11560.2 318.386
-0.262626 -11557.9 331.267
-0.272727 -11556 344.113
-0.282828 -11554.3 356.943
-0.292929 -11553.1 369.733
-0.30303 -11552 382.505
-0.313131 -11551.2 395.234
-0.323232 -11550.6 407.941
-0.333333 -11550.3 420.604
-0.343434 -11550.1 433.242
-0.353535 -11550.1 445.834
-0.363636 -11550.2 458.399
-0.373737 -11550.5 470.916
-0.383838 -11550.9 483.403
-0.393939 -11551.3 495.842
-0.40404 -11551.9 508.248
-0.414141 -11552.5 520.605
-0.424242 -11553.2 532.926
-0.434343 -11553.9 545.196
-0.444444 -11554.7 557.428
-0.454545 -11555.5 569.608
-0.464646 -11556.3 581.746
-0.474747 -11557.2 593.832
-0.484848 -11558 605.871
-0.494949 -11558.9 617.858
-0.505051 -11559.8 629.794
-0.515152 -11560.7 641.677
-0.525253 -11561.5 653.503
-0.535354 -11562.4 665.277
-0.545455 -11563.3 676.989
-0.555556 -11564.1 688.648
-0.565657 -11565 700.239
-0.575758 -11565.9 711.778
-0.585859 -11566.7 723.242
-0.59596 -11567.6 734.652
-0.606061 -11568.4 745.983
-0.616162 -11569.2 757.259
-0.626263 -11570.1 768.449
-0.636364 -11570.9 779.584
-0.646465 -11571.7 790.625
-0.656566 -11572.5 801.612
-0.666667 -11573.3 812.496
-0.676768 -11574.1 823.327
-0.686869 -11574.9 834.046
-0.69697 -11575.7 844.713
-0.707071 -11576.5 855.259
-0.717172 -11577.3 865.754
-0.727273 -11578 876.118
-0.737374 -11578.7 886.431
-0.747475 -11579.5 896.604
-0.757576 -11580.2 906.728
-0.767677 -11580.8 916.702
-0.777778 -11581.5 926.627
-0.787879 -11582.1 936.392
-0.79798 -11582.7 946.111
-0.808081 -11583.3 955.658
-0.818182 -11583.8 965.161
-0.828283 -11584.3 974.482
-0.838384 -11584.7 983.763
-0.848485 -11585.1 992.85
-0.858586 -11585.4 1001.9
-0.868687 -11585.7 1010.75
-0.878788 -11585.9 1019.56
-0.888889 -11586.1 1028.16
-0.89899 -11586.2 1036.73
-0.909091 -11586.3 1045.08
-0.919192 -11586.3 1053.4
-0.929293 -11586.3 1061.5
-0.939394 -11586.2 1069.58
-0.949495 -11586.1 1077.43
-0.959596 -11586 1085.26
-0.969697 -11585.9 1092.88
-0.979798 -11585.7 1100.49
-0.989899 -11585.7 1107.92
-1 -11585.6 1115.35
