0 14256.1 0.00168682
-0.010101 13046.9 -10.9641
-0.020202 13049.3 -21.9499
-0.030303 13047.6 -33.8454
-0.040404 13045.7 -45.7489
-0.0505051 13041.2 -57.8451
-0.0606061 13036.6 -69.9505
-0.0707071 13030.5 -82.2003
-0.0808081 13024.2 -94.458
-0.0909091 13017.1 -106.807
-0.10101 13010.1 -119.161
-0.111111 13002.8 -131.569
-0.121212 12995.6 -143.982
-0.131313 12988.6 -156.425
-0.141414 12981.6 -168.871
-0.151515 12975.2 -181.332
-0.161616 12968.8 -193.793
-0.171717 12963.1 -206.258
-0.181818 12957.5 -218.722
-0.191919 12952.6 -231.178
-0.20202 12947.9 -243.631
-0.212121 12943.9 -256.067
-0.222222 12940.1 -268.496
-0.232323 12936.9 -280.901
-0.242424 12933.9 -293.297
-0.252525 12931.5 -305.662
-0.262626 12929.2 -318.014
-0.272727 12927.5 -330.331
-0.282828 12926 -342.632
-0.292929 12924.9 -354.894
-0.30303 12923.9 -367.138
-0.313131 12923.3 -379.34
-0.323232 12922.8 -391.522
-0.333333 12922.6 -403.659
-0.343434 12922.6 -415.773
-0.353535 12922.7 -427.842
-0.363636 12923 -439.886
-0.373737 12923.4 -451.883
-0.383838 12923.8 -463.852
-0.393939 12924.4 -475.774
-0.40404 12925.1 -487.664
-0.414141 12925.8 -499.508
-0.424242 12926.6 -511.316
-0.434343 12927.4 -523.078
-0.444444 12928.3 -534.801
-0.454545 12929.2 -546.476
-0.464646 12930.1 -558.109
-0.474747 12931 -569.694
-0.484848 12931.9 -581.234
-0.494949 12932.9 -592.724
-0.505051 12933.8 -604.165
-0.515152 12934.8 -615.556
-0.525253 12935.7 -626.893
-0.535354 12936.7 -638.179
-0.545455 12937.6 -649.407
-0.555556 12938.6 -660.584
-0.565657 12939.5 -671.696
-0.575758 12940.4 -682.757
-0.585859 12941.3 -693.748
-0.59596 12942.2 -704.688
-0.606061 12943.2 -715.551
-0.616162 12944.1 -726.362
-0.626263 12945 -737.09
-0.636364 12945.9 -747.767
-0.646465 12946.8 -758.353
-0.656566 12947.7 -768.887
-0.666667 12948.5 -779.323
-0.676768 12949.4 -789.708
-0.686869 12950.3 -799.987
-0.69697 12951.2 -810.214
-0.707071 12952 -820.327
-0.717172 12952.9 -830.389
-0.727273 12953.7 -840.327
-0.737374 12954.6 -850.216
-0.747475 12955.4 -859.97
-0.757576 12956.2 -869.677
-0.767677 12957 -879.239
-0.777778 12957.7 -888.756
-0.787879 12958.5 -898.117
-0.79798 12959.2 -907.435
-0.808081 12959.8 -916.587
-0.818182 12960.5 -925.697
-0.828283 12961 -934.631
-0.838384 12961.6 -943.527
-0.848485 12962.1 -952.236
-0.858586 12962.6 -960.909
-0.868687 12962.9 -969.386
-0.878788 12963.3 -977.83
-0.888889 12963.6 -986.068
-0.89899 12963.8 -994.278
-0.909091 12964 -1002.27
-0.919192 12964.1 -1010.25
-0.929293 12964.1 -1018
-0.939394 12964.2 -1025.73
-0.949495 12964.1 -1033.24
-0.959596 12964.1 -1040.74
-0.969697 12964 -1048.03
-0.979798 12963.9 -1055.32
-0.989899 12963.8 -1062.43
-1 12963.8 -1069.53
