0 -11060.4 -0.00143082
-0.010101 -9733.83 11.954
-0.020202 -9740.28 23.9302
-0.030303 -9742.06 36.8627
-0.040404 -9743.7 49.8037
-0.0505051 -9742.07 62.9469
-0.0606061 -9740.29 76.1005
-0.0707071 -9736.36 89.4167
-0.0808081 -9732.32 102.742
-0.0909091 -9727 116.176
-0.10101 -9721.62 129.617
-0.111111 -9715.62 143.125
-0.121212 -9709.6 156.639
-0.131313 -9703.44 170.193
-0.141414 -9697.32 183.751
-0.151515 -9691.39 197.332
-0.161616 -9685.54 210.915
-0.171717 -9680.1 224.507
-0.181818 -9674.76 238.099
-0.191919 -9669.95 251.688
-0.20202 -9665.28 265.274
-0.212121 -9661.18 278.847
-0.222222 -9657.24 292.414
-0.232323 -9653.87 305.958
-0.242424 -9650.66 319.494
-0.252525 -9647.99 333
-0.262626 -9645.5 346.493
-0.272727 -9643.48 359.951
-0.282828 -9641.63 373.393
-0.292929 -9640.19 386.795
-0.30303 -9638.91 400.178
-0.313131 -9637.98 413.517
-0.323232 -9637.19 426.835
-0.333333 -9636.68 440.106
-0.343434 -9636.3 453.352
-0.353535 -9636.14 466.55
-0.363636 -9636.08 479.72
-0.373737 -9636.2 492.84
-0.383838 -9636.4 505.929
-0.393939 -9636.74 518.968
-0.40404 -9637.13 531.972
-0.414141 -9637.63 544.925
-0.424242 -9638.17 557.839
-0.434343 -9638.77 570.702
-0.444444 -9639.42 583.523
-0.454545 -9640.1 596.291
-0.464646 -9640.81 609.013
-0.474747 -9641.55 621.681
-0.484848 -9642.29 634.3
-0.494949 -9643.06 646.864
-0.505051 -9643.83 659.374
-0.515152 -9644.6 671.829
-0.525253 -9645.38 684.224
-0.535354 -9646.15 696.564
-0.545455 -9646.93 708.838
-0.555556 -9647.7 721.057
-0.565657 -9648.46 733.205
-0.575758 -9649.22 745.296
-0.585859 -9649.98 757.31
-0.59596 -9650.73 769.268
-0.606061 -9651.47 781.141
-0.616162 -9652.2 792.957
-0.626263 -9652.93 804.682
-0.636364 -9653.65 816.351
-0.646465 -9654.36 827.919
-0.656566 -9655.07 839.432
-0.666667 -9655.76 850.836
-0.676768 -9656.45 862.185
-0.686869 -9657.12 873.416
-0.69697 -9657.79 884.593
-0.707071 -9658.44 895.643
-0.717172 -9659.08 906.639
-0.727273 -9659.7 917.498
-0.737374 -9660.31 928.305
-0.747475 -9660.89 938.964
-0.757576 -9661.45 949.573
-0.767677 -9661.98 960.023
-0.777778 -9662.5 970.425
-0.787879 -9662.96 980.658
-0.79798 -9663.42 990.843
-0.808081 -9663.81 1000.85
-0.818182 -9664.19 1010.81
-0.828283 -9664.51 1020.58
-0.838384 -9664.8 1030.31
-0.848485 -9665.02 1039.84
-0.858586 -9665.22 1049.33
-0.868687 -9665.33 1058.6
-0.878788 -9665.44 1067.85
-0.888889 -9665.45 1076.87
-0.89899 -9665.45 1085.86
-0.909091 -9665.37 1094.62
-0.919192 -9665.28 1103.36
-0.929293 -9665.12 1111.86
-0.939394 -9664.96 1120.34
-0.949495 -9664.76 1128.58
-0.959596 -9664.55 1136.81
-0.969697 -9664.37 1144.82
-0.979798 -9664.18 1152.82
-0.989899 -9664.09 1160.62
-1 -9664.01 1168.42
