0 -8091.6 -0.00100886
-0.010101 -6691.42 12.5615
-0.020202 -6701.27 25.1446
-0.030303 -6706 38.704
-0.040404 -6710.58 52.2719
-0.0505051 -6711.42 66.0454
-0.0606061 -6712.11 79.83
-0.0707071 -6710.2 93.7888
-0.0808081 -6708.14 107.758
-0.0909091 -6704.42 121.847
-0.10101 -6700.58 135.944
-0.111111 -6695.79 150.119
-0.121212 -6690.93 164.299
-0.131313 -6685.64 178.528
-0.141414 -6680.34 192.762
-0.151515 -6675 207.024
-0.161616 -6669.69 221.289
-0.171717 -6664.58 235.567
-0.181818 -6659.56 249.846
-0.191919 -6654.91 264.125
-0.20202 -6650.37 278.403
-0.212121 -6646.28 292.67
-0.222222 -6642.33 306.931
-0.232323 -6638.87 321.173
-0.242424 -6635.55 335.406
-0.252525 -6632.72 349.611
-0.262626 -6630.04 363.803
-0.272727 -6627.8 377.961
-0.282828 -6625.72 392.102
-0.292929 -6624.04 406.204
-0.30303 -6622.51 420.286
-0.313131 -6621.31 434.323
-0.323232 -6620.26 448.339
-0.333333 -6619.49 462.307
-0.343434 -6618.84 476.248
-0.353535 -6618.43 490.14
-0.363636 -6618.11 504.003
-0.373737 -6617.99 517.815
-0.383838 -6617.94 531.593
-0.393939 -6618.04 545.319
-0.40404 -6618.21 559.008
-0.414141 -6618.49 572.644
-0.424242 -6618.81 586.239
-0.434343 -6619.22 599.779
-0.444444 -6619.66 613.275
-0.454545 -6620.15 626.716
-0.464646 -6620.68 640.108
-0.474747 -6621.23 653.443
-0.484848 -6621.8 666.726
-0.494949 -6622.39 679.951
-0.505051 -6622.99 693.118
-0.515152 -6623.6 706.228
-0.525253 -6624.22 719.274
-0.535354 -6624.83 732.261
-0.545455 -6625.45 745.18
-0.555556 -6626.06 758.039
-0.565657 -6626.67 770.823
-0.575758 -6627.27 783.548
-0.585859 -6627.87 796.191
-0.59596 -6628.46 808.774
-0.606061 -6629.03 821.268
-0.616162 -6629.61 833.703
-0.626263 -6630.17 846.04
-0.636364 -6630.72 858.318
-0.646465 -6631.26 870.49
-0.656566 -6631.79 882.604
-0.666667 -6632.3 894.603
-0.676768 -6632.81 906.543
-0.686869 -6633.3 918.361
-0.69697 -6633.77 930.12
-0.707071 -6634.22 941.746
-0.717172 -6634.67 953.315
-0.727273 -6635.08 964.741
-0.737374 -6635.48 976.111
-0.747475 -6635.84 987.327
-0.757576 -6636.19 998.489
-0.767677 -6636.5 1009.49
-0.777778 -6636.79 1020.43
-0.787879 -6637.03 1031.2
-0.79798 -6637.26 1041.92
-0.808081 -6637.42 1052.45
-0.818182 -6637.56 1062.94
-0.828283 -6637.64 1073.22
-0.838384 -6637.7 1083.46
-0.848485 -6637.69 1093.5
-0.858586 -6637.66 1103.49
-0.868687 -6637.55 1113.26
-0.878788 -6637.42 1123
-0.888889 -6637.22 1132.51
-0.89899 -6637.01 1141.98
-0.909091 -6636.74 1151.22
-0.919192 -6636.46 1160.43
-0.929293 -6636.13 1169.39
-0.939394 -6635.8 1178.33
-0.949495 -6635.47 1187.03
-0.959596 -6635.14 1195.72
-0.969697 -6634.87 1204.18
-0.979798 -6634.6 1212.62
-0.989899 -6634.48 1220.86
-1 -6634.37 1229.1
