0 21703.2 0.00222322
-0.010101 22222.8 4.25472
-0.020202 22198.2 8.50791
-0.030303 22176.7 12.8989
-0.040404 22155.4 17.2911
-0.0505051 22137.3 21.7108
-0.0606061 22119.4 26.1361
-0.0707071 22104.7 30.6497
-0.0808081 22090.2 35.1711
-0.0909091 22078.5 39.7819
-0.10101 22067.2 44.4008
-0.111111 22058.4 49.093
-0.121212 22049.8 53.793
-0.131313 22043.4 58.5499
-0.141414 22037.4 63.314
-0.151515 22033.1 68.1224
-0.161616 22029 72.9375
-0.171717 22026.5 77.7882
-0.181818 22024.1 82.6451
-0.191919 22022.9 87.5311
-0.20202 22021.9 92.4228
-0.212121 22021.7 97.3377
-0.222222 22021.7 102.258
-0.232323 22022.3 107.195
-0.242424 22023.1 112.136
-0.252525 22024.3 117.089
-0.262626 22025.6 122.044
-0.272727 22027.1 127.006
-0.282828 22028.7 131.968
-0.292929 22030.5 136.931
-0.30303 22032.3 141.892
-0.313131 22034.2 146.85
-0.323232 22036.1 151.803
-0.333333 22038 156.749
-0.343434 22039.9 161.689
-0.353535 22041.7 166.617
-0.363636 22043.6 171.536
-0.373737 22045.3 176.442
-0.383838 22047.1 181.337
-0.393939 22048.8 186.215
-0.40404 22050.5 191.08
-0.414141 22052 195.927
-0.424242 22053.6 200.759
-0.434343 22055.1 205.572
-0.444444 22056.5 210.367
-0.454545 22057.9 215.142
-0.464646 22059.3 219.897
-0.474747 22060.6 224.631
-0.484848 22061.9 229.344
-0.494949 22063.1 234.035
-0.505051 22064.4 238.702
-0.515152 22065.6 243.347
-0.525253 22066.8 247.967
-0.535354 22067.9 252.564
-0.545455 22069.1 257.133
-0.555556 22070.2 261.679
-0.565657 22071.4 266.196
-0.575758 22072.5 270.69
-0.585859 22073.7 275.152
-0.59596 22074.9 279.591
-0.606061 22076 283.995
-0.616162 22077.2 288.377
-0.626263 22078.5 292.722
-0.636364 22079.7 297.045
-0.646465 22080.9 301.328
-0.656566 22082.2 305.589
-0.666667 22083.5 309.809
-0.676768 22084.9 314.007
-0.686869 22086.2 318.161
-0.69697 22087.6 322.294
-0.707071 22089.1 326.38
-0.717172 22090.5 330.446
-0.727273 22092 334.463
-0.737374 22093.5 338.462
-0.747475 22095.1 342.409
-0.757576 22096.7 346.338
-0.767677 22098.3 350.214
-0.777778 22099.9 354.073
-0.787879 22101.6 357.877
-0.79798 22103.3 361.666
-0.808081 22105 365.398
-0.818182 22106.7 369.116
-0.828283 22108.4 372.777
-0.838384 22110.1 376.425
-0.848485 22111.8 380.014
-0.858586 22113.5 383.592
-0.868687 22115.1 387.111
-0.878788 22116.8 390.619
-0.888889 22118.3 394.068
-0.89899 22119.8 397.508
-0.909091 22121.2 400.888
-0.919192 22122.6 404.261
-0.929293 22123.8 407.573
-0.939394 22125 410.881
-0.949495 22126 414.13
-0.959596 22126.9 417.376
-0.969697 22127.5 420.575
-0.979798 22128.1 423.771
-0.989899 22128.3 426.875
-1 22128.6 429.976
