0 -23585.2 -0.00142706
-0.010101 -23611.4 0.157903
-0.020202 -23591.1 0.322576
-0.030303 -23572.1 0.684174
-0.040404 -23553.1 1.04756
-0.0505051 -23536 1.4539
-0.0606061 -23519.1 1.85859
-0.0707071 -23504.3 2.23731
-0.0808081 -23489.6 2.61208
-0.0909091 -23477.2 2.94151
-0.10101 -23465 3.266
-0.111111 -23454.9 3.5461
-0.121212 -23445 3.82099
-0.131313 -23437.1 4.05765
-0.141414 -23429.5 4.28898
-0.151515 -23423.6 4.4875
-0.161616 -23417.9 4.68042
-0.171717 -23413.7 4.84396
-0.181818 -23409.8 5.0015
-0.191919 -23407 5.1317
-0.20202 -23404.5 5.25552
-0.212121 -23403 5.35374
-0.222222 -23401.6 5.44534
-0.232323 -23401.1 5.51343
-0.242424 -23400.7 5.57491
-0.252525 -23400.9 5.61549
-0.262626 -23401.2 5.6498
-0.272727 -23401.9 5.66628
-0.282828 -23402.8 5.67708
-0.292929 -23403.9 5.67332
-0.30303 -23405.1 5.66469
-0.313131 -23406.5 5.64473
-0.323232 -23408 5.62084
-0.333333 -23409.5 5.58861
-0.343434 -23411.1 5.55342
-0.353535 -23412.8 5.51252
-0.363636 -23414.4 5.46964
-0.373737 -23416.1 5.42323
-0.383838 -23417.8 5.37576
-0.393939 -23419.5 5.32655
-0.40404 -23421.1 5.27709
-0.414141 -23422.7 5.22727
-0.424242 -23424.3 5.17794
-0.434343 -23425.9 5.12927
-0.444444 -23427.4 5.08171
-0.454545 -23429 5.03555
-0.464646 -23430.4 4.99102
-0.474747 -23431.9 4.94839
-0.484848 -23433.3 4.90781
-0.494949 -23434.7 4.86943
-0.505051 -23436.1 4.83342
-0.515152 -23437.5 4.79977
-0.525253 -23438.8 4.76872
-0.535354 -23440.1 4.74007
-0.545455 -23441.5 4.71418
-0.555556 -23442.8 4.69063
-0.565657 -23444.1 4.6699
-0.575758 -23445.4 4.65139
-0.585859 -23446.7 4.63568
-0.59596 -23448 4.62199
-0.606061 -23449.4 4.61099
-0.616162 -23450.7 4.60178
-0.626263 -23452.1 4.59501
-0.636364 -23453.4 4.58975
-0.646465 -23454.8 4.58658
-0.656566 -23456.2 4.58457
-0.666667 -23457.7 4.58412
-0.676768 -23459.1 4.58447
-0.686869 -23460.6 4.58565
-0.69697 -23462.1 4.58721
-0.707071 -23463.6 4.58865
-0.717172 -23465.2 4.59004
-0.727273 -23466.8 4.59008
-0.737374 -23468.4 4.58961
-0.747475 -23470 4.58628
-0.757576 -23471.6 4.58196
-0.767677 -23473.3 4.57298
-0.777778 -23474.9 4.56253
-0.787879 -23476.6 4.54531
-0.79798 -23478.3 4.52619
-0.808081 -23480 4.49792
-0.818182 -23481.7 4.46737
-0.828283 -23483.3 4.42507
-0.838384 -23485 4.38019
-0.848485 -23486.6 4.32084
-0.858586 -23488.2 4.25873
-0.868687 -23489.8 4.1794
-0.878788 -23491.3 4.09725
-0.888889 -23492.7 3.99522
-0.89899 -23494.1 3.89046
-0.909091 -23495.4 3.76336
-0.919192 -23496.6 3.63378
-0.929293 -23497.7 3.47962
-0.939394 -23498.7 3.32333
-0.949495 -23499.5 3.14005
-0.959596 -23500.3 2.95505
-0.969697 -23500.8 2.73855
-0.979798 -23501.3 2.52074
-0.989899 -23501.4 2.32345
-1 -23501.6 2.12659
