0 -11308.6 -0.00130909
-0.010101 -12564.5 -10.9598
-0.020202 -12540 -21.9313
-0.030303 -12520.9 -33.6101
-0.040404 -12502 -45.295
-0.0505051 -12487.9 -57.1283
-0.0606061 -12474.1 -68.9727
-0.0707071 -12464.1 -80.9918
-0.0808081 -12454.5 -93.0232
-0.0909091 -12448.1 -105.196
-0.10101 -12441.9 -117.381
-0.111111 -12438.2 -129.668
-0.121212 -12434.8 -141.966
-0.131313 -12433.3 -154.336
-0.141414 -12432 -166.715
-0.151515 -12432.1 -179.145
-0.161616 -12432.3 -191.582
-0.171717 -12433.5 -204.054
-0.181818 -12434.9 -216.532
-0.191919 -12436.8 -229.032
-0.20202 -12438.9 -241.535
-0.212121 -12441.3 -254.049
-0.222222 -12443.7 -266.564
-0.232323 -12446.3 -279.08
-0.242424 -12449 -291.593
-0.252525 -12451.6 -304.098
-0.262626 -12454.2 -316.598
-0.272727 -12456.7 -329.08
-0.282828 -12459.2 -341.554
-0.292929 -12461.6 -354.003
-0.30303 -12463.9 -366.439
-0.313131 -12466.1 -378.845
-0.323232 -12468.1 -391.234
-0.333333 -12470 -403.588
-0.343434 -12471.9 -415.921
-0.353535 -12473.5 -428.215
-0.363636 -12475.1 -440.485
-0.373737 -12476.5 -452.712
-0.383838 -12477.8 -464.911
-0.393939 -12479.1 -477.065
-0.40404 -12480.2 -489.187
-0.414141 -12481.2 -501.261
-0.424242 -12482.2 -513.3
-0.434343 -12483.1 -525.29
-0.444444 -12483.9 -537.24
-0.454545 -12484.6 -549.14
-0.464646 -12485.3 -560.995
-0.474747 -12486 -572.8
-0.484848 -12486.6 -584.556
-0.494949 -12487.1 -596.259
-0.505051 -12487.7 -607.91
-0.515152 -12488.2 -619.507
-0.525253 -12488.7 -631.047
-0.535354 -12489.2 -642.533
-0.545455 -12489.7 -653.956
-0.555556 -12490.2 -665.325
-0.565657 -12490.7 -676.626
-0.575758 -12491.2 -687.872
-0.585859 -12491.7 -699.044
-0.59596 -12492.2 -710.161
-0.606061 -12492.7 -721.198
-0.616162 -12493.3 -732.181
-0.626263 -12493.8 -743.076
-0.636364 -12494.4 -753.917
-0.646465 -12495 -764.664
-0.656566 -12495.7 -775.358
-0.666667 -12496.3 -785.949
-0.676768 -12497 -796.489
-0.686869 -12497.8 -806.919
-0.69697 -12498.5 -817.297
-0.707071 -12499.3 -827.558
-0.717172 -12500.1 -837.769
-0.727273 -12501 -847.854
-0.737374 -12501.9 -857.891
-0.747475 -12502.8 -867.794
-0.757576 -12503.8 -877.65
-0.767677 -12504.8 -887.364
-0.777778 -12505.9 -897.033
-0.787879 -12507 -906.553
-0.79798 -12508.1 -916.03
-0.808081 -12509.3 -925.348
-0.818182 -12510.5 -934.628
-0.828283 -12511.7 -943.741
-0.838384 -12513 -952.817
-0.848485 -12514.2 -961.72
-0.858586 -12515.5 -970.59
-0.868687 -12516.8 -979.279
-0.878788 -12518.1 -987.939
-0.888889 -12519.4 -996.411
-0.89899 -12520.7 -1004.86
-0.909091 -12521.9 -1013.11
-0.919192 -12523.2 -1021.34
-0.929293 -12524.3 -1029.38
-0.939394 -12525.4 -1037.4
-0.949495 -12526.3 -1045.22
-0.959596 -12527.2 -1053.03
-0.969697 -12527.8 -1060.67
-0.979798 -12528.4 -1068.3
-0.989899 -12528.7 -1075.73
-1 -12528.9 -1083.15
