0 -15729.3 -0.00160238
-0.010101 -16779.7 -9.06247
-0.020202 -16753.8 -18.1327
-0.030303 -16732.9 -27.7374
-0.040404 -16712.1 -37.3468
-0.0505051 -16695.8 -47.0679
-0.0606061 -16679.7 -56.7987
-0.0707071 -16667.5 -66.6817
-0.0808081 -16655.6 -76.5759
-0.0909091 -16646.9 -86.6
-0.10101 -16638.5 -96.6349
-0.111111 -16632.7 -106.767
-0.121212 -16627.3 -116.91
-0.131313 -16623.9 -127.123
-0.141414 -16620.7 -137.344
-0.151515 -16619.2 -147.617
-0.161616 -16617.9 -157.897
-0.171717 -16617.8 -168.214
-0.181818 -16617.8 -178.538
-0.191919 -16618.7 -188.887
-0.20202 -16619.8 -199.241
-0.212121 -16621.3 -209.611
-0.222222 -16623 -219.983
-0.232323 -16625 -230.362
-0.242424 -16627.1 -240.742
-0.252525 -16629.3 -251.119
-0.262626 -16631.6 -261.494
-0.272727 -16633.9 -271.86
-0.282828 -16636.2 -282.219
-0.292929 -16638.5 -292.562
-0.30303 -16640.7 -302.896
-0.313131 -16642.9 -313.208
-0.323232 -16645 -323.507
-0.333333 -16647 -333.779
-0.343434 -16648.9 -344.034
-0.353535 -16650.7 -354.259
-0.363636 -16652.5 -364.464
-0.373737 -16654.1 -374.634
-0.383838 -16655.7 -384.781
-0.393939 -16657.1 -394.891
-0.40404 -16658.5 -404.975
-0.414141 -16659.8 -415.02
-0.424242 -16661 -425.034
-0.434343 -16662.2 -435.008
-0.444444 -16663.3 -444.949
-0.454545 -16664.3 -454.847
-0.464646 -16665.3 -464.708
-0.474747 -16666.2 -474.526
-0.484848 -16667.1 -484.304
-0.494949 -16668 -494.037
-0.505051 -16668.8 -503.726
-0.515152 -16669.6 -513.37
-0.525253 -16670.4 -522.965
-0.535354 -16671.1 -532.515
-0.545455 -16671.9 -542.012
-0.555556 -16672.7 -551.463
-0.565657 -16673.4 -560.857
-0.575758 -16674.2 -570.205
-0.585859 -16674.9 -579.49
-0.59596 -16675.7 -588.73
-0.606061 -16676.5 -597.902
-0.616162 -16677.3 -607.028
-0.626263 -16678.2 -616.081
-0.636364 -16679 -625.089
-0.646465 -16679.9 -634.018
-0.656566 -16680.8 -642.903
-0.666667 -16681.8 -651.702
-0.676768 -16682.7 -660.458
-0.686869 -16683.7 -669.122
-0.69697 -16684.8 -677.744
-0.707071 -16685.8 -686.268
-0.717172 -16686.9 -694.75
-0.727273 -16688.1 -703.129
-0.737374 -16689.2 -711.467
-0.747475 -16690.5 -719.695
-0.757576 -16691.7 -727.884
-0.767677 -16693 -735.957
-0.777778 -16694.3 -743.993
-0.787879 -16695.7 -751.906
-0.79798 -16697.1 -759.784
-0.808081 -16698.5 -767.533
-0.818182 -16700 -775.25
-0.828283 -16701.4 -782.832
-0.838384 -16702.9 -790.385
-0.848485 -16704.4 -797.797
-0.858586 -16705.9 -805.183
-0.868687 -16707.4 -812.422
-0.878788 -16708.9 -819.638
-0.888889 -16710.3 -826.704
-0.89899 -16711.8 -833.749
-0.909091 -16713.1 -840.64
-0.919192 -16714.5 -847.513
-0.929293 -16715.7 -854.23
-0.939394 -16716.9 -860.934
-0.949495 -16717.9 -867.483
-0.959596 -16718.8 -874.023
-0.969697 -16719.5 -880.425
-0.979798 -16720.1 -886.822
-0.989899 -16720.4 -893.047
-1 -16720.6 -899.27
