0 -18508.9 -0.00183348
-0.010101 -17545.6 8.85315
-0.020202 -17541.4 17.7259
-0.030303 -17534.3 27.3881
-0.040404 -17527.2 37.0573
-0.0505051 -17518.5 46.8941
-0.0606061 -17509.7 56.7378
-0.0707071 -17500.3 66.6895
-0.0808081 -17490.9 76.6464
-0.0909091 -17481.5 86.6627
-0.10101 -17472.2 96.6823
-0.111111 -17463.3 106.732
-0.121212 -17454.6 116.783
-0.131313 -17446.6 126.848
-0.141414 -17438.7 136.912
-0.151515 -17431.7 146.98
-0.161616 -17424.9 157.046
-0.171717 -17419.1 167.106
-0.181818 -17413.4 177.163
-0.191919 -17408.7 187.206
-0.20202 -17404.1 197.244
-0.212121 -17400.5 207.261
-0.222222 -17397 217.27
-0.232323 -17394.2 227.254
-0.242424 -17391.7 237.227
-0.252525 -17389.8 247.17
-0.262626 -17388.1 257.1
-0.272727 -17387 266.997
-0.282828 -17386 276.88
-0.292929 -17385.4 286.726
-0.30303 -17385 296.557
-0.313131 -17385 306.35
-0.323232 -17385 316.126
-0.333333 -17385.3 325.864
-0.343434 -17385.8 335.582
-0.353535 -17386.4 345.263
-0.363636 -17387.1 354.922
-0.373737 -17387.9 364.543
-0.383838 -17388.8 374.141
-0.393939 -17389.8 383.7
-0.40404 -17390.8 393.235
-0.414141 -17391.8 402.731
-0.424242 -17392.9 412.2
-0.434343 -17394.1 421.63
-0.444444 -17395.2 431.031
-0.454545 -17396.4 440.393
-0.464646 -17397.6 449.723
-0.474747 -17398.8 459.013
-0.484848 -17399.9 468.268
-0.494949 -17401.1 477.484
-0.505051 -17402.3 486.661
-0.515152 -17403.5 495.799
-0.525253 -17404.6 504.894
-0.535354 -17405.8 513.949
-0.545455 -17406.9 522.958
-0.555556 -17408.1 531.927
-0.565657 -17409.2 540.844
-0.575758 -17410.3 549.722
-0.585859 -17411.5 558.543
-0.59596 -17412.6 567.325
-0.606061 -17413.7 576.045
-0.616162 -17414.9 584.724
-0.626263 -17416 593.337
-0.636364 -17417.1 601.91
-0.646465 -17418.3 610.41
-0.656566 -17419.4 618.869
-0.666667 -17420.5 627.25
-0.676768 -17421.7 635.589
-0.686869 -17422.8 643.844
-0.69697 -17424 652.058
-0.707071 -17425.1 660.178
-0.717172 -17426.3 668.259
-0.727273 -17427.4 676.24
-0.737374 -17428.6 684.181
-0.747475 -17429.7 692.013
-0.757576 -17430.9 699.807
-0.767677 -17432 707.483
-0.777778 -17433.1 715.122
-0.787879 -17434.2 722.634
-0.79798 -17435.3 730.111
-0.808081 -17436.3 737.451
-0.818182 -17437.3 744.758
-0.828283 -17438.3 751.92
-0.838384 -17439.2 759.05
-0.848485 -17440.1 766.025
-0.858586 -17441 772.971
-0.868687 -17441.7 779.754
-0.878788 -17442.5 786.511
-0.888889 -17443.1 793.095
-0.89899 -17443.7 799.657
-0.909091 -17444.2 806.039
-0.919192 -17444.7 812.402
-0.929293 -17445 818.581
-0.939394 -17445.4 824.743
-0.949495 -17445.6 830.721
-0.959596 -17445.8 836.687
-0.969697 -17445.9 842.477
-0.979798 -17445.9 848.26
-0.989899 -17445.9 853.909
-1 -17446 859.556
