0 -22547.7 -0.00222388
-0.010101 -22045.8 4.82598
-0.020202 -22032.7 9.667
-0.030303 -22018.7 15.0366
-0.040404 -22004.7 20.4108
-0.0505051 -21990.9 25.8978
-0.0606061 -21977.1 31.3877
-0.0707071 -21964.1 36.9214
-0.0808081 -21951.3 42.4559
-0.0909091 -21939.6 47.9976
-0.10101 -21928 53.5385
-0.111111 -21917.9 59.0716
-0.121212 -21907.9 64.6027
-0.131313 -21899.4 70.1203
-0.141414 -21891.1 75.6353
-0.151515 -21884.2 81.1338
-0.161616 -21877.5 86.6287
-0.171717 -21872.1 92.1044
-0.181818 -21867 97.5753
-0.191919 -21863 103.024
-0.20202 -21859.2 108.466
-0.212121 -21856.4 113.884
-0.222222 -21853.8 119.294
-0.232323 -21852 124.677
-0.242424 -21850.5 130.052
-0.252525 -21849.6 135.398
-0.262626 -21848.8 140.735
-0.272727 -21848.6 146.044
-0.282828 -21848.5 151.342
-0.292929 -21848.8 156.614
-0.30303 -21849.3 161.874
-0.313131 -21850 167.108
-0.323232 -21850.8 172.33
-0.333333 -21851.8 177.528
-0.343434 -21852.9 182.713
-0.353535 -21854.1 187.875
-0.363636 -21855.4 193.025
-0.373737 -21856.7 198.152
-0.383838 -21858.1 203.266
-0.393939 -21859.5 208.359
-0.40404 -21860.9 213.438
-0.414141 -21862.4 218.497
-0.424242 -21863.8 223.541
-0.434343 -21865.2 228.565
-0.444444 -21866.7 233.574
-0.454545 -21868.1 238.562
-0.464646 -21869.5 243.534
-0.474747 -21871 248.487
-0.484848 -21872.3 253.421
-0.494949 -21873.7 258.335
-0.505051 -21875.1 263.23
-0.515152 -21876.4 268.105
-0.525253 -21877.8 272.959
-0.535354 -21879.1 277.793
-0.545455 -21880.4 282.603
-0.555556 -21881.8 287.393
-0.565657 -21883.1 292.157
-0.575758 -21884.4 296.901
-0.585859 -21885.7 301.617
-0.59596 -21887 306.312
-0.606061 -21888.3 310.975
-0.616162 -21889.7 315.618
-0.626263 -21891 320.227
-0.636364 -21892.3 324.814
-0.646465 -21893.7 329.364
-0.656566 -21895 333.893
-0.666667 -21896.4 338.381
-0.676768 -21897.8 342.847
-0.686869 -21899.2 347.268
-0.69697 -21900.6 351.667
-0.707071 -21902.1 356.017
-0.717172 -21903.5 360.345
-0.727273 -21905 364.618
-0.737374 -21906.5 368.87
-0.747475 -21907.9 373.063
-0.757576 -21909.4 377.234
-0.767677 -21910.9 381.34
-0.777778 -21912.4 385.425
-0.787879 -21913.9 389.438
-0.79798 -21915.4 393.432
-0.808081 -21916.8 397.347
-0.818182 -21918.3 401.244
-0.828283 -21919.7 405.056
-0.838384 -21921.1 408.85
-0.848485 -21922.4 412.554
-0.858586 -21923.7 416.24
-0.868687 -21925 419.83
-0.878788 -21926.2 423.404
-0.888889 -21927.3 426.875
-0.89899 -21928.4 430.332
-0.909091 -21929.3 433.682
-0.919192 -21930.2 437.02
-0.929293 -21931 440.245
-0.939394 -21931.7 443.462
-0.949495 -21932.2 446.564
-0.959596 -21932.8 449.659
-0.969697 -21933.1 452.644
-0.979798 -21933.4 455.623
-0.989899 -21933.5 458.543
-1 -21933.6 461.46
