0 22980.7 0.00181614
-0.010101 22574.8 -3.98132
-0.020202 22560.2 -7.97571
-0.030303 22545.1 -12.4406
-0.040404 22530 -16.9096
-0.0505051 22515.4 -21.4794
-0.0606061 22500.9 -26.0511
-0.0707071 22487.4 -30.6541
-0.0808081 22474.1 -35.2568
-0.0909091 22462.1 -39.857
-0.10101 22450.3 -44.4556
-0.111111 22440.1 -49.0395
-0.121212 22430.1 -53.6209
-0.131313 22421.6 -58.184
-0.141414 22413.3 -62.7439
-0.151515 22406.5 -67.2843
-0.161616 22400 -71.8207
-0.171717 22394.7 -76.3359
-0.181818 22389.8 -80.8461
-0.191919 22386 -85.333
-0.20202 22382.4 -89.8136
-0.212121 22379.8 -94.2691
-0.222222 22377.5 -98.7171
-0.232323 22375.9 -103.139
-0.242424 22374.5 -107.552
-0.252525 22373.8 -111.939
-0.262626 22373.3 -116.316
-0.272727 22373.2 -120.667
-0.282828 22373.3 -125.009
-0.292929 22373.8 -129.326
-0.30303 22374.4 -133.632
-0.313131 22375.3 -137.916
-0.323232 22376.2 -142.189
-0.333333 22377.3 -146.44
-0.343434 22378.5 -150.681
-0.353535 22379.8 -154.901
-0.363636 22381.2 -159.111
-0.373737 22382.6 -163.303
-0.383838 22384 -167.483
-0.393939 22385.5 -171.646
-0.40404 22387 -175.797
-0.414141 22388.5 -179.931
-0.424242 22390 -184.054
-0.434343 22391.5 -188.16
-0.444444 22393 -192.254
-0.454545 22394.4 -196.332
-0.464646 22395.9 -200.397
-0.474747 22397.3 -204.446
-0.484848 22398.7 -208.48
-0.494949 22400.1 -212.499
-0.505051 22401.5 -216.503
-0.515152 22402.9 -220.49
-0.525253 22404.2 -224.461
-0.535354 22405.6 -228.415
-0.545455 22406.9 -232.351
-0.555556 22408.2 -236.271
-0.565657 22409.6 -240.17
-0.575758 22410.9 -244.053
-0.585859 22412.2 -247.914
-0.59596 22413.5 -251.758
-0.606061 22414.9 -255.576
-0.616162 22416.2 -259.379
-0.626263 22417.6 -263.153
-0.636364 22418.9 -266.911
-0.646465 22420.3 -270.638
-0.656566 22421.7 -274.348
-0.666667 22423.1 -278.025
-0.676768 22424.5 -281.684
-0.686869 22426 -285.307
-0.69697 22427.4 -288.912
-0.707071 22428.9 -292.476
-0.717172 22430.4 -296.022
-0.727273 22431.9 -299.524
-0.737374 22433.4 -303.007
-0.747475 22434.9 -306.442
-0.757576 22436.4 -309.859
-0.767677 22438 -313.221
-0.777778 22439.5 -316.566
-0.787879 22441 -319.852
-0.79798 22442.6 -323.12
-0.808081 22444.1 -326.324
-0.818182 22445.6 -329.511
-0.828283 22447.1 -332.626
-0.838384 22448.5 -335.727
-0.848485 22449.9 -338.75
-0.858586 22451.3 -341.759
-0.868687 22452.6 -344.686
-0.878788 22453.9 -347.599
-0.888889 22455.1 -350.424
-0.89899 22456.2 -353.237
-0.909091 22457.3 -355.958
-0.919192 22458.2 -358.669
-0.929293 22459.1 -361.283
-0.939394 22459.9 -363.889
-0.949495 22460.4 -366.397
-0.959596 22461 -368.899
-0.969697 22461.4 -371.304
-0.979798 22461.7 -373.705
-0.989899 22461.8 -376.06
-1 22461.9 -378.414
