0 -23460.1 -0.00240885
-0.010101 -23218.2 2.53233
-0.020202 -23201.2 5.07682
-0.030303 -23184.4 7.99058
-0.040404 -23167.7 10.9076
-0.0505051 -23151.9 13.9042
-0.0606061 -23136.3 16.9013
-0.0707071 -23122.2 19.9077
-0.0808081 -23108.2 22.9125
-0.0909091 -23095.9 25.898
-0.10101 -23083.9 28.8807
-0.111111 -23073.6 31.8368
-0.121212 -23063.5 34.7894
-0.131313 -23055.1 37.7157
-0.141414 -23047 40.6379
-0.151515 -23040.5 43.5352
-0.161616 -23034.2 46.4278
-0.171717 -23029.3 49.2958
-0.181818 -23024.7 52.1582
-0.191919 -23021.3 54.9956
-0.20202 -23018.1 57.8265
-0.212121 -23015.9 60.6319
-0.222222 -23013.9 63.43
-0.232323 -23012.7 66.2025
-0.242424 -23011.7 68.9673
-0.252525 -23011.3 71.7073
-0.262626 -23011.1 74.4391
-0.272727 -23011.4 77.1478
-0.282828 -23011.8 79.8482
-0.292929 -23012.5 82.5274
-0.30303 -23013.4 85.1985
-0.313131 -23014.4 87.8506
-0.323232 -23015.6 90.4948
-0.333333 -23016.9 93.1222
-0.343434 -23018.3 95.742
-0.353535 -23019.7 98.3469
-0.363636 -23021.2 100.945
-0.373737 -23022.7 103.529
-0.383838 -23024.3 106.106
-0.393939 -23025.9 108.672
-0.40404 -23027.4 111.23
-0.414141 -23029 113.778
-0.424242 -23030.5 116.319
-0.434343 -23032.1 118.85
-0.444444 -23033.6 121.373
-0.454545 -23035.1 123.888
-0.464646 -23036.6 126.394
-0.474747 -23038 128.892
-0.484848 -23039.4 131.381
-0.494949 -23040.9 133.861
-0.505051 -23042.3 136.333
-0.515152 -23043.6 138.796
-0.525253 -23045 141.249
-0.535354 -23046.4 143.693
-0.545455 -23047.7 146.127
-0.555556 -23049 148.552
-0.565657 -23050.4 150.965
-0.575758 -23051.7 153.368
-0.585859 -23053 155.759
-0.59596 -23054.4 158.14
-0.606061 -23055.7 160.507
-0.616162 -23057.1 162.864
-0.626263 -23058.5 165.205
-0.636364 -23059.8 167.536
-0.646465 -23061.2 169.849
-0.656566 -23062.6 172.152
-0.666667 -23064.1 174.434
-0.676768 -23065.5 176.706
-0.686869 -23067 178.955
-0.69697 -23068.5 181.194
-0.707071 -23070 183.407
-0.717172 -23071.5 185.61
-0.727273 -23073.1 187.784
-0.737374 -23074.6 189.946
-0.747475 -23076.2 192.077
-0.757576 -23077.8 194.197
-0.767677 -23079.4 196.281
-0.777778 -23081 198.353
-0.787879 -23082.6 200.386
-0.79798 -23084.2 202.408
-0.808081 -23085.8 204.386
-0.818182 -23087.4 206.352
-0.828283 -23089 208.27
-0.838384 -23090.5 210.177
-0.848485 -23092 212.031
-0.858586 -23093.5 213.874
-0.868687 -23094.9 215.66
-0.878788 -23096.3 217.436
-0.888889 -23097.6 219.15
-0.89899 -23098.9 220.856
-0.909091 -23100 222.495
-0.919192 -23101.1 224.127
-0.929293 -23102 225.69
-0.939394 -23102.9 227.247
-0.949495 -23103.6 228.732
-0.959596 -23104.2 230.213
-0.969697 -23104.6 231.621
-0.979798 -23105 233.026
-0.989899 -23105.2 234.411
-1 -23105.3 235.795
