0 20755.5 0.00203424
-0.010101 21398.7 5.36646
-0.020202 21373.4 10.7336
-0.030303 21351.7 16.3268
-0.040404 21330.1 21.9221
-0.0505051 21312.1 27.5634
-0.0606061 21294.4 33.2114
-0.0707071 21279.9 38.963
-0.0808081 21265.7 44.7232
-0.0909091 21254.5 50.583
-0.10101 21243.6 56.4516
-0.111111 21235.3 62.4
-0.121212 21227.3 68.3567
-0.131313 21221.5 74.3742
-0.141414 21216 80.3992
-0.151515 21212.2 86.4708
-0.161616 21208.7 92.5494
-0.171717 21206.6 98.6644
-0.181818 21204.7 104.786
-0.191919 21204 110.936
-0.20202 21203.4 117.091
-0.212121 21203.6 123.269
-0.222222 21204 129.451
-0.232323 21204.9 135.649
-0.242424 21206 141.849
-0.252525 21207.4 148.059
-0.262626 21208.9 154.27
-0.272727 21210.6 160.484
-0.282828 21212.4 166.697
-0.292929 21214.3 172.907
-0.30303 21216.3 179.114
-0.313131 21218.2 185.313
-0.323232 21220.2 191.506
-0.333333 21222.1 197.687
-0.343434 21224.1 203.859
-0.353535 21226 210.015
-0.363636 21227.8 216.161
-0.373737 21229.6 222.287
-0.383838 21231.3 228.401
-0.393939 21233 234.492
-0.40404 21234.6 240.568
-0.414141 21236.2 246.621
-0.424242 21237.7 252.655
-0.434343 21239.1 258.664
-0.444444 21240.5 264.653
-0.454545 21241.9 270.616
-0.464646 21243.2 276.556
-0.474747 21244.4 282.469
-0.484848 21245.6 288.356
-0.494949 21246.8 294.216
-0.505051 21248 300.048
-0.515152 21249.1 305.852
-0.525253 21250.2 311.626
-0.535354 21251.3 317.371
-0.545455 21252.4 323.083
-0.555556 21253.5 328.766
-0.565657 21254.6 334.414
-0.575758 21255.7 340.033
-0.585859 21256.8 345.613
-0.59596 21257.9 351.164
-0.606061 21259 356.674
-0.616162 21260.1 362.155
-0.626263 21261.3 367.592
-0.636364 21262.4 373
-0.646465 21263.6 378.36
-0.656566 21264.9 383.693
-0.666667 21266.1 388.973
-0.676768 21267.4 394.228
-0.686869 21268.7 399.427
-0.69697 21270 404.6
-0.707071 21271.4 409.714
-0.717172 21272.8 414.804
-0.727273 21274.3 419.832
-0.737374 21275.7 424.836
-0.747475 21277.2 429.775
-0.757576 21278.8 434.691
-0.767677 21280.4 439.54
-0.777778 21281.9 444.367
-0.787879 21283.6 449.123
-0.79798 21285.2 453.86
-0.808081 21286.9 458.524
-0.818182 21288.6 463.169
-0.828283 21290.2 467.739
-0.838384 21291.9 472.293
-0.848485 21293.6 476.769
-0.858586 21295.3 481.23
-0.868687 21296.9 485.612
-0.878788 21298.5 489.981
-0.888889 21300.1 494.27
-0.89899 21301.6 498.547
-0.909091 21303.1 502.743
-0.919192 21304.5 506.929
-0.929293 21305.7 511.033
-0.939394 21306.9 515.13
-0.949495 21307.9 519.148
-0.959596 21308.8 523.16
-0.969697 21309.4 527.105
-0.979798 21310.1 531.047
-0.989899 21310.3 534.877
-1 21310.5 538.705
