0 23388.7 0.00155128
-0.010101 23113.8 -2.81627
-0.020202 23097.3 -5.64358
-0.030303 23080.9 -8.86639
-0.040404 23064.5 -12.093
-0.0505051 23049 -15.41
-0.0606061 23033.7 -18.7283
-0.0707071 23019.7 -22.0663
-0.0808081 23005.9 -25.4033
-0.0909091 22993.7 -28.7295
-0.10101 22981.7 -32.0535
-0.111111 22971.5 -35.3575
-0.121212 22961.4 -38.6585
-0.131313 22953.1 -41.9381
-0.141414 22945 -45.2141
-0.151515 22938.4 -48.4685
-0.161616 22932.1 -51.7187
-0.171717 22927.2 -54.9464
-0.181818 22922.5 -58.1689
-0.191919 22919 -61.3676
-0.20202 22915.8 -64.56
-0.212121 22913.5 -67.7273
-0.222222 22911.5 -70.8875
-0.232323 22910.2 -74.0219
-0.242424 22909.2 -77.1485
-0.252525 22908.7 -80.2498
-0.262626 22908.5 -83.3426
-0.272727 22908.7 -86.4115
-0.282828 22909 -89.4717
-0.292929 22909.7 -92.5096
-0.30303 22910.5 -95.5389
-0.313131 22911.5 -98.548
-0.323232 22912.6 -101.549
-0.333333 22913.9 -104.531
-0.343434 22915.2 -107.505
-0.353535 22916.6 -110.463
-0.363636 22918 -113.412
-0.373737 22919.5 -116.347
-0.383838 22921 -119.274
-0.393939 22922.6 -122.187
-0.40404 22924.1 -125.092
-0.414141 22925.6 -127.985
-0.424242 22927.1 -130.869
-0.434343 22928.6 -133.741
-0.444444 22930.1 -136.605
-0.454545 22931.6 -139.457
-0.464646 22933 -142.3
-0.474747 22934.4 -145.132
-0.484848 22935.8 -147.953
-0.494949 22937.2 -150.764
-0.505051 22938.6 -153.564
-0.515152 22939.9 -156.353
-0.525253 22941.3 -159.13
-0.535354 22942.6 -161.895
-0.545455 22943.9 -164.648
-0.555556 22945.2 -167.389
-0.565657 22946.5 -170.116
-0.575758 22947.8 -172.831
-0.585859 22949.1 -175.53
-0.59596 22950.4 -178.217
-0.606061 22951.7 -180.886
-0.616162 22953 -183.544
-0.626263 22954.4 -186.182
-0.636364 22955.7 -188.807
-0.646465 22957.1 -191.411
-0.656566 22958.5 -194.002
-0.666667 22959.9 -196.569
-0.676768 22961.3 -199.123
-0.686869 22962.7 -201.651
-0.69697 22964.2 -204.165
-0.707071 22965.7 -206.65
-0.717172 22967.1 -209.121
-0.727273 22968.7 -211.56
-0.737374 22970.2 -213.985
-0.747475 22971.7 -216.373
-0.757576 22973.3 -218.749
-0.767677 22974.9 -221.083
-0.777778 22976.4 -223.404
-0.787879 22978 -225.68
-0.79798 22979.6 -227.943
-0.808081 22981.2 -230.157
-0.818182 22982.7 -232.358
-0.828283 22984.3 -234.504
-0.838384 22985.8 -236.638
-0.848485 22987.3 -238.713
-0.858586 22988.7 -240.777
-0.868687 22990.1 -242.776
-0.878788 22991.5 -244.765
-0.888889 22992.7 -246.686
-0.89899 22994 -248.597
-0.909091 22995.1 -250.436
-0.919192 22996.1 -252.266
-0.929293 22997 -254.021
-0.939394 22997.9 -255.77
-0.949495 22998.5 -257.441
-0.959596 22999.2 -259.106
-0.969697 22999.6 -260.694
-0.979798 23000 -262.277
-0.989899 23000.1 -263.839
-1 23000.2 -265.401
