0 -21804.8 -0.00197019
-0.010101 -21178.7 5.91649
-0.020202 -21167.7 11.849
-0.030303 -21155.3 18.3834
-0.040404 -21142.9 24.9231
-0.0505051 -21130.2 31.591
-0.0606061 -21117.5 38.2628
-0.0707071 -21105.3 44.9955
-0.0808081 -21093.1 51.7299
-0.0909091 -21081.9 58.4851
-0.10101 -21070.7 65.2405
-0.111111 -21060.8 71.9976
-0.121212 -21051 78.7537
-0.131313 -21042.5 85.5029
-0.141414 -21034.2 92.2502
-0.151515 -21027.2 98.9857
-0.161616 -21020.4 105.718
-0.171717 -21014.8 112.435
-0.181818 -21009.5 119.147
-0.191919 -21005.2 125.838
-0.20202 -21001.2 132.524
-0.212121 -20998.2 139.185
-0.222222 -20995.3 145.839
-0.232323 -20993.3 152.466
-0.242424 -20991.5 159.083
-0.252525 -20990.3 165.672
-0.262626 -20989.3 172.25
-0.272727 -20988.8 178.799
-0.282828 -20988.5 185.335
-0.292929 -20988.6 191.843
-0.30303 -20988.8 198.337
-0.313131 -20989.4 204.802
-0.323232 -20990 211.254
-0.333333 -20990.8 217.678
-0.343434 -20991.8 224.087
-0.353535 -20992.8 230.469
-0.363636 -20994 236.837
-0.373737 -20995.2 243.177
-0.383838 -20996.5 249.502
-0.393939 -20997.8 255.801
-0.40404 -20999.1 262.082
-0.414141 -21000.5 268.339
-0.424242 -21001.9 274.578
-0.434343 -21003.3 280.791
-0.444444 -21004.6 286.985
-0.454545 -21006 293.155
-0.464646 -21007.4 299.303
-0.474747 -21008.8 305.427
-0.484848 -21010.1 311.528
-0.494949 -21011.5 317.604
-0.505051 -21012.8 323.655
-0.515152 -21014.1 329.681
-0.525253 -21015.4 335.68
-0.535354 -21016.8 341.653
-0.545455 -21018 347.597
-0.555556 -21019.3 353.516
-0.565657 -21020.6 359.401
-0.575758 -21021.9 365.262
-0.585859 -21023.2 371.086
-0.59596 -21024.5 376.885
-0.606061 -21025.8 382.644
-0.616162 -21027.1 388.377
-0.626263 -21028.4 394.067
-0.636364 -21029.7 399.731
-0.646465 -21031 405.348
-0.656566 -21032.3 410.939
-0.666667 -21033.6 416.478
-0.676768 -21035 421.99
-0.686869 -21036.3 427.446
-0.69697 -21037.7 432.876
-0.707071 -21039.1 438.244
-0.717172 -21040.5 443.586
-0.727273 -21041.9 448.861
-0.737374 -21043.3 454.109
-0.747475 -21044.7 459.285
-0.757576 -21046.1 464.435
-0.767677 -21047.5 469.505
-0.777778 -21048.9 474.549
-0.787879 -21050.3 479.508
-0.79798 -21051.7 484.442
-0.808081 -21053.1 489.282
-0.818182 -21054.5 494.099
-0.828283 -21055.8 498.816
-0.838384 -21057.1 503.51
-0.848485 -21058.3 508.097
-0.858586 -21059.5 512.663
-0.868687 -21060.7 517.114
-0.878788 -21061.8 521.546
-0.888889 -21062.8 525.857
-0.89899 -21063.7 530.151
-0.909091 -21064.6 534.318
-0.919192 -21065.4 538.471
-0.929293 -21066.1 542.492
-0.939394 -21066.7 546.502
-0.949495 -21067.1 550.378
-0.959596 -21067.6 554.246
-0.969697 -21067.9 557.985
-0.979798 -21068.1 561.719
-0.989899 -21068.2 565.372
-1 -21068.3 569.025
