0 -14684.5 -0.00173631
-0.010101 -13494.7 10.8001
-0.020202 -13496.5 21.6219
-0.030303 -13494.3 33.3446
-0.040404 -13492 45.0752
-0.0505051 -13487.1 56.9966
-0.0606061 -13482.1 68.9269
-0.0707071 -13475.6 80.9985
-0.0808081 -13469 93.0777
-0.0909091 -13461.7 105.245
-0.10101 -13454.4 117.418
-0.111111 -13447 129.642
-0.121212 -13439.6 141.871
-0.131313 -13432.5 154.128
-0.141414 -13425.4 166.388
-0.151515 -13418.9 178.662
-0.161616 -13412.5 190.936
-0.171717 -13406.7 203.212
-0.181818 -13401.1 215.487
-0.191919 -13396.3 227.754
-0.20202 -13391.6 240.017
-0.212121 -13387.5 252.263
-0.222222 -13383.7 264.502
-0.232323 -13380.6 276.716
-0.242424 -13377.6 288.921
-0.252525 -13375.2 301.095
-0.262626 -13373.1 313.256
-0.272727 -13371.4 325.382
-0.282828 -13369.9 337.493
-0.292929 -13368.8 349.564
-0.30303 -13367.9 361.617
-0.313131 -13367.4 373.628
-0.323232 -13366.9 385.619
-0.333333 -13366.8 397.567
-0.343434 -13366.8 409.491
-0.353535 -13367 421.371
-0.363636 -13367.2 433.225
-0.373737 -13367.7 445.034
-0.383838 -13368.2 456.815
-0.393939 -13368.8 468.549
-0.40404 -13369.5 480.253
-0.414141 -13370.3 491.91
-0.424242 -13371.1 503.533
-0.434343 -13371.9 515.109
-0.444444 -13372.8 526.648
-0.454545 -13373.8 538.139
-0.464646 -13374.7 549.59
-0.474747 -13375.6 560.993
-0.484848 -13376.6 572.351
-0.494949 -13377.6 583.66
-0.505051 -13378.5 594.921
-0.515152 -13379.5 606.133
-0.525253 -13380.5 617.291
-0.535354 -13381.4 628.401
-0.545455 -13382.4 639.452
-0.555556 -13383.4 650.453
-0.565657 -13384.3 661.391
-0.575758 -13385.3 672.278
-0.585859 -13386.2 683.097
-0.59596 -13387.1 693.865
-0.606061 -13388.1 704.557
-0.616162 -13389 715.199
-0.626263 -13389.9 725.759
-0.636364 -13390.9 736.268
-0.646465 -13391.8 746.688
-0.656566 -13392.7 757.057
-0.666667 -13393.6 767.33
-0.676768 -13394.5 777.552
-0.686869 -13395.4 787.669
-0.69697 -13396.3 797.737
-0.707071 -13397.2 807.691
-0.717172 -13398.1 817.595
-0.727273 -13399 827.377
-0.737374 -13399.8 837.111
-0.747475 -13400.7 846.712
-0.757576 -13401.5 856.267
-0.767677 -13402.3 865.678
-0.777778 -13403.1 875.045
-0.787879 -13403.9 884.259
-0.79798 -13404.6 893.43
-0.808081 -13405.3 902.437
-0.818182 -13406 911.404
-0.828283 -13406.6 920.197
-0.838384 -13407.2 928.951
-0.848485 -13407.7 937.521
-0.858586 -13408.2 946.056
-0.868687 -13408.6 954.397
-0.878788 -13409 962.707
-0.888889 -13409.3 970.812
-0.89899 -13409.6 978.89
-0.909091 -13409.8 986.756
-0.919192 -13410 994.599
-0.929293 -13410 1002.22
-0.939394 -13410.1 1009.83
-0.949495 -13410.1 1017.22
-0.959596 -13410 1024.6
-0.969697 -13410 1031.77
-0.979798 -13409.9 1038.93
-0.989899 -13409.9 1045.92
-1 -13409.8 1052.91
