0 3648.65 0.000472892
-0.010101 5087.13 12.7118
-0.020202 5066.87 25.4407
-0.030303 5052.47 39.0625
-0.040404 5038.27 52.692
-0.0505051 5028.81 66.5075
-0.0606061 5019.58 80.3351
-0.0707071 5014.07 94.3518
-0.0808081 5008.79 108.381
-0.0909091 5006.32 122.554
-0.10101 5004.08 136.737
-0.111111 5003.88 151.021
-0.121212 5003.88 165.313
-0.131313 5005.28 179.673
-0.141414 5006.83 194.04
-0.151515 5009.29 208.452
-0.161616 5011.85 222.87
-0.171717 5014.93 237.315
-0.181818 5018.06 251.764
-0.191919 5021.42 266.228
-0.20202 5024.78 280.692
-0.212121 5028.17 295.159
-0.222222 5031.53 309.623
-0.232323 5034.77 324.079
-0.242424 5037.95 338.529
-0.252525 5040.93 352.961
-0.262626 5043.82 367.384
-0.272727 5046.47 381.78
-0.282828 5049.01 396.163
-0.292929 5051.3 410.512
-0.30303 5053.48 424.845
-0.313131 5055.4 439.138
-0.323232 5057.2 453.41
-0.333333 5058.78 467.638
-0.343434 5060.24 481.842
-0.353535 5061.5 495.998
-0.363636 5062.65 510.125
-0.373737 5063.63 524.202
-0.383838 5064.51 538.246
-0.393939 5065.24 552.237
-0.40404 5065.9 566.192
-0.414141 5066.44 580.091
-0.424242 5066.91 593.951
-0.434343 5067.28 607.753
-0.444444 5067.61 621.511
-0.454545 5067.86 635.211
-0.464646 5068.07 648.861
-0.474747 5068.24 662.453
-0.484848 5068.37 675.99
-0.494949 5068.47 689.468
-0.505051 5068.55 702.886
-0.515152 5068.61 716.243
-0.525253 5068.65 729.535
-0.535354 5068.69 742.767
-0.545455 5068.73 755.926
-0.555556 5068.76 769.025
-0.565657 5068.8 782.046
-0.575758 5068.84 795.005
-0.585859 5068.89 807.88
-0.59596 5068.95 820.693
-0.606061 5069.02 833.414
-0.616162 5069.11 846.073
-0.626263 5069.21 858.633
-0.636364 5069.33 871.131
-0.646465 5069.48 883.522
-0.656566 5069.64 895.851
-0.666667 5069.84 908.064
-0.676768 5070.05 920.217
-0.686869 5070.29 932.244
-0.69697 5070.56 944.212
-0.707071 5070.86 956.045
-0.717172 5071.18 967.82
-0.727273 5071.55 979.45
-0.737374 5071.94 991.024
-0.747475 5072.39 1002.44
-0.757576 5072.85 1013.81
-0.767677 5073.36 1025.01
-0.777778 5073.9 1036.15
-0.787879 5074.5 1047.12
-0.79798 5075.11 1058.04
-0.808081 5075.79 1068.78
-0.818182 5076.49 1079.47
-0.828283 5077.25 1089.96
-0.838384 5078.02 1100.41
-0.848485 5078.85 1110.66
-0.858586 5079.68 1120.86
-0.868687 5080.57 1130.85
-0.878788 5081.46 1140.8
-0.888889 5082.37 1150.53
-0.89899 5083.29 1160.23
-0.909091 5084.2 1169.7
-0.919192 5085.11 1179.14
-0.929293 5085.97 1188.35
-0.939394 5086.82 1197.54
-0.949495 5087.55 1206.49
-0.959596 5088.28 1215.42
-0.969697 5088.81 1224.14
-0.979798 5089.33 1232.85
-0.989899 5089.54 1241.34
-1 5089.74 1249.83
