0 -21009.1 -0.00188334
-0.010101 -21621.9 -5.09066
-0.020202 -21596.7 -10.1818
-0.030303 -21575.1 -15.4774
-0.040404 -21553.5 -20.7748
-0.0505051 -21535.5 -26.114
-0.0606061 -21517.7 -31.4596
-0.0707071 -21503.2 -36.9052
-0.0808081 -21488.9 -42.3593
-0.0909091 -21477.6 -47.9107
-0.10101 -21466.6 -53.4709
-0.111111 -21458.1 -59.1094
-0.121212 -21450 -64.7562
-0.131313 -21444 -70.4629
-0.141414 -21438.3 -76.1772
-0.151515 -21434.4 -81.9377
-0.161616 -21430.8 -87.7051
-0.171717 -21428.6 -93.5089
-0.181818 -21426.6 -99.3191
-0.191919 -21425.7 -105.158
-0.20202 -21425 -111.003
-0.212121 -21425.1 -116.87
-0.222222 -21425.4 -122.742
-0.232323 -21426.3 -128.63
-0.242424 -21427.2 -134.521
-0.252525 -21428.6 -140.423
-0.262626 -21430.1 -146.325
-0.272727 -21431.7 -152.232
-0.282828 -21433.5 -158.138
-0.292929 -21435.4 -164.042
-0.30303 -21437.3 -169.944
-0.313131 -21439.2 -175.838
-0.323232 -21441.2 -181.727
-0.333333 -21443.1 -187.605
-0.343434 -21445 -193.476
-0.353535 -21446.9 -199.331
-0.363636 -21448.7 -205.177
-0.373737 -21450.5 -211.004
-0.383838 -21452.3 -216.819
-0.393939 -21454 -222.614
-0.40404 -21455.6 -228.393
-0.414141 -21457.2 -234.151
-0.424242 -21458.7 -239.891
-0.434343 -21460.1 -245.607
-0.444444 -21461.5 -251.304
-0.454545 -21462.9 -256.977
-0.464646 -21464.2 -262.627
-0.474747 -21465.5 -268.251
-0.484848 -21466.7 -273.852
-0.494949 -21467.9 -279.426
-0.505051 -21469.1 -284.973
-0.515152 -21470.2 -290.494
-0.525253 -21471.4 -295.985
-0.535354 -21472.5 -301.45
-0.545455 -21473.6 -306.882
-0.555556 -21474.7 -312.288
-0.565657 -21475.8 -317.659
-0.575758 -21476.9 -323.003
-0.585859 -21478 -328.31
-0.59596 -21479.1 -333.59
-0.606061 -21480.3 -338.83
-0.616162 -21481.4 -344.043
-0.626263 -21482.6 -349.212
-0.636364 -21483.8 -354.356
-0.646465 -21485 -359.453
-0.656566 -21486.2 -364.524
-0.666667 -21487.5 -369.545
-0.676768 -21488.8 -374.542
-0.686869 -21490.1 -379.486
-0.69697 -21491.5 -384.405
-0.707071 -21492.9 -389.268
-0.717172 -21494.3 -394.108
-0.727273 -21495.7 -398.889
-0.737374 -21497.2 -403.648
-0.747475 -21498.7 -408.345
-0.757576 -21500.3 -413.02
-0.767677 -21501.9 -417.632
-0.777778 -21503.5 -422.223
-0.787879 -21505.1 -426.747
-0.79798 -21506.8 -431.253
-0.808081 -21508.4 -435.689
-0.818182 -21510.1 -440.109
-0.828283 -21511.8 -444.457
-0.838384 -21513.5 -448.79
-0.848485 -21515.2 -453.05
-0.858586 -21516.9 -457.296
-0.868687 -21518.5 -461.468
-0.878788 -21520.1 -465.628
-0.888889 -21521.7 -469.712
-0.89899 -21523.2 -473.786
-0.909091 -21524.6 -477.783
-0.919192 -21526 -481.772
-0.929293 -21527.3 -485.684
-0.939394 -21528.5 -489.589
-0.949495 -21529.4 -493.42
-0.959596 -21530.4 -497.246
-0.969697 -21531 -501.011
-0.979798 -21531.6 -504.772
-0.989899 -21531.9 -508.426
-1 -21532.1 -512.077
