0 7846.72 0.000825444
-0.010101 9207.88 11.951
-0.020202 9184.96 23.9168
-0.030303 9167.83 36.6892
-0.040404 9150.89 49.4686
-0.0505051 9138.76 62.4174
-0.0606061 9126.89 75.3781
-0.0707071 9118.91 88.5238
-0.0808081 9111.19 101.682
-0.0909091 9106.53 114.986
-0.10101 9102.13 128.301
-0.111111 9100.04 141.72
-0.121212 9098.19 155.149
-0.131313 9098.03 168.649
-0.141414 9098.05 182.158
-0.151515 9099.26 195.716
-0.161616 9100.6 209.281
-0.171717 9102.71 222.878
-0.181818 9104.92 236.48
-0.191919 9107.57 250.101
-0.20202 9110.27 263.724
-0.212121 9113.17 277.355
-0.222222 9116.08 290.985
-0.232323 9119.03 304.612
-0.242424 9121.95 318.234
-0.252525 9124.78 331.844
-0.262626 9127.56 345.446
-0.272727 9130.19 359.026
-0.282828 9132.75 372.595
-0.292929 9135.11 386.135
-0.30303 9137.39 399.66
-0.313131 9139.46 413.15
-0.323232 9141.43 426.621
-0.333333 9143.21 440.052
-0.343434 9144.88 453.46
-0.353535 9146.38 466.824
-0.363636 9147.77 480.161
-0.373737 9149.01 493.451
-0.383838 9150.15 506.711
-0.393939 9151.16 519.921
-0.40404 9152.08 533.096
-0.414141 9152.89 546.219
-0.424242 9153.64 559.304
-0.434343 9154.29 572.335
-0.444444 9154.88 585.324
-0.454545 9155.41 598.257
-0.464646 9155.89 611.144
-0.474747 9156.32 623.974
-0.484848 9156.71 636.753
-0.494949 9157.07 649.475
-0.505051 9157.41 662.139
-0.515152 9157.72 674.747
-0.525253 9158.02 687.292
-0.535354 9158.31 699.779
-0.545455 9158.6 712.198
-0.555556 9158.88 724.558
-0.565657 9159.16 736.845
-0.575758 9159.45 749.073
-0.585859 9159.75 761.221
-0.59596 9160.06 773.309
-0.606061 9160.39 785.311
-0.616162 9160.72 797.254
-0.626263 9161.08 809.102
-0.636364 9161.46 820.892
-0.646465 9161.87 832.58
-0.656566 9162.29 844.21
-0.666667 9162.74 855.729
-0.676768 9163.22 867.192
-0.686869 9163.74 878.535
-0.69697 9164.27 889.823
-0.707071 9164.85 900.983
-0.717172 9165.45 912.088
-0.727273 9166.1 923.056
-0.737374 9166.77 933.972
-0.747475 9167.5 944.741
-0.757576 9168.24 955.46
-0.767677 9169.05 966.023
-0.777778 9169.87 976.537
-0.787879 9170.76 986.886
-0.79798 9171.66 997.189
-0.808081 9172.62 1007.32
-0.818182 9173.59 1017.4
-0.828283 9174.62 1027.31
-0.838384 9175.67 1037.17
-0.848485 9176.75 1046.84
-0.858586 9177.85 1056.48
-0.868687 9178.97 1065.91
-0.878788 9180.1 1075.31
-0.888889 9181.23 1084.51
-0.89899 9182.36 1093.67
-0.909091 9183.46 1102.62
-0.919192 9184.55 1111.55
-0.929293 9185.56 1120.26
-0.939394 9186.55 1128.95
-0.949495 9187.4 1137.43
-0.959596 9188.23 1145.89
-0.969697 9188.83 1154.15
-0.979798 9189.41 1162.4
-0.989899 9189.64 1170.45
-1 9189.86 1178.49
