0 10829.9 0.00125262
-0.010101 12102.9 11.121
-0.020202 12078.5 22.2542
-0.030303 12059.7 34.1097
-0.040404 12041.1 45.9716
-0.0505051 12027.2 57.9846
-0.0606061 12013.6 70.0089
-0.0707071 12004 82.2093
-0.0808081 11994.6 94.422
-0.0909091 11988.4 106.777
-0.10101 11982.5 119.143
-0.111111 11979 131.612
-0.121212 11975.8 144.091
-0.131313 11974.5 156.643
-0.141414 11973.4 169.203
-0.151515 11973.6 181.814
-0.161616 11974 194.432
-0.171717 11975.4 207.084
-0.181818 11976.8 219.742
-0.191919 11978.9 232.421
-0.20202 11981.1 245.103
-0.212121 11983.5 257.796
-0.222222 11986 270.489
-0.232323 11988.7 283.183
-0.242424 11991.4 295.873
-0.252525 11994 308.555
-0.262626 11996.7 321.23
-0.272727 11999.2 333.888
-0.282828 12001.8 346.536
-0.292929 12004.1 359.159
-0.30303 12006.4 371.769
-0.313131 12008.6 384.347
-0.323232 12010.6 396.909
-0.333333 12012.5 409.434
-0.343434 12014.3 421.938
-0.353535 12016 434.402
-0.363636 12017.5 446.842
-0.373737 12018.9 459.238
-0.383838 12020.2 471.606
-0.393939 12021.4 483.927
-0.40404 12022.5 496.216
-0.414141 12023.5 508.457
-0.424242 12024.5 520.662
-0.434343 12025.3 532.817
-0.444444 12026.1 544.932
-0.454545 12026.8 556.996
-0.464646 12027.5 569.015
-0.474747 12028.1 580.982
-0.484848 12028.7 592.899
-0.494949 12029.2 604.764
-0.505051 12029.7 616.576
-0.515152 12030.2 628.333
-0.525253 12030.7 640.032
-0.535354 12031.2 651.677
-0.545455 12031.6 663.257
-0.555556 12032.1 674.784
-0.565657 12032.6 686.24
-0.575758 12033 697.642
-0.585859 12033.5 708.968
-0.59596 12034 720.239
-0.606061 12034.5 731.428
-0.616162 12035 742.563
-0.626263 12035.5 753.609
-0.636364 12036.1 764.6
-0.646465 12036.7 775.496
-0.656566 12037.3 786.338
-0.666667 12037.9 797.076
-0.676768 12038.6 807.761
-0.686869 12039.3 818.336
-0.69697 12040 828.858
-0.707071 12040.8 839.261
-0.717172 12041.6 849.613
-0.727273 12042.4 859.838
-0.737374 12043.3 870.013
-0.747475 12044.2 880.053
-0.757576 12045.1 890.045
-0.767677 12046.1 899.893
-0.777778 12047.1 909.696
-0.787879 12048.2 919.347
-0.79798 12049.3 928.954
-0.808081 12050.5 938.401
-0.818182 12051.6 947.807
-0.828283 12052.8 957.045
-0.838384 12054.1 966.246
-0.848485 12055.3 975.27
-0.858586 12056.6 984.26
-0.868687 12057.8 993.067
-0.878788 12059.1 1001.84
-0.888889 12060.4 1010.43
-0.89899 12061.7 1018.99
-0.909091 12062.9 1027.35
-0.919192 12064.1 1035.69
-0.929293 12065.2 1043.83
-0.939394 12066.2 1051.96
-0.949495 12067.2 1059.89
-0.959596 12068 1067.8
-0.969697 12068.7 1075.53
-0.979798 12069.3 1083.26
-0.989899 12069.5 1090.79
-1 12069.8 1098.31
