0 9855.52 0.00109011
-0.010101 11160.7 11.4243
-0.020202 11136.7 22.8617
-0.030303 11118.4 35.0505
-0.040404 11100.3 47.2459
-0.0505051 11087 59.598
-0.0606061 11074 71.9615
-0.0707071 11064.9 84.5038
-0.0808081 11056.1 97.0584
-0.0909091 11050.4 109.756
-0.10101 11044.9 122.465
-0.111111 11041.9 135.276
-0.121212 11039.2 148.098
-0.131313 11038.2 160.991
-0.141414 11037.5 173.893
-0.151515 11038.1 186.845
-0.161616 11038.8 199.803
-0.171717 11040.4 212.795
-0.181818 11042.1 225.792
-0.191919 11044.4 238.809
-0.20202 11046.7 251.829
-0.212121 11049.4 264.859
-0.222222 11052 277.888
-0.232323 11054.8 290.916
-0.242424 11057.5 303.941
-0.252525 11060.3 316.955
-0.262626 11063 329.962
-0.272727 11065.6 342.951
-0.282828 11068.1 355.929
-0.292929 11070.5 368.881
-0.30303 11072.8 381.818
-0.313131 11074.9 394.723
-0.323232 11076.9 407.611
-0.333333 11078.8 420.461
-0.343434 11080.5 433.289
-0.353535 11082.1 446.076
-0.363636 11083.6 458.837
-0.373737 11085 471.554
-0.383838 11086.3 484.241
-0.393939 11087.4 496.881
-0.40404 11088.4 509.488
-0.414141 11089.4 522.046
-0.424242 11090.2 534.566
-0.434343 11091 547.036
-0.444444 11091.8 559.464
-0.454545 11092.4 571.84
-0.464646 11093 584.17
-0.474747 11093.6 596.447
-0.484848 11094.1 608.674
-0.494949 11094.6 620.847
-0.505051 11095 632.965
-0.515152 11095.5 645.027
-0.525253 11095.9 657.03
-0.535354 11096.3 668.978
-0.545455 11096.7 680.859
-0.555556 11097.1 692.685
-0.565657 11097.5 704.44
-0.575758 11097.9 716.139
-0.585859 11098.3 727.76
-0.59596 11098.8 739.325
-0.606061 11099.2 750.806
-0.616162 11099.7 762.231
-0.626263 11100.1 773.565
-0.636364 11100.6 784.844
-0.646465 11101.2 796.024
-0.656566 11101.7 807.149
-0.666667 11102.3 818.168
-0.676768 11102.9 829.133
-0.686869 11103.5 839.983
-0.69697 11104.2 850.78
-0.707071 11104.9 861.455
-0.717172 11105.6 872.078
-0.727273 11106.4 882.57
-0.737374 11107.2 893.011
-0.747475 11108 903.313
-0.757576 11108.9 913.566
-0.767677 11109.9 923.671
-0.777778 11110.8 933.729
-0.787879 11111.8 943.631
-0.79798 11112.9 953.488
-0.808081 11113.9 963.18
-0.818182 11115 972.83
-0.828283 11116.2 982.306
-0.838384 11117.4 991.745
-0.848485 11118.6 1001
-0.858586 11119.8 1010.22
-0.868687 11121 1019.25
-0.878788 11122.2 1028.26
-0.888889 11123.4 1037.06
-0.89899 11124.7 1045.84
-0.909091 11125.8 1054.41
-0.919192 11127 1062.96
-0.929293 11128.1 1071.31
-0.939394 11129.1 1079.63
-0.949495 11130 1087.76
-0.959596 11130.9 1095.87
-0.969697 11131.5 1103.79
-0.979798 11132.1 1111.71
-0.989899 11132.4 1119.42
-1 11132.6 1127.13
