0 23631.4 0.00253892
-0.010101 23556.7 -1.05044
-0.020202 23537.5 -2.11113
-0.030303 23519.3 -3.43486
-0.040404 23501.1 -4.76099
-0.0505051 23484.4 -6.14429
-0.0606061 23467.9 -7.5268
-0.0707071 23453.3 -8.89674
-0.0808081 23438.9 -10.2636
-0.0909091 23426.4 -11.5949
-0.10101 23414.2 -12.922
-0.111111 23404 -14.2115
-0.121212 23394.1 -15.4963
-0.131313 23385.9 -16.7473
-0.141414 23378.1 -17.9934
-0.151515 23371.9 -19.2097
-0.161616 23366 -20.4207
-0.171717 23361.5 -21.604
-0.181818 23357.3 -22.7816
-0.191919 23354.3 -23.9326
-0.20202 23351.5 -25.0771
-0.212121 23349.7 -26.1961
-0.222222 23348.2 -27.3081
-0.232323 23347.4 -28.3959
-0.242424 23346.7 -29.4765
-0.252525 23346.7 -30.5348
-0.262626 23346.8 -31.5861
-0.272727 23347.4 -32.6175
-0.282828 23348.1 -33.6423
-0.292929 23349 -34.65
-0.30303 23350.1 -35.6516
-0.313131 23351.4 -36.639
-0.323232 23352.8 -37.6209
-0.333333 23354.2 -38.5913
-0.343434 23355.8 -39.5571
-0.353535 23357.3 -40.5136
-0.363636 23358.9 -41.4662
-0.373737 23360.6 -42.4117
-0.383838 23362.2 -43.3538
-0.393939 23363.8 -44.2905
-0.40404 23365.5 -45.2243
-0.414141 23367.1 -46.154
-0.424242 23368.7 -47.0812
-0.434343 23370.2 -48.0052
-0.444444 23371.8 -48.9272
-0.454545 23373.3 -49.8465
-0.464646 23374.7 -50.764
-0.474747 23376.2 -51.6793
-0.484848 23377.6 -52.5928
-0.494949 23379.1 -53.5044
-0.505051 23380.4 -54.4141
-0.515152 23381.8 -55.3221
-0.525253 23383.2 -56.228
-0.535354 23384.5 -57.1322
-0.545455 23385.9 -58.0341
-0.555556 23387.2 -58.934
-0.565657 23388.5 -59.8314
-0.575758 23389.8 -60.7266
-0.585859 23391.2 -61.6188
-0.59596 23392.5 -62.5087
-0.606061 23393.8 -63.3948
-0.616162 23395.2 -64.2784
-0.626263 23396.6 -65.1574
-0.636364 23397.9 -66.0337
-0.646465 23399.3 -66.9045
-0.656566 23400.8 -67.7722
-0.666667 23402.2 -68.6332
-0.676768 23403.7 -69.4909
-0.686869 23405.1 -70.3405
-0.69697 23406.6 -71.1864
-0.707071 23408.2 -72.0226
-0.717172 23409.7 -72.8547
-0.727273 23411.3 -73.6752
-0.737374 23412.9 -74.4912
-0.747475 23414.5 -75.2934
-0.757576 23416.1 -76.0908
-0.767677 23417.8 -76.8719
-0.777778 23419.4 -77.6477
-0.787879 23421.1 -78.4044
-0.79798 23422.7 -79.1557
-0.808081 23424.4 -79.8846
-0.818182 23426 -80.6079
-0.828283 23427.7 -81.3055
-0.838384 23429.3 -81.9975
-0.848485 23430.9 -82.6603
-0.858586 23432.5 -83.3176
-0.868687 23434 -83.9423
-0.878788 23435.4 -84.5617
-0.888889 23436.8 -85.1451
-0.89899 23438.2 -85.7237
-0.909091 23439.4 -86.2633
-0.919192 23440.6 -86.7986
-0.929293 23441.6 -87.2924
-0.939394 23442.6 -87.7827
-0.949495 23443.3 -88.2291
-0.959596 23444.1 -88.6728
-0.969697 23444.5 -89.0696
-0.979798 23445 -89.4645
-0.989899 23445.1 -89.8638
-1 23445.3 -90.2632
