0 19633.3 0.00168035
-0.010101 20394.6 6.43252
-0.020202 20368.8 12.8681
-0.030303 20347.1 19.6164
-0.040404 20325.5 26.3674
-0.0505051 20307.8 33.183
-0.0606061 20290.2 40.0062
-0.0707071 20276.2 46.9473
-0.0808081 20262.5 53.898
-0.0909091 20251.8 60.9575
-0.10101 20241.5 68.0266
-0.111111 20233.8 75.1811
-0.121212 20226.4 82.3444
-0.131313 20221.1 89.5719
-0.141414 20216.2 96.8073
-0.151515 20213 104.091
-0.161616 20210 111.382
-0.171717 20208.5 118.71
-0.181818 20207.1 126.044
-0.191919 20206.8 133.407
-0.20202 20206.6 140.775
-0.212121 20207.2 148.163
-0.222222 20207.9 155.556
-0.232323 20209.2 162.962
-0.242424 20210.5 170.37
-0.252525 20212.2 177.784
-0.262626 20213.9 185.199
-0.272727 20215.8 192.613
-0.282828 20217.8 200.024
-0.292929 20219.8 207.43
-0.30303 20221.8 214.83
-0.313131 20223.9 222.218
-0.323232 20225.9 229.599
-0.333333 20227.9 236.963
-0.343434 20229.8 244.316
-0.353535 20231.7 251.649
-0.363636 20233.6 258.969
-0.373737 20235.3 266.266
-0.383838 20237.1 273.546
-0.393939 20238.7 280.8
-0.40404 20240.3 288.035
-0.414141 20241.8 295.243
-0.424242 20243.2 302.428
-0.434343 20244.6 309.585
-0.444444 20245.9 316.717
-0.454545 20247.2 323.818
-0.464646 20248.4 330.892
-0.474747 20249.6 337.934
-0.484848 20250.7 344.947
-0.494949 20251.8 351.927
-0.505051 20252.9 358.875
-0.515152 20254 365.789
-0.525253 20255 372.668
-0.535354 20256 379.513
-0.545455 20257.1 386.32
-0.555556 20258.1 393.093
-0.565657 20259.1 399.823
-0.575758 20260.1 406.521
-0.585859 20261.1 413.172
-0.59596 20262.1 419.79
-0.606061 20263.2 426.359
-0.616162 20264.2 432.894
-0.626263 20265.3 439.376
-0.636364 20266.4 445.825
-0.646465 20267.5 452.216
-0.656566 20268.7 458.576
-0.666667 20269.9 464.874
-0.676768 20271.1 471.14
-0.686869 20272.3 477.341
-0.69697 20273.6 483.511
-0.707071 20274.9 489.611
-0.717172 20276.2 495.681
-0.727273 20277.6 501.677
-0.737374 20279 507.645
-0.747475 20280.5 513.535
-0.757576 20282 519.397
-0.767677 20283.5 525.178
-0.777778 20285 530.932
-0.787879 20286.6 536.602
-0.79798 20288.2 542.247
-0.808081 20289.8 547.802
-0.818182 20291.4 553.336
-0.828283 20293.1 558.777
-0.838384 20294.7 564.198
-0.848485 20296.4 569.524
-0.858586 20298 574.831
-0.868687 20299.6 580.04
-0.878788 20301.3 585.233
-0.888889 20302.8 590.326
-0.89899 20304.3 595.405
-0.909091 20305.7 600.381
-0.919192 20307.1 605.345
-0.929293 20308.4 610.207
-0.939394 20309.6 615.059
-0.949495 20310.6 619.811
-0.959596 20311.5 624.556
-0.969697 20312.2 629.214
-0.979798 20312.8 633.868
-0.989899 20313.1 638.393
-1 20313.3 642.916
