0 -23101 -0.00227392
-0.010101 -22727.6 3.69464
-0.020202 -22712.4 7.40283
-0.030303 -22697 11.5618
-0.040404 -22681.5 15.7249
-0.0505051 -22666.7 19.9844
-0.0606061 -22651.9 24.2457
-0.0707071 -22638.3 28.5338
-0.0808081 -22624.8 32.8213
-0.0909091 -22612.8 37.103
-0.10101 -22601 41.3828
-0.111111 -22590.7 45.6453
-0.121212 -22580.6 49.9051
-0.131313 -22572.1 54.145
-0.141414 -22563.9 58.3815
-0.151515 -22557.2 62.5973
-0.161616 -22550.7 66.8088
-0.171717 -22545.5 70.9985
-0.181818 -22540.6 75.1829
-0.191919 -22536.9 79.3437
-0.20202 -22533.4 83.4981
-0.212121 -22530.9 87.6272
-0.222222 -22528.6 91.7488
-0.232323 -22527.1 95.8442
-0.242424 -22525.8 99.9312
-0.252525 -22525.2 103.992
-0.262626 -22524.7 108.044
-0.272727 -22524.7 112.07
-0.282828 -22524.9 116.086
-0.292929 -22525.4 120.079
-0.30303 -22526 124.061
-0.313131 -22526.9 128.021
-0.323232 -22527.9 131.972
-0.333333 -22529.1 135.901
-0.343434 -22530.3 139.821
-0.353535 -22531.6 143.721
-0.363636 -22533 147.611
-0.373737 -22534.5 151.484
-0.383838 -22535.9 155.346
-0.393939 -22537.4 159.192
-0.40404 -22538.9 163.028
-0.414141 -22540.4 166.848
-0.424242 -22541.9 170.656
-0.434343 -22543.4 174.45
-0.444444 -22544.9 178.233
-0.454545 -22546.4 182
-0.464646 -22547.8 185.756
-0.474747 -22549.3 189.497
-0.484848 -22550.7 193.225
-0.494949 -22552.1 196.938
-0.505051 -22553.5 200.637
-0.515152 -22554.9 204.322
-0.525253 -22556.2 207.992
-0.535354 -22557.6 211.646
-0.545455 -22558.9 215.284
-0.555556 -22560.3 218.907
-0.565657 -22561.6 222.511
-0.575758 -22562.9 226.1
-0.585859 -22564.2 229.669
-0.59596 -22565.6 233.222
-0.606061 -22566.9 236.753
-0.616162 -22568.3 240.268
-0.626263 -22569.6 243.758
-0.636364 -22571 247.232
-0.646465 -22572.4 250.678
-0.656566 -22573.8 254.109
-0.666667 -22575.2 257.508
-0.676768 -22576.6 260.892
-0.686869 -22578 264.241
-0.69697 -22579.5 267.575
-0.707071 -22581 270.87
-0.717172 -22582.5 274.15
-0.727273 -22584 277.387
-0.737374 -22585.5 280.608
-0.747475 -22587 283.784
-0.757576 -22588.6 286.943
-0.767677 -22590.1 290.051
-0.777778 -22591.7 293.143
-0.787879 -22593.2 296.179
-0.79798 -22594.8 299.2
-0.808081 -22596.3 302.159
-0.818182 -22597.8 305.103
-0.828283 -22599.3 307.98
-0.838384 -22600.8 310.843
-0.848485 -22602.2 313.634
-0.858586 -22603.7 316.411
-0.868687 -22605 319.11
-0.878788 -22606.3 321.797
-0.888889 -22607.5 324.401
-0.89899 -22608.7 326.993
-0.909091 -22609.7 329.498
-0.919192 -22610.7 331.994
-0.929293 -22611.5 334.398
-0.939394 -22612.4 336.795
-0.949495 -22613 339.099
-0.959596 -22613.6 341.397
-0.969697 -22613.9 343.603
-0.979798 -22614.3 345.804
-0.989899 -22614.4 347.966
-1 -22614.5 350.126
