0 -10345.4 -0.00119592
-0.010101 -11634.8 -11.2729
-0.020202 -11610.6 -22.5585
-0.030303 -11592.1 -34.5816
-0.040404 -11573.7 -46.6112
-0.0505051 -11560.2 -58.7955
-0.0606061 -11546.8 -70.9912
-0.0707071 -11537.4 -83.365
-0.0808081 -11528.3 -95.7513
-0.0909091 -11522.4 -108.281
-0.10101 -11516.7 -120.822
-0.111111 -11513.5 -133.466
-0.121212 -11510.5 -146.12
-0.131313 -11509.4 -158.847
-0.141414 -11508.4 -171.583
-0.151515 -11508.8 -184.369
-0.161616 -11509.4 -197.163
-0.171717 -11510.9 -209.991
-0.181818 -11512.5 -222.823
-0.191919 -11514.6 -235.678
-0.20202 -11516.9 -248.535
-0.212121 -11519.4 -261.403
-0.222222 -11522 -274.271
-0.232323 -11524.7 -287.138
-0.242424 -11527.4 -300.003
-0.252525 -11530.1 -312.858
-0.262626 -11532.8 -325.707
-0.272727 -11535.4 -338.537
-0.282828 -11537.9 -351.358
-0.292929 -11540.3 -364.153
-0.30303 -11542.6 -376.934
-0.313131 -11544.7 -389.684
-0.323232 -11546.8 -402.416
-0.333333 -11548.6 -415.112
-0.343434 -11550.4 -427.786
-0.353535 -11552 -440.42
-0.363636 -11553.5 -453.028
-0.373737 -11554.9 -465.593
-0.383838 -11556.2 -478.128
-0.393939 -11557.4 -490.617
-0.40404 -11558.4 -503.074
-0.414141 -11559.4 -515.481
-0.424242 -11560.3 -527.852
-0.434343 -11561.1 -540.172
-0.444444 -11561.9 -552.452
-0.454545 -11562.6 -564.68
-0.464646 -11563.2 -576.863
-0.474747 -11563.8 -588.993
-0.484848 -11564.3 -601.073
-0.494949 -11564.8 -613.1
-0.505051 -11565.3 -625.072
-0.515152 -11565.8 -636.99
-0.525253 -11566.3 -648.849
-0.535354 -11566.7 -660.653
-0.545455 -11567.1 -672.392
-0.555556 -11567.6 -684.076
-0.565657 -11568 -695.69
-0.575758 -11568.4 -707.248
-0.585859 -11568.9 -718.729
-0.59596 -11569.3 -730.155
-0.606061 -11569.8 -741.498
-0.616162 -11570.3 -752.785
-0.626263 -11570.8 -763.983
-0.636364 -11571.3 -775.125
-0.646465 -11571.9 -786.171
-0.656566 -11572.4 -797.161
-0.666667 -11573.1 -808.048
-0.676768 -11573.7 -818.88
-0.686869 -11574.4 -829.6
-0.69697 -11575 -840.267
-0.707071 -11575.8 -850.813
-0.717172 -11576.5 -861.308
-0.727273 -11577.4 -871.673
-0.737374 -11578.2 -881.989
-0.747475 -11579.1 -892.167
-0.757576 -11580 -902.297
-0.767677 -11581 -912.281
-0.777778 -11581.9 -922.218
-0.787879 -11583 -932.001
-0.79798 -11584 -941.741
-0.808081 -11585.2 -951.317
-0.818182 -11586.3 -960.853
-0.828283 -11587.5 -970.217
-0.838384 -11588.7 -979.543
-0.848485 -11589.9 -988.691
-0.858586 -11591.1 -997.804
-0.868687 -11592.4 -1006.73
-0.878788 -11593.6 -1015.63
-0.888889 -11594.9 -1024.33
-0.89899 -11596.1 -1033
-0.909091 -11597.3 -1041.48
-0.919192 -11598.5 -1049.93
-0.929293 -11599.6 -1058.18
-0.939394 -11600.7 -1066.42
-0.949495 -11601.5 -1074.45
-0.959596 -11602.4 -1082.47
-0.969697 -11603.1 -1090.3
-0.979798 -11603.7 -1098.13
-0.989899 -11603.9 -1105.76
-1 -11604.1 -1113.38
