0 -17278.7 -0.00161282
-0.010101 -18230.7 -8.1636
-0.020202 -18204.7 -16.3333
-0.030303 -18183.3 -24.9603
-0.040404 -18162.1 -33.5912
-0.0505051 -18145.1 -42.3176
-0.0606061 -18128.4 -51.0529
-0.0707071 -18115.5 -59.9291
-0.0808081 -18102.8 -68.8161
-0.0909091 -18093.3 -77.8263
-0.10101 -18084.1 -86.847
-0.111111 -18077.6 -95.9617
-0.121212 -18071.4 -105.086
-0.131313 -18067.3 -114.279
-0.141414 -18063.5 -123.48
-0.151515 -18061.3 -132.733
-0.161616 -18059.4 -141.992
-0.171717 -18058.7 -151.289
-0.181818 -18058.2 -160.593
-0.191919 -18058.7 -169.923
-0.20202 -18059.3 -179.258
-0.212121 -18060.5 -188.612
-0.222222 -18061.9 -197.968
-0.232323 -18063.6 -207.333
-0.242424 -18065.4 -216.7
-0.252525 -18067.5 -226.068
-0.262626 -18069.5 -235.434
-0.272727 -18071.7 -244.794
-0.282828 -18073.9 -254.149
-0.292929 -18076.1 -263.492
-0.30303 -18078.3 -272.827
-0.313131 -18080.4 -282.143
-0.323232 -18082.5 -291.448
-0.333333 -18084.5 -300.73
-0.343434 -18086.5 -309.998
-0.353535 -18088.4 -319.238
-0.363636 -18090.2 -328.461
-0.373737 -18091.8 -337.653
-0.383838 -18093.5 -346.825
-0.393939 -18095 -355.963
-0.40404 -18096.5 -365.078
-0.414141 -18097.9 -374.157
-0.424242 -18099.2 -383.209
-0.434343 -18100.4 -392.224
-0.444444 -18101.6 -401.209
-0.454545 -18102.7 -410.155
-0.464646 -18103.8 -419.068
-0.474747 -18104.8 -427.941
-0.484848 -18105.8 -436.778
-0.494949 -18106.8 -445.574
-0.505051 -18107.7 -454.33
-0.515152 -18108.6 -463.045
-0.525253 -18109.5 -471.716
-0.535354 -18110.3 -480.346
-0.545455 -18111.2 -488.927
-0.555556 -18112.1 -497.467
-0.565657 -18112.9 -505.954
-0.575758 -18113.8 -514.4
-0.585859 -18114.6 -522.789
-0.59596 -18115.5 -531.137
-0.606061 -18116.4 -539.422
-0.616162 -18117.3 -547.667
-0.626263 -18118.2 -555.845
-0.636364 -18119.2 -563.982
-0.646465 -18120.2 -572.047
-0.656566 -18121.2 -580.072
-0.666667 -18122.2 -588.02
-0.676768 -18123.3 -595.928
-0.686869 -18124.4 -603.754
-0.69697 -18125.5 -611.541
-0.707071 -18126.7 -619.24
-0.717172 -18127.9 -626.902
-0.727273 -18129.1 -634.469
-0.737374 -18130.4 -642.001
-0.747475 -18131.7 -649.433
-0.757576 -18133 -656.83
-0.767677 -18134.4 -664.122
-0.777778 -18135.8 -671.382
-0.787879 -18137.3 -678.531
-0.79798 -18138.7 -685.65
-0.808081 -18140.2 -692.653
-0.818182 -18141.8 -699.627
-0.828283 -18143.3 -706.481
-0.838384 -18144.9 -713.309
-0.848485 -18146.4 -720.011
-0.858586 -18148 -726.69
-0.868687 -18149.6 -733.239
-0.878788 -18151.1 -739.768
-0.888889 -18152.6 -746.163
-0.89899 -18154.1 -752.54
-0.909091 -18155.5 -758.781
-0.919192 -18156.8 -765.006
-0.929293 -18158.1 -771.093
-0.939394 -18159.3 -777.168
-0.949495 -18160.3 -783.108
-0.959596 -18161.2 -789.039
-0.969697 -18161.9 -794.85
-0.979798 -18162.5 -800.656
-0.989899 -18162.8 -806.305
-1 -18163 -811.951
