0 21703.2 0.00222322
-0.010101 22222.8 4.25695
-0.020202 22198.2 8.51236
-0.030303 22176.7 12.9052
-0.040404 22155.4 17.2992
-0.0505051 22137.3 21.72
-0.0606061 22119.4 26.1464
-0.0707071 22104.7 30.6606
-0.0808081 22090.2 35.1825
-0.0909091 22078.6 39.7933
-0.10101 22067.2 44.4121
-0.111111 22058.4 49.1038
-0.121212 22049.8 53.8032
-0.131313 22043.5 58.5591
-0.141414 22037.4 63.322
-0.151515 22033.1 68.1289
-0.161616 22029.1 72.9425
-0.171717 22026.5 77.7912
-0.181818 22024.1 82.6461
-0.191919 22022.9 87.5297
-0.20202 22021.9 92.419
-0.212121 22021.8 97.3313
-0.222222 22021.8 102.248
-0.232323 22022.4 107.183
-0.242424 22023.1 112.121
-0.252525 22024.3 117.071
-0.262626 22025.6 122.023
-0.272727 22027.2 126.981
-0.282828 22028.8 131.939
-0.292929 22030.5 136.899
-0.30303 22032.3 141.856
-0.313131 22034.2 146.81
-0.323232 22036.1 151.76
-0.333333 22038 156.701
-0.343434 22039.9 161.637
-0.353535 22041.8 166.561
-0.363636 22043.6 171.477
-0.373737 22045.4 176.378
-0.383838 22047.2 181.269
-0.393939 22048.9 186.143
-0.40404 22050.5 191.004
-0.414141 22052.1 195.847
-0.424242 22053.7 200.675
-0.434343 22055.2 205.484
-0.444444 22056.6 210.275
-0.454545 22058 215.045
-0.464646 22059.4 219.797
-0.474747 22060.7 224.527
-0.484848 22062 229.236
-0.494949 22063.2 233.923
-0.505051 22064.4 238.586
-0.515152 22065.6 243.227
-0.525253 22066.8 247.843
-0.535354 22068 252.436
-0.545455 22069.2 257.002
-0.555556 22070.3 261.545
-0.565657 22071.5 266.058
-0.575758 22072.6 270.548
-0.585859 22073.8 275.006
-0.59596 22074.9 279.442
-0.606061 22076.1 283.843
-0.616162 22077.3 288.221
-0.626263 22078.5 292.563
-0.636364 22079.8 296.882
-0.646465 22081 301.162
-0.656566 22082.3 305.42
-0.666667 22083.6 309.636
-0.676768 22085 313.83
-0.686869 22086.3 317.981
-0.69697 22087.7 322.111
-0.707071 22089.2 326.194
-0.717172 22090.6 330.257
-0.727273 22092.1 334.271
-0.737374 22093.6 338.266
-0.747475 22095.2 342.209
-0.757576 22096.8 346.135
-0.767677 22098.4 350.008
-0.777778 22100 353.864
-0.787879 22101.7 357.665
-0.79798 22103.4 361.45
-0.808081 22105.1 365.179
-0.818182 22106.8 368.894
-0.828283 22108.5 372.552
-0.838384 22110.2 376.196
-0.848485 22111.9 379.782
-0.858586 22113.6 383.357
-0.868687 22115.2 386.872
-0.878788 22116.8 390.378
-0.888889 22118.4 393.823
-0.89899 22119.9 397.26
-0.909091 22121.3 400.636
-0.919192 22122.7 404.005
-0.929293 22123.9 407.314
-0.939394 22125.1 410.618
-0.949495 22126.1 413.863
-0.959596 22127 417.106
-0.969697 22127.6 420.3
-0.979798 22128.2 423.493
-0.989899 22128.4 426.592
-1 22128.7 429.69
