0 -15729.3 -0.00160266
-0.010101 -16779.7 -9.06273
-0.020202 -16753.8 -18.1332
-0.030303 -16732.9 -27.7381
-0.040404 -16712.1 -37.3478
-0.0505051 -16695.8 -47.069
-0.0606061 -16679.8 -56.8
-0.0707071 -16667.5 -66.683
-0.0808081 -16655.6 -76.5773
-0.0909091 -16646.9 -86.6014
-0.10101 -16638.5 -96.6364
-0.111111 -16632.7 -106.769
-0.121212 -16627.3 -116.911
-0.131313 -16623.9 -127.124
-0.141414 -16620.7 -137.345
-0.151515 -16619.2 -147.618
-0.161616 -16617.9 -157.898
-0.171717 -16617.8 -168.215
-0.181818 -16617.8 -178.538
-0.191919 -16618.7 -188.888
-0.20202 -16619.8 -199.241
-0.212121 -16621.3 -209.611
-0.222222 -16623 -219.983
-0.232323 -16625 -230.362
-0.242424 -16627.1 -240.741
-0.252525 -16629.3 -251.118
-0.262626 -16631.6 -261.492
-0.272727 -16633.9 -271.858
-0.282828 -16636.2 -282.217
-0.292929 -16638.5 -292.56
-0.30303 -16640.7 -302.893
-0.313131 -16642.9 -313.204
-0.323232 -16645 -323.503
-0.333333 -16647 -333.774
-0.343434 -16648.9 -344.029
-0.353535 -16650.7 -354.253
-0.363636 -16652.5 -364.458
-0.373737 -16654.1 -374.627
-0.383838 -16655.7 -384.774
-0.393939 -16657.2 -394.884
-0.40404 -16658.5 -404.967
-0.414141 -16659.8 -415.011
-0.424242 -16661.1 -425.025
-0.434343 -16662.2 -434.999
-0.444444 -16663.3 -444.939
-0.454545 -16664.3 -454.836
-0.464646 -16665.3 -464.697
-0.474747 -16666.2 -474.515
-0.484848 -16667.1 -484.292
-0.494949 -16668 -494.024
-0.505051 -16668.8 -503.712
-0.515152 -16669.6 -513.356
-0.525253 -16670.4 -522.95
-0.535354 -16671.1 -532.5
-0.545455 -16671.9 -541.996
-0.555556 -16672.7 -551.447
-0.565657 -16673.4 -560.84
-0.575758 -16674.2 -570.188
-0.585859 -16675 -579.473
-0.59596 -16675.7 -588.712
-0.606061 -16676.5 -597.884
-0.616162 -16677.4 -607.01
-0.626263 -16678.2 -616.062
-0.636364 -16679 -625.07
-0.646465 -16679.9 -633.998
-0.656566 -16680.8 -642.882
-0.666667 -16681.8 -651.681
-0.676768 -16682.7 -660.437
-0.686869 -16683.7 -669.101
-0.69697 -16684.8 -677.722
-0.707071 -16685.8 -686.245
-0.717172 -16686.9 -694.727
-0.727273 -16688.1 -703.105
-0.737374 -16689.3 -711.443
-0.747475 -16690.5 -719.671
-0.757576 -16691.7 -727.86
-0.767677 -16693 -735.932
-0.777778 -16694.3 -743.967
-0.787879 -16695.7 -751.88
-0.79798 -16697.1 -759.758
-0.808081 -16698.5 -767.507
-0.818182 -16700 -775.223
-0.828283 -16701.4 -782.805
-0.838384 -16702.9 -790.357
-0.848485 -16704.4 -797.769
-0.858586 -16705.9 -805.154
-0.868687 -16707.4 -812.394
-0.878788 -16708.9 -819.609
-0.888889 -16710.4 -826.675
-0.89899 -16711.8 -833.719
-0.909091 -16713.2 -840.61
-0.919192 -16714.5 -847.483
-0.929293 -16715.7 -854.2
-0.939394 -16716.9 -860.903
-0.949495 -16717.9 -867.452
-0.959596 -16718.8 -873.991
-0.969697 -16719.5 -880.393
-0.979798 -16720.1 -886.789
-0.989899 -16720.4 -893.015
-1 -16720.6 -899.236
