0 -19929.7 -0.00170397
-0.010101 -20662 -6.16978
-0.020202 -20636.4 -12.3422
-0.030303 -20614.6 -18.8059
-0.040404 -20593 -25.2722
-0.0505051 -20575.2 -31.7987
-0.0606061 -20557.6 -38.3325
-0.0707071 -20543.5 -44.981
-0.0808081 -20529.6 -51.6387
-0.0909091 -20518.8 -58.4032
-0.10101 -20508.3 -65.1771
-0.111111 -20500.5 -72.0352
-0.121212 -20492.9 -78.902
-0.131313 -20487.5 -85.8323
-0.141414 -20482.4 -92.7705
-0.151515 -20479.1 -99.7567
-0.161616 -20476 -106.75
-0.171717 -20474.3 -113.78
-0.181818 -20472.8 -120.817
-0.191919 -20472.3 -127.882
-0.20202 -20472.1 -134.953
-0.212121 -20472.6 -142.045
-0.222222 -20473.2 -149.14
-0.232323 -20474.4 -156.25
-0.242424 -20475.6 -163.363
-0.252525 -20477.2 -170.482
-0.262626 -20478.9 -177.602
-0.272727 -20480.8 -184.722
-0.282828 -20482.7 -191.84
-0.292929 -20484.7 -198.953
-0.30303 -20486.7 -206.061
-0.313131 -20488.7 -213.159
-0.323232 -20490.8 -220.249
-0.333333 -20492.7 -227.323
-0.343434 -20494.7 -234.388
-0.353535 -20496.6 -241.434
-0.363636 -20498.4 -248.466
-0.373737 -20500.2 -255.477
-0.383838 -20501.9 -262.472
-0.393939 -20503.6 -269.442
-0.40404 -20505.2 -276.394
-0.414141 -20506.7 -283.319
-0.424242 -20508.1 -290.224
-0.434343 -20509.5 -297.1
-0.444444 -20510.9 -303.953
-0.454545 -20512.2 -310.776
-0.464646 -20513.4 -317.573
-0.474747 -20514.6 -324.34
-0.484848 -20515.8 -331.078
-0.494949 -20516.9 -337.785
-0.505051 -20518 -344.46
-0.515152 -20519.1 -351.103
-0.525253 -20520.1 -357.712
-0.535354 -20521.2 -364.29
-0.545455 -20522.2 -370.829
-0.555556 -20523.2 -377.336
-0.565657 -20524.3 -383.803
-0.575758 -20525.3 -390.237
-0.585859 -20526.3 -396.627
-0.59596 -20527.4 -402.985
-0.606061 -20528.4 -409.295
-0.616162 -20529.5 -415.574
-0.626263 -20530.6 -421.801
-0.636364 -20531.7 -427.996
-0.646465 -20532.9 -434.137
-0.656566 -20534 -440.246
-0.666667 -20535.2 -446.296
-0.676768 -20536.5 -452.315
-0.686869 -20537.7 -458.272
-0.69697 -20539 -464.199
-0.707071 -20540.4 -470.059
-0.717172 -20541.7 -475.891
-0.727273 -20543.1 -481.651
-0.737374 -20544.5 -487.384
-0.747475 -20546 -493.042
-0.757576 -20547.5 -498.675
-0.767677 -20549 -504.228
-0.777778 -20550.6 -509.757
-0.787879 -20552.2 -515.204
-0.79798 -20553.8 -520.628
-0.808081 -20555.4 -525.967
-0.818182 -20557 -531.285
-0.828283 -20558.7 -536.514
-0.838384 -20560.4 -541.724
-0.848485 -20562 -546.843
-0.858586 -20563.7 -551.945
-0.868687 -20565.3 -556.953
-0.878788 -20566.9 -561.946
-0.888889 -20568.5 -566.844
-0.89899 -20570 -571.728
-0.909091 -20571.4 -576.515
-0.919192 -20572.8 -581.291
-0.929293 -20574 -585.968
-0.939394 -20575.3 -590.638
-0.949495 -20576.2 -595.211
-0.959596 -20577.2 -599.779
-0.969697 -20577.8 -604.265
-0.979798 -20578.5 -608.747
-0.989899 -20578.7 -613.104
-1 -20578.9 -617.458
