0 -12926.8 -0.00159859
-0.010101 -11663.2 11.4385
-0.020202 -11667.2 22.8987
-0.030303 -11666.9 35.2829
-0.040404 -11666.5 47.6748
-0.0505051 -11663.1 60.2544
-0.0606061 -11659.6 72.8433
-0.0707071 -11654.3 85.5764
-0.0808081 -11648.9 98.3175
-0.0909091 -11642.5 111.15
-0.10101 -11636 123.989
-0.111111 -11629.2 136.883
-0.121212 -11622.4 149.78
-0.131313 -11615.7 162.71
-0.141414 -11609 175.641
-0.151515 -11602.7 188.589
-0.161616 -11596.5 201.538
-0.171717 -11590.9 214.492
-0.181818 -11585.3 227.444
-0.191919 -11580.4 240.39
-0.20202 -11575.7 253.333
-0.212121 -11571.6 266.261
-0.222222 -11567.7 279.182
-0.232323 -11564.4 292.08
-0.242424 -11561.3 304.968
-0.252525 -11558.8 317.827
-0.262626 -11556.4 330.673
-0.272727 -11554.6 343.483
-0.282828 -11552.9 356.279
-0.292929 -11551.7 369.034
-0.30303 -11550.6 381.771
-0.313131 -11549.9 394.466
-0.323232 -11549.3 407.139
-0.333333 -11549 419.768
-0.343434 -11548.8 432.373
-0.353535 -11548.9 444.932
-0.363636 -11549.1 457.464
-0.373737 -11549.4 469.949
-0.383838 -11549.8 482.405
-0.393939 -11550.3 494.813
-0.40404 -11550.9 507.188
-0.414141 -11551.6 519.515
-0.424242 -11552.3 531.807
-0.434343 -11553.1 544.049
-0.444444 -11554 556.253
-0.454545 -11554.8 568.407
-0.464646 -11555.7 580.519
-0.474747 -11556.6 592.581
-0.484848 -11557.5 604.596
-0.494949 -11558.4 616.561
-0.505051 -11559.4 628.475
-0.515152 -11560.3 640.338
-0.525253 -11561.2 652.146
-0.535354 -11562.1 663.903
-0.545455 -11563.1 675.598
-0.555556 -11564 687.243
-0.565657 -11564.9 698.821
-0.575758 -11565.8 710.347
-0.585859 -11566.7 721.801
-0.59596 -11567.6 733.202
-0.606061 -11568.4 744.525
-0.616162 -11569.3 755.796
-0.626263 -11570.2 766.981
-0.636364 -11571 778.113
-0.646465 -11571.9 789.153
-0.656566 -11572.7 800.14
-0.666667 -11573.6 811.026
-0.676768 -11574.4 821.86
-0.686869 -11575.2 832.584
-0.69697 -11576 843.256
-0.707071 -11576.8 853.81
-0.717172 -11577.6 864.313
-0.727273 -11578.4 874.688
-0.737374 -11579.1 885.013
-0.747475 -11579.9 895.2
-0.757576 -11580.6 905.338
-0.767677 -11581.3 915.328
-0.777778 -11581.9 925.27
-0.787879 -11582.6 935.054
-0.79798 -11583.2 944.792
-0.808081 -11583.7 954.36
-0.818182 -11584.3 963.886
-0.828283 -11584.8 973.231
-0.838384 -11585.2 982.536
-0.848485 -11585.6 991.649
-0.858586 -11586 1000.73
-0.868687 -11586.2 1009.6
-0.878788 -11586.5 1018.44
-0.888889 -11586.6 1027.07
-0.89899 -11586.8 1035.67
-0.909091 -11586.8 1044.05
-0.919192 -11586.9 1052.41
-0.929293 -11586.8 1060.54
-0.939394 -11586.8 1068.65
-0.949495 -11586.7 1076.53
-0.959596 -11586.6 1084.4
-0.969697 -11586.4 1092.06
-0.979798 -11586.3 1099.71
-0.989899 -11586.2 1107.17
-1 -11586.2 1114.62
