0 15922.5 0.00188056
-0.010101 14794.7 -10.2695
-0.020202 14794.6 -20.5604
-0.030303 14790.9 -31.7237
-0.040404 14787.1 -42.8947
-0.0505051 14781 -54.2509
-0.0606061 14774.9 -65.6156
-0.0707071 14767.5 -77.1125
-0.0808081 14760 -88.6163
-0.0909091 14752.1 -100.2
-0.10101 14744.1 -111.789
-0.111111 14736.2 -123.424
-0.121212 14728.4 -135.062
-0.131313 14720.9 -146.724
-0.141414 14713.6 -158.389
-0.151515 14706.9 -170.064
-0.161616 14700.3 -181.739
-0.171717 14694.5 -193.414
-0.181818 14688.9 -205.087
-0.191919 14684 -216.751
-0.20202 14679.3 -228.41
-0.212121 14675.4 -240.051
-0.222222 14671.7 -251.685
-0.232323 14668.6 -263.294
-0.242424 14665.8 -274.893
-0.252525 14663.6 -286.461
-0.262626 14661.5 -298.017
-0.272727 14660 -309.538
-0.282828 14658.6 -321.044
-0.292929 14657.7 -332.511
-0.30303 14656.9 -343.961
-0.313131 14656.5 -355.371
-0.323232 14656.3 -366.761
-0.333333 14656.3 -378.108
-0.343434 14656.4 -389.434
-0.353535 14656.7 -400.717
-0.363636 14657.1 -411.976
-0.373737 14657.7 -423.191
-0.383838 14658.3 -434.38
-0.393939 14659 -445.525
-0.40404 14659.8 -456.64
-0.414141 14660.7 -467.711
-0.424242 14661.6 -478.75
-0.434343 14662.5 -489.744
-0.444444 14663.5 -500.703
-0.454545 14664.5 -511.617
-0.464646 14665.5 -522.492
-0.474747 14666.5 -533.323
-0.484848 14667.6 -544.111
-0.494949 14668.6 -554.853
-0.505051 14669.7 -565.549
-0.515152 14670.7 -576.199
-0.525253 14671.7 -586.798
-0.535354 14672.7 -597.351
-0.545455 14673.8 -607.849
-0.555556 14674.8 -618.299
-0.565657 14675.8 -628.69
-0.575758 14676.8 -639.033
-0.585859 14677.8 -649.31
-0.59596 14678.8 -659.54
-0.606061 14679.8 -669.699
-0.616162 14680.8 -679.809
-0.626263 14681.8 -689.842
-0.636364 14682.8 -699.827
-0.646465 14683.8 -709.727
-0.656566 14684.8 -719.579
-0.666667 14685.8 -729.339
-0.676768 14686.8 -739.052
-0.686869 14687.7 -748.665
-0.69697 14688.7 -758.231
-0.707071 14689.7 -767.688
-0.717172 14690.7 -777.1
-0.727273 14691.6 -786.394
-0.737374 14692.6 -795.642
-0.747475 14693.5 -804.765
-0.757576 14694.5 -813.843
-0.767677 14695.4 -822.785
-0.777778 14696.3 -831.684
-0.787879 14697.1 -840.437
-0.79798 14698 -849.15
-0.808081 14698.8 -857.706
-0.818182 14699.6 -866.223
-0.828283 14700.3 -874.574
-0.838384 14701 -882.889
-0.848485 14701.6 -891.027
-0.858586 14702.2 -899.132
-0.868687 14702.8 -907.051
-0.878788 14703.3 -914.94
-0.888889 14703.7 -922.634
-0.89899 14704.1 -930.301
-0.909091 14704.3 -937.765
-0.919192 14704.6 -945.207
-0.929293 14704.7 -952.44
-0.939394 14704.9 -959.655
-0.949495 14704.9 -966.662
-0.959596 14705 -973.655
-0.969697 14705 -980.451
-0.979798 14704.9 -987.239
-0.989899 14704.9 -993.866
-1 14704.9 -1000.49
