0 18167.1 0.00214072
-0.010101 17178.7 -9.06928
-0.020202 17175.1 -18.159
-0.030303 17168.5 -28.0515
-0.040404 17161.8 -37.9511
-0.0505051 17153.5 -48.0212
-0.0606061 17145 -58.0985
-0.0707071 17135.9 -68.2876
-0.0808081 17126.8 -78.4822
-0.0909091 17117.6 -88.7391
-0.10101 17108.4 -98.9997
-0.111111 17099.7 -109.292
-0.121212 17091.1 -119.587
-0.131313 17083.1 -129.897
-0.141414 17075.3 -140.207
-0.151515 17068.4 -150.521
-0.161616 17061.6 -160.834
-0.171717 17055.8 -171.141
-0.181818 17050.1 -181.446
-0.191919 17045.3 -191.737
-0.20202 17040.8 -202.023
-0.212121 17037 -212.289
-0.222222 17033.5 -222.548
-0.232323 17030.7 -232.78
-0.242424 17028.2 -243.003
-0.252525 17026.2 -253.194
-0.262626 17024.5 -263.374
-0.272727 17023.3 -273.519
-0.282828 17022.2 -283.65
-0.292929 17021.6 -293.745
-0.30303 17021.2 -303.824
-0.313131 17021 -313.865
-0.323232 17021 -323.887
-0.333333 17021.3 -333.872
-0.343434 17021.7 -343.836
-0.353535 17022.3 -353.762
-0.363636 17022.9 -363.666
-0.373737 17023.7 -373.531
-0.383838 17024.6 -383.372
-0.393939 17025.5 -393.175
-0.40404 17026.5 -402.951
-0.414141 17027.5 -412.689
-0.424242 17028.6 -422.398
-0.434343 17029.7 -432.068
-0.444444 17030.8 -441.707
-0.454545 17032 -451.307
-0.464646 17033.1 -460.873
-0.474747 17034.3 -470.4
-0.484848 17035.5 -479.89
-0.494949 17036.6 -489.339
-0.505051 17037.8 -498.749
-0.515152 17038.9 -508.119
-0.525253 17040.1 -517.444
-0.535354 17041.2 -526.729
-0.545455 17042.3 -535.966
-0.555556 17043.5 -545.162
-0.565657 17044.6 -554.305
-0.575758 17045.7 -563.407
-0.585859 17046.8 -572.452
-0.59596 17048 -581.455
-0.606061 17049.1 -590.396
-0.616162 17050.2 -599.295
-0.626263 17051.3 -608.126
-0.636364 17052.4 -616.915
-0.646465 17053.5 -625.63
-0.656566 17054.6 -634.303
-0.666667 17055.8 -642.895
-0.676768 17056.9 -651.445
-0.686869 17058 -659.908
-0.69697 17059.1 -668.33
-0.707071 17060.3 -676.656
-0.717172 17061.4 -684.941
-0.727273 17062.5 -693.123
-0.737374 17063.6 -701.265
-0.747475 17064.8 -709.295
-0.757576 17065.9 -717.286
-0.767677 17067 -725.156
-0.777778 17068 -732.989
-0.787879 17069.1 -740.691
-0.79798 17070.1 -748.358
-0.808081 17071.1 -755.885
-0.818182 17072.1 -763.378
-0.828283 17073.1 -770.722
-0.838384 17074 -778.034
-0.848485 17074.8 -785.188
-0.858586 17075.6 -792.312
-0.868687 17076.4 -799.27
-0.878788 17077.1 -806.2
-0.888889 17077.7 -812.955
-0.89899 17078.3 -819.686
-0.909091 17078.7 -826.234
-0.919192 17079.2 -832.763
-0.929293 17079.5 -839.103
-0.939394 17079.8 -845.427
-0.949495 17080 -851.563
-0.959596 17080.2 -857.687
-0.969697 17080.2 -863.631
-0.979798 17080.3 -869.568
-0.989899 17080.3 -875.367
-1 17080.3 -881.163
