0 -23621.9 -0.00265313
-0.010101 -23513.7 1.35292
-0.020202 -23494.9 2.71672
-0.030303 -23476.9 4.36397
-0.040404 -23459 6.01373
-0.0505051 -23442.5 7.72352
-0.0606061 -23426.1 9.4327
-0.0707071 -23411.6 11.1322
-0.0808081 -23397.2 12.8287
-0.0909091 -23384.8 14.4916
-0.10101 -23372.6 16.1504
-0.111111 -23362.4 17.7724
-0.121212 -23352.4 19.39
-0.131313 -23344.2 20.9741
-0.141414 -23336.3 22.5533
-0.151515 -23330 24.1027
-0.161616 -23324 25.6467
-0.171717 -23319.4 27.1629
-0.181818 -23315.1 28.6732
-0.191919 -23312 30.1566
-0.20202 -23309.2 31.6334
-0.212121 -23307.3 33.084
-0.222222 -23305.6 34.5276
-0.232323 -23304.7 35.9461
-0.242424 -23304 37.3574
-0.252525 -23303.9 38.7455
-0.262626 -23304 40.1263
-0.272727 -23304.5 41.4863
-0.282828 -23305.1 42.8394
-0.292929 -23306 44.1744
-0.30303 -23307.1 45.5028
-0.313131 -23308.3 46.816
-0.323232 -23309.6 48.1234
-0.333333 -23311.1 49.4181
-0.343434 -23312.5 50.7075
-0.353535 -23314.1 51.9867
-0.363636 -23315.7 53.2613
-0.373737 -23317.3 54.5276
-0.383838 -23318.9 55.7899
-0.393939 -23320.5 57.0455
-0.40404 -23322.1 58.2975
-0.414141 -23323.7 59.5441
-0.424242 -23325.3 60.7875
-0.434343 -23326.9 62.0263
-0.444444 -23328.4 63.2622
-0.454545 -23329.9 64.4942
-0.464646 -23331.4 65.7232
-0.474747 -23332.9 66.9488
-0.484848 -23334.3 68.1715
-0.494949 -23335.7 69.3909
-0.505051 -23337.1 70.6072
-0.515152 -23338.5 71.8203
-0.525253 -23339.9 73.03
-0.535354 -23341.2 74.2366
-0.545455 -23342.6 75.4393
-0.555556 -23343.9 76.6388
-0.565657 -23345.2 77.834
-0.575758 -23346.6 79.0256
-0.585859 -23347.9 80.2123
-0.59596 -23349.2 81.3954
-0.606061 -23350.6 82.5726
-0.616162 -23351.9 83.7459
-0.626263 -23353.3 84.9125
-0.636364 -23354.7 86.0749
-0.646465 -23356.1 87.2294
-0.656566 -23357.5 88.3794
-0.666667 -23358.9 89.5201
-0.676768 -23360.4 90.6561
-0.686869 -23361.9 91.7812
-0.69697 -23363.4 92.9012
-0.707071 -23364.9 94.0085
-0.717172 -23366.5 95.1104
-0.727273 -23368 96.1973
-0.737374 -23369.6 97.2785
-0.747475 -23371.2 98.3423
-0.757576 -23372.9 99.4001
-0.767677 -23374.5 100.438
-0.777778 -23376.1 101.469
-0.787879 -23377.8 102.477
-0.79798 -23379.5 103.478
-0.808081 -23381.1 104.453
-0.818182 -23382.8 105.421
-0.828283 -23384.4 106.359
-0.838384 -23386 107.29
-0.848485 -23387.6 108.187
-0.858586 -23389.1 109.078
-0.868687 -23390.6 109.931
-0.878788 -23392.1 110.777
-0.888889 -23393.4 111.583
-0.89899 -23394.8 112.383
-0.909091 -23396 113.138
-0.919192 -23397.2 113.889
-0.929293 -23398.1 114.592
-0.939394 -23399.1 115.291
-0.949495 -23399.9 115.941
-0.959596 -23400.6 116.587
-0.969697 -23401 117.182
-0.979798 -23401.5 117.774
-0.989899 -23401.6 118.365
-1 -23401.8 118.957
