0 -13161.8 -0.00146043
-0.010101 -14342.8 -10.2647
-0.020202 -14317.5 -20.5396
-0.030303 -14297.6 -31.4566
-0.040404 -14277.9 -42.3792
-0.0505051 -14262.8 -53.4363
-0.0606061 -14247.9 -64.5041
-0.0707071 -14237 -75.7386
-0.0808081 -14226.4 -86.9851
-0.0909091 -14219 -98.3694
-0.10101 -14211.9 -109.765
-0.111111 -14207.4 -121.262
-0.121212 -14203.1 -132.769
-0.131313 -14200.8 -144.349
-0.141414 -14198.8 -155.937
-0.151515 -14198.2 -167.577
-0.161616 -14197.8 -179.223
-0.171717 -14198.5 -190.907
-0.181818 -14199.3 -202.595
-0.191919 -14200.9 -214.308
-0.20202 -14202.5 -226.024
-0.212121 -14204.6 -237.754
-0.222222 -14206.8 -249.485
-0.232323 -14209.2 -261.22
-0.242424 -14211.6 -272.953
-0.252525 -14214.1 -284.68
-0.262626 -14216.5 -296.403
-0.272727 -14219 -308.112
-0.282828 -14221.4 -319.813
-0.292929 -14223.8 -331.493
-0.30303 -14226.1 -343.161
-0.313131 -14228.2 -354.802
-0.323232 -14230.3 -366.427
-0.333333 -14232.3 -378.021
-0.343434 -14234.2 -389.596
-0.353535 -14235.9 -401.134
-0.363636 -14237.6 -412.65
-0.373737 -14239.1 -424.126
-0.383838 -14240.5 -435.576
-0.393939 -14241.8 -446.984
-0.40404 -14243.1 -458.361
-0.414141 -14244.2 -469.695
-0.424242 -14245.3 -480.995
-0.434343 -14246.3 -492.248
-0.444444 -14247.2 -503.465
-0.454545 -14248.1 -514.634
-0.464646 -14248.9 -525.761
-0.474747 -14249.7 -536.84
-0.484848 -14250.4 -547.874
-0.494949 -14251.1 -558.858
-0.505051 -14251.7 -569.792
-0.515152 -14252.4 -580.676
-0.525253 -14253 -591.506
-0.535354 -14253.6 -602.285
-0.545455 -14254.2 -613.005
-0.555556 -14254.8 -623.674
-0.565657 -14255.4 -634.278
-0.575758 -14256 -644.831
-0.585859 -14256.6 -655.313
-0.59596 -14257.3 -665.745
-0.606061 -14257.9 -676.101
-0.616162 -14258.6 -686.405
-0.626263 -14259.2 -696.628
-0.636364 -14259.9 -706.799
-0.646465 -14260.7 -716.882
-0.656566 -14261.4 -726.915
-0.666667 -14262.2 -736.852
-0.676768 -14263 -746.739
-0.686869 -14263.8 -756.524
-0.69697 -14264.7 -766.261
-0.707071 -14265.6 -775.887
-0.717172 -14266.6 -785.466
-0.727273 -14267.5 -794.928
-0.737374 -14268.6 -804.344
-0.747475 -14269.6 -813.635
-0.757576 -14270.7 -822.882
-0.767677 -14271.8 -831.997
-0.777778 -14273 -841.07
-0.787879 -14274.2 -850.002
-0.79798 -14275.5 -858.895
-0.808081 -14276.7 -867.641
-0.818182 -14278 -876.35
-0.828283 -14279.4 -884.904
-0.838384 -14280.7 -893.424
-0.848485 -14282.1 -901.783
-0.858586 -14283.5 -910.111
-0.868687 -14284.9 -918.272
-0.878788 -14286.3 -926.405
-0.888889 -14287.6 -934.364
-0.89899 -14289 -942.299
-0.909091 -14290.3 -950.056
-0.919192 -14291.5 -957.793
-0.929293 -14292.7 -965.348
-0.939394 -14293.8 -972.888
-0.949495 -14294.8 -980.249
-0.959596 -14295.7 -987.598
-0.969697 -14296.4 -994.786
-0.979798 -14297 -1001.97
-0.989899 -14297.2 -1008.96
-1 -14297.5 -1015.95
