0 411.83 3.66173e-05
-0.010101 1876.69 12.9938
-0.020202 1858.85 26.0065
-0.030303 1846.81 39.9603
-0.040404 1834.97 53.9224
-0.0505051 1827.7 68.0826
-0.0606061 1820.65 82.255
-0.0707071 1817.09 96.6189
-0.0808081 1813.75 110.995
-0.0909091 1812.97 125.513
-0.10101 1812.38 140.042
-0.111111 1813.59 154.668
-0.121212 1814.95 169.303
-0.131313 1817.49 184.002
-0.141414 1820.14 198.709
-0.151515 1823.47 213.458
-0.161616 1826.87 228.211
-0.171717 1830.6 242.991
-0.181818 1834.34 257.773
-0.191919 1838.15 272.566
-0.20202 1841.93 287.36
-0.212121 1845.6 302.153
-0.222222 1849.21 316.942
-0.232323 1852.59 331.72
-0.242424 1855.89 346.492
-0.252525 1858.9 361.242
-0.262626 1861.8 375.982
-0.272727 1864.4 390.692
-0.282828 1866.87 405.388
-0.292929 1869.04 420.047
-0.30303 1871.09 434.689
-0.313131 1872.85 449.289
-0.323232 1874.49 463.867
-0.333333 1875.88 478.398
-0.343434 1877.14 492.904
-0.353535 1878.19 507.361
-0.363636 1879.14 521.787
-0.373737 1879.9 536.162
-0.383838 1880.56 550.502
-0.393939 1881.08 564.789
-0.40404 1881.52 579.038
-0.414141 1881.84 593.23
-0.424242 1882.1 607.381
-0.434343 1882.27 621.475
-0.444444 1882.38 635.522
-0.454545 1882.43 649.511
-0.464646 1882.45 663.448
-0.474747 1882.41 677.326
-0.484848 1882.35 691.149
-0.494949 1882.26 704.911
-0.505051 1882.15 718.611
-0.515152 1882.02 732.251
-0.525253 1881.89 745.824
-0.535354 1881.75 759.335
-0.545455 1881.6 772.773
-0.555556 1881.46 786.149
-0.565657 1881.32 799.445
-0.575758 1881.18 812.68
-0.585859 1881.05 825.827
-0.59596 1880.93 838.912
-0.606061 1880.83 851.904
-0.616162 1880.74 864.832
-0.626263 1880.66 877.659
-0.636364 1880.6 890.423
-0.646465 1880.56 903.077
-0.656566 1880.53 915.67
-0.666667 1880.54 928.143
-0.676768 1880.55 940.554
-0.686869 1880.6 952.837
-0.69697 1880.67 965.06
-0.707071 1880.77 977.144
-0.717172 1880.89 989.17
-0.727273 1881.06 1001.05
-0.737374 1881.24 1012.87
-0.747475 1881.47 1024.53
-0.757576 1881.71 1036.13
-0.767677 1882.02 1047.56
-0.777778 1882.33 1058.95
-0.787879 1882.72 1070.15
-0.79798 1883.11 1081.3
-0.808081 1883.57 1092.25
-0.818182 1884.05 1103.16
-0.828283 1884.6 1113.87
-0.838384 1885.16 1124.54
-0.848485 1885.78 1134.99
-0.858586 1886.41 1145.4
-0.868687 1887.1 1155.59
-0.878788 1887.8 1165.74
-0.888889 1888.54 1175.66
-0.89899 1889.28 1185.55
-0.909091 1890.04 1195.2
-0.919192 1890.8 1204.82
-0.929293 1891.52 1214.2
-0.939394 1892.25 1223.56
-0.949495 1892.89 1232.67
-0.959596 1893.53 1241.77
-0.969697 1894 1250.64
-0.979798 1894.47 1259.5
-0.989899 1894.65 1268.15
-1 1894.83 1276.78
