0 22109.1 0.00166028
-0.010101 22565.2 3.68356
-0.020202 22541 7.3658
-0.030303 22519.7 11.1414
-0.040404 22498.6 14.9178
-0.0505051 22480.5 18.7123
-0.0606061 22462.6 22.5118
-0.0707071 22447.8 26.3918
-0.0808081 22433.1 30.279
-0.0909091 22421.3 34.2501
-0.10101 22409.8 38.2289
-0.111111 22400.7 42.2775
-0.121212 22391.9 46.3336
-0.131313 22385.3 50.4442
-0.141414 22379 54.5618
-0.151515 22374.4 58.7223
-0.161616 22370.1 62.8894
-0.171717 22367.3 67.0913
-0.181818 22364.7 71.2995
-0.191919 22363.3 75.5366
-0.20202 22362.1 79.7795
-0.212121 22361.7 84.0459
-0.222222 22361.6 88.3176
-0.232323 22362 92.6076
-0.242424 22362.6 96.9018
-0.252525 22363.7 101.209
-0.262626 22364.8 105.519
-0.272727 22366.3 109.837
-0.282828 22367.8 114.156
-0.292929 22369.5 118.478
-0.30303 22371.2 122.799
-0.313131 22373.1 127.118
-0.323232 22374.9 131.434
-0.333333 22376.8 135.744
-0.343434 22378.6 140.05
-0.353535 22380.5 144.346
-0.363636 22382.3 148.635
-0.373737 22384.1 152.912
-0.383838 22385.9 157.18
-0.393939 22387.6 161.434
-0.40404 22389.2 165.677
-0.414141 22390.8 169.903
-0.424242 22392.4 174.117
-0.434343 22393.9 178.313
-0.444444 22395.4 182.495
-0.454545 22396.8 186.658
-0.464646 22398.2 190.804
-0.474747 22399.5 194.931
-0.484848 22400.9 199.04
-0.494949 22402.1 203.129
-0.505051 22403.4 207.197
-0.515152 22404.6 211.246
-0.525253 22405.8 215.272
-0.535354 22407 219.278
-0.545455 22408.2 223.26
-0.555556 22409.4 227.221
-0.565657 22410.6 231.156
-0.575758 22411.8 235.071
-0.585859 22413 238.957
-0.59596 22414.2 242.824
-0.606061 22415.4 246.66
-0.616162 22416.6 250.476
-0.626263 22417.8 254.26
-0.636364 22419.1 258.024
-0.646465 22420.4 261.753
-0.656566 22421.7 265.463
-0.666667 22423 269.137
-0.676768 22424.4 272.792
-0.686869 22425.8 276.408
-0.69697 22427.2 280.006
-0.707071 22428.7 283.563
-0.717172 22430.1 287.103
-0.727273 22431.7 290.601
-0.737374 22433.2 294.082
-0.747475 22434.8 297.518
-0.757576 22436.4 300.94
-0.767677 22438 304.315
-0.777778 22439.7 307.677
-0.787879 22441.4 310.991
-0.79798 22443 314.292
-0.808081 22444.8 317.545
-0.818182 22446.5 320.787
-0.828283 22448.2 323.979
-0.838384 22449.9 327.161
-0.848485 22451.6 330.294
-0.858586 22453.3 333.418
-0.868687 22454.9 336.492
-0.878788 22456.5 339.558
-0.888889 22458.1 342.574
-0.89899 22459.6 345.583
-0.909091 22461 348.543
-0.919192 22462.4 351.497
-0.929293 22463.6 354.401
-0.939394 22464.8 357.302
-0.949495 22465.7 360.155
-0.959596 22466.6 363.006
-0.969697 22467.2 365.82
-0.979798 22467.8 368.633
-0.989899 22468 371.361
-1 22468.2 374.087
