0 -23305.1 -0.00239501
-0.010101 -22997.1 3.11658
-0.020202 -22981 6.24612
-0.030303 -22964.8 9.78616
-0.040404 -22948.7 13.3299
-0.0505051 -22933.4 16.9617
-0.0606061 -22918.2 20.5947
-0.0707071 -22904.3 24.2458
-0.0808081 -22890.6 27.8957
-0.0909091 -22878.4 31.5332
-0.10101 -22866.4 35.1682
-0.111111 -22856.2 38.7813
-0.121212 -22846.1 42.3913
-0.131313 -22837.7 45.9782
-0.141414 -22829.5 49.5613
-0.151515 -22822.8 53.1216
-0.161616 -22816.4 56.6774
-0.171717 -22811.4 60.21
-0.181818 -22806.6 63.7372
-0.191919 -22803.1 67.2399
-0.20202 -22799.7 70.7363
-0.212121 -22797.3 74.2072
-0.222222 -22795.2 77.6707
-0.232323 -22793.9 81.1083
-0.242424 -22792.7 84.5379
-0.252525 -22792.2 87.9418
-0.262626 -22791.9 91.3372
-0.272727 -22792 94.7081
-0.282828 -22792.3 98.0702
-0.292929 -22792.9 101.41
-0.30303 -22793.7 104.74
-0.313131 -22794.6 108.05
-0.323232 -22795.7 111.35
-0.333333 -22797 114.632
-0.343434 -22798.3 117.905
-0.353535 -22799.7 121.162
-0.363636 -22801.1 124.409
-0.373737 -22802.6 127.641
-0.383838 -22804.1 130.864
-0.393939 -22805.6 134.073
-0.40404 -22807.2 137.274
-0.414141 -22808.7 140.461
-0.424242 -22810.2 143.639
-0.434343 -22811.7 146.805
-0.444444 -22813.2 149.961
-0.454545 -22814.7 153.106
-0.464646 -22816.2 156.24
-0.474747 -22817.6 159.362
-0.484848 -22819.1 162.474
-0.494949 -22820.5 165.575
-0.505051 -22821.9 168.663
-0.515152 -22823.3 171.741
-0.525253 -22824.6 174.805
-0.535354 -22826 177.858
-0.545455 -22827.3 180.897
-0.555556 -22828.7 183.924
-0.565657 -22830 186.936
-0.575758 -22831.3 189.935
-0.585859 -22832.7 192.918
-0.59596 -22834 195.889
-0.606061 -22835.3 198.84
-0.616162 -22836.7 201.78
-0.626263 -22838.1 204.698
-0.636364 -22839.4 207.604
-0.646465 -22840.8 210.486
-0.656566 -22842.2 213.356
-0.666667 -22843.6 216.2
-0.676768 -22845.1 219.031
-0.686869 -22846.5 221.833
-0.69697 -22848 224.622
-0.707071 -22849.5 227.38
-0.717172 -22851 230.123
-0.727273 -22852.5 232.832
-0.737374 -22854.1 235.527
-0.747475 -22855.6 238.183
-0.757576 -22857.2 240.825
-0.767677 -22858.8 243.424
-0.777778 -22860.4 246.009
-0.787879 -22862 248.546
-0.79798 -22863.5 251.07
-0.808081 -22865.1 253.541
-0.818182 -22866.7 255.999
-0.828283 -22868.2 258.399
-0.838384 -22869.7 260.787
-0.848485 -22871.2 263.111
-0.858586 -22872.6 265.424
-0.868687 -22874 267.669
-0.878788 -22875.4 269.903
-0.888889 -22876.6 272.064
-0.89899 -22877.8 274.215
-0.909091 -22878.9 276.29
-0.919192 -22880 278.356
-0.929293 -22880.8 280.341
-0.939394 -22881.7 282.32
-0.949495 -22882.3 284.217
-0.959596 -22883 286.108
-0.969697 -22883.4 287.917
-0.979798 -22883.7 289.722
-0.989899 -22883.9 291.497
-1 -22884 293.272
