0 23631.4 0.00253892
-0.010101 23556.7 -1.05017
-0.020202 23537.5 -2.11059
-0.030303 23519.3 -3.4341
-0.040404 23501.1 -4.75999
-0.0505051 23484.5 -6.14314
-0.0606061 23467.9 -7.52549
-0.0707071 23453.3 -8.89533
-0.0808081 23438.9 -10.2621
-0.0909091 23426.4 -11.5934
-0.10101 23414.2 -12.9205
-0.111111 23404 -14.2099
-0.121212 23394.1 -15.4948
-0.131313 23385.9 -16.7459
-0.141414 23378.1 -17.9921
-0.151515 23371.9 -19.2085
-0.161616 23366 -20.4196
-0.171717 23361.5 -21.6032
-0.181818 23357.3 -22.7809
-0.191919 23354.3 -23.9321
-0.20202 23351.5 -25.0769
-0.212121 23349.7 -26.1961
-0.222222 23348.2 -27.3085
-0.232323 23347.4 -28.3965
-0.242424 23346.7 -29.4775
-0.252525 23346.7 -30.5362
-0.262626 23346.8 -31.5878
-0.272727 23347.4 -32.6196
-0.282828 23348.1 -33.6448
-0.292929 23349.1 -34.6529
-0.30303 23350.1 -35.655
-0.313131 23351.4 -36.6428
-0.323232 23352.8 -37.6252
-0.333333 23354.2 -38.5961
-0.343434 23355.8 -39.5623
-0.353535 23357.3 -40.5194
-0.363636 23358.9 -41.4725
-0.373737 23360.6 -42.4185
-0.383838 23362.2 -43.3611
-0.393939 23363.8 -44.2983
-0.40404 23365.5 -45.2327
-0.414141 23367.1 -46.1629
-0.424242 23368.7 -47.0907
-0.434343 23370.2 -48.0152
-0.444444 23371.8 -48.9377
-0.454545 23373.3 -49.8576
-0.464646 23374.8 -50.7756
-0.474747 23376.2 -51.6914
-0.484848 23377.7 -52.6055
-0.494949 23379.1 -53.5176
-0.505051 23380.5 -54.4279
-0.515152 23381.8 -55.3364
-0.525253 23383.2 -56.2429
-0.535354 23384.5 -57.1476
-0.545455 23385.9 -58.05
-0.555556 23387.2 -58.9505
-0.565657 23388.5 -59.8484
-0.575758 23389.9 -60.7442
-0.585859 23391.2 -61.6368
-0.59596 23392.5 -62.5272
-0.606061 23393.9 -63.4138
-0.616162 23395.2 -64.2979
-0.626263 23396.6 -65.1775
-0.636364 23398 -66.0542
-0.646465 23399.4 -66.9255
-0.656566 23400.8 -67.7936
-0.666667 23402.2 -68.6552
-0.676768 23403.7 -69.5132
-0.686869 23405.2 -70.3633
-0.69697 23406.7 -71.2096
-0.707071 23408.2 -72.0463
-0.717172 23409.7 -72.8788
-0.727273 23411.3 -73.6997
-0.737374 23412.9 -74.5162
-0.747475 23414.5 -75.3188
-0.757576 23416.1 -76.1166
-0.767677 23417.8 -76.898
-0.777778 23419.4 -77.6743
-0.787879 23421.1 -78.4313
-0.79798 23422.7 -79.183
-0.808081 23424.4 -79.9122
-0.818182 23426.1 -80.6359
-0.828283 23427.7 -81.3339
-0.838384 23429.3 -82.0263
-0.848485 23430.9 -82.6895
-0.858586 23432.5 -83.3471
-0.868687 23434 -83.9722
-0.878788 23435.5 -84.5919
-0.888889 23436.8 -85.1757
-0.89899 23438.2 -85.7546
-0.909091 23439.4 -86.2946
-0.919192 23440.6 -86.8303
-0.929293 23441.6 -87.3245
-0.939394 23442.6 -87.8151
-0.949495 23443.3 -88.2619
-0.959596 23444.1 -88.7059
-0.969697 23444.5 -89.1032
-0.979798 23445 -89.4984
-0.989899 23445.2 -89.8981
-1 23445.3 -90.2979
