0 1213.34 0.000160994
-0.010101 -254.339 -13.0446
-0.020202 -237.846 -26.1089
-0.030303 -227.085 -40.1309
-0.040404 -216.509 -54.1614
-0.0505051 -210.392 -68.3938
-0.0606061 -204.489 -82.6384
-0.0707071 -201.938 -97.0734
-0.0808081 -199.596 -111.52
-0.0909091 -199.669 -126.107
-0.10101 -199.926 -140.704
-0.111111 -201.831 -155.395
-0.121212 -203.879 -170.095
-0.131313 -206.967 -184.857
-0.141414 -210.149 -199.626
-0.151515 -213.905 -214.436
-0.161616 -217.705 -229.25
-0.171717 -221.733 -244.087
-0.181818 -225.757 -258.927
-0.191919 -229.767 -273.777
-0.20202 -233.731 -288.626
-0.212121 -237.519 -303.473
-0.222222 -241.228 -318.316
-0.232323 -244.663 -333.147
-0.242424 -247.995 -347.97
-0.252525 -251.004 -362.77
-0.262626 -253.893 -377.56
-0.272727 -256.446 -392.318
-0.282828 -258.871 -407.063
-0.292929 -260.969 -421.769
-0.30303 -262.939 -436.458
-0.313131 -264.608 -451.103
-0.323232 -266.153 -465.727
-0.333333 -267.433 -480.303
-0.343434 -268.596 -494.854
-0.353535 -269.534 -509.354
-0.363636 -270.366 -523.825
-0.373737 -271.012 -538.243
-0.383838 -271.566 -552.627
-0.393939 -271.97 -566.957
-0.40404 -272.297 -581.249
-0.414141 -272.507 -595.484
-0.424242 -272.654 -609.678
-0.434343 -272.714 -623.814
-0.444444 -272.723 -637.904
-0.454545 -272.67 -651.936
-0.464646 -272.579 -665.916
-0.474747 -272.444 -679.837
-0.484848 -272.284 -693.702
-0.494949 -272.095 -707.506
-0.505051 -271.891 -721.25
-0.515152 -271.67 -734.932
-0.525253 -271.442 -748.547
-0.535354 -271.206 -762.101
-0.545455 -270.97 -775.581
-0.555556 -270.733 -789
-0.565657 -270.501 -802.339
-0.575758 -270.273 -815.616
-0.585859 -270.055 -828.806
-0.59596 -269.845 -841.933
-0.606061 -269.648 -854.967
-0.616162 -269.462 -867.937
-0.626263 -269.293 -880.806
-0.636364 -269.136 -893.613
-0.646465 -269 -906.308
-0.656566 -268.878 -918.942
-0.666667 -268.781 -931.457
-0.676768 -268.698 -943.909
-0.686869 -268.646 -956.234
-0.69697 -268.608 -968.497
-0.707071 -268.605 -980.622
-0.717172 -268.618 -992.687
-0.727273 -268.673 -1004.6
-0.737374 -268.743 -1016.46
-0.747475 -268.862 -1028.16
-0.757576 -268.996 -1039.8
-0.767677 -269.185 -1051.28
-0.777778 -269.391 -1062.69
-0.787879 -269.656 -1073.93
-0.79798 -269.938 -1085.12
-0.808081 -270.286 -1096.11
-0.818182 -270.649 -1107.06
-0.828283 -271.08 -1117.8
-0.838384 -271.525 -1128.49
-0.848485 -272.038 -1138.98
-0.858586 -272.563 -1149.42
-0.868687 -273.149 -1159.64
-0.878788 -273.745 -1169.82
-0.888889 -274.387 -1179.76
-0.89899 -275.036 -1189.68
-0.909091 -275.707 -1199.35
-0.919192 -276.381 -1209
-0.929293 -277.04 -1218.4
-0.939394 -277.698 -1227.78
-0.949495 -278.286 -1236.91
-0.959596 -278.87 -1246.02
-0.969697 -279.309 -1254.91
-0.979798 -279.742 -1263.79
-0.989899 -279.915 -1272.45
-1 -280.083 -1281.1
