0 -10345.4 -0.00119592
-0.010101 -11634.8 -11.2731
-0.020202 -11610.6 -22.5589
-0.030303 -11592.1 -34.5822
-0.040404 -11573.7 -46.6119
-0.0505051 -11560.2 -58.7964
-0.0606061 -11546.8 -70.9922
-0.0707071 -11537.4 -83.3662
-0.0808081 -11528.3 -95.7525
-0.0909091 -11522.4 -108.282
-0.10101 -11516.7 -120.823
-0.111111 -11513.5 -133.467
-0.121212 -11510.5 -146.122
-0.131313 -11509.4 -158.849
-0.141414 -11508.4 -171.584
-0.151515 -11508.8 -184.371
-0.161616 -11509.4 -197.164
-0.171717 -11510.9 -209.992
-0.181818 -11512.5 -222.824
-0.191919 -11514.6 -235.679
-0.20202 -11516.9 -248.536
-0.212121 -11519.4 -261.404
-0.222222 -11522 -274.271
-0.232323 -11524.7 -287.139
-0.242424 -11527.4 -300.003
-0.252525 -11530.1 -312.858
-0.262626 -11532.8 -325.707
-0.272727 -11535.4 -338.537
-0.282828 -11537.9 -351.357
-0.292929 -11540.3 -364.152
-0.30303 -11542.6 -376.933
-0.313131 -11544.7 -389.683
-0.323232 -11546.8 -402.415
-0.333333 -11548.6 -415.11
-0.343434 -11550.4 -427.784
-0.353535 -11552 -440.417
-0.363636 -11553.6 -453.025
-0.373737 -11554.9 -465.589
-0.383838 -11556.2 -478.125
-0.393939 -11557.4 -490.613
-0.40404 -11558.5 -503.069
-0.414141 -11559.4 -515.476
-0.424242 -11560.3 -527.847
-0.434343 -11561.1 -540.167
-0.444444 -11561.9 -552.446
-0.454545 -11562.6 -564.673
-0.464646 -11563.2 -576.856
-0.474747 -11563.8 -588.986
-0.484848 -11564.3 -601.066
-0.494949 -11564.9 -613.092
-0.505051 -11565.3 -625.064
-0.515152 -11565.8 -636.982
-0.525253 -11566.3 -648.84
-0.535354 -11566.7 -660.644
-0.545455 -11567.1 -672.382
-0.555556 -11567.6 -684.066
-0.565657 -11568 -695.679
-0.575758 -11568.4 -707.236
-0.585859 -11568.9 -718.717
-0.59596 -11569.3 -730.143
-0.606061 -11569.8 -741.485
-0.616162 -11570.3 -752.772
-0.626263 -11570.8 -763.97
-0.636364 -11571.3 -775.112
-0.646465 -11571.9 -786.157
-0.656566 -11572.5 -797.147
-0.666667 -11573.1 -808.033
-0.676768 -11573.7 -818.865
-0.686869 -11574.4 -829.584
-0.69697 -11575.1 -840.251
-0.707071 -11575.8 -850.796
-0.717172 -11576.6 -861.291
-0.727273 -11577.4 -871.656
-0.737374 -11578.2 -881.971
-0.747475 -11579.1 -892.149
-0.757576 -11580 -902.278
-0.767677 -11581 -912.261
-0.777778 -11581.9 -922.199
-0.787879 -11583 -931.981
-0.79798 -11584.1 -941.72
-0.808081 -11585.2 -951.296
-0.818182 -11586.3 -960.831
-0.828283 -11587.5 -970.195
-0.838384 -11588.7 -979.521
-0.848485 -11589.9 -988.668
-0.858586 -11591.1 -997.781
-0.868687 -11592.4 -1006.71
-0.878788 -11593.6 -1015.6
-0.888889 -11594.9 -1024.3
-0.89899 -11596.1 -1032.98
-0.909091 -11597.3 -1041.45
-0.919192 -11598.5 -1049.91
-0.929293 -11599.6 -1058.16
-0.939394 -11600.7 -1066.39
-0.949495 -11601.6 -1074.42
-0.959596 -11602.4 -1082.44
-0.969697 -11603.1 -1090.28
-0.979798 -11603.7 -1098.11
-0.989899 -11603.9 -1105.73
-1 -11604.1 -1113.35
