0 22780.6 0.00143786
-0.010101 23107 2.52022
-0.020202 23083.8 5.03773
-0.030303 23063 7.5591
-0.040404 23042.3 10.0804
-0.0505051 23024.4 12.6011
-0.0606061 23006.6 15.1258
-0.0707071 22991.6 17.7147
-0.0808081 22976.9 20.31
-0.0909091 22964.7 22.9779
-0.10101 22952.9 25.6528
-0.111111 22943.4 28.3902
-0.121212 22934.2 31.1344
-0.131313 22927.1 33.9286
-0.141414 22920.3 36.7293
-0.151515 22915.3 39.5702
-0.161616 22910.6 42.4175
-0.171717 22907.3 45.2982
-0.181818 22904.2 48.1851
-0.191919 22902.4 51.1007
-0.20202 22900.8 54.0224
-0.212121 22900 56.9685
-0.222222 22899.5 59.9203
-0.232323 22899.6 62.8923
-0.242424 22899.9 65.8692
-0.252525 22900.7 68.8618
-0.262626 22901.6 71.8582
-0.272727 22902.9 74.8657
-0.282828 22904.2 77.8757
-0.292929 22905.7 80.8922
-0.30303 22907.3 83.9096
-0.313131 22909 86.9292
-0.323232 22910.8 89.9481
-0.333333 22912.6 92.9655
-0.343434 22914.4 95.9804
-0.353535 22916.2 98.9906
-0.363636 22918 101.997
-0.373737 22919.7 104.995
-0.383838 22921.5 107.988
-0.393939 22923.2 110.971
-0.40404 22924.9 113.946
-0.414141 22926.5 116.911
-0.424242 22928.1 119.866
-0.434343 22929.6 122.809
-0.444444 22931.1 125.741
-0.454545 22932.6 128.66
-0.464646 22934 131.567
-0.474747 22935.4 134.459
-0.484848 22936.8 137.338
-0.494949 22938.1 140.203
-0.505051 22939.4 143.053
-0.515152 22940.7 145.888
-0.525253 22942 148.706
-0.535354 22943.2 151.51
-0.545455 22944.5 154.296
-0.555556 22945.7 157.067
-0.565657 22946.9 159.819
-0.575758 22948.2 162.556
-0.585859 22949.4 165.272
-0.59596 22950.7 167.974
-0.606061 22951.9 170.654
-0.616162 22953.2 173.319
-0.626263 22954.5 175.961
-0.636364 22955.8 178.588
-0.646465 22957.1 181.191
-0.656566 22958.5 183.78
-0.666667 22959.9 186.343
-0.676768 22961.3 188.893
-0.686869 22962.7 191.415
-0.69697 22964.1 193.925
-0.707071 22965.6 196.406
-0.717172 22967.2 198.875
-0.727273 22968.7 201.315
-0.737374 22970.3 203.744
-0.747475 22971.9 206.142
-0.757576 22973.5 208.53
-0.767677 22975.2 210.888
-0.777778 22976.9 213.236
-0.787879 22978.5 215.554
-0.79798 22980.3 217.862
-0.808081 22982 220.141
-0.818182 22983.7 222.411
-0.828283 22985.4 224.652
-0.838384 22987.1 226.886
-0.848485 22988.8 229.09
-0.858586 22990.5 231.288
-0.868687 22992.1 233.457
-0.878788 22993.7 235.622
-0.888889 22995.2 237.757
-0.89899 22996.7 239.889
-0.909091 22998.1 241.994
-0.919192 22999.5 244.095
-0.929293 23000.6 246.169
-0.939394 23001.8 248.241
-0.949495 23002.7 250.289
-0.959596 23003.5 252.335
-0.969697 23004.1 254.366
-0.979798 23004.7 256.395
-0.989899 23004.9 258.36
-1 23005.1 260.324
