0 13377 0.00165331
-0.010101 12131 -11.2768
-0.020202 12134.5 -22.5755
-0.030303 12133.8 -34.7996
-0.040404 12133 -47.032
-0.0505051 12129.3 -59.4603
-0.0606061 12125.5 -71.8983
-0.0707071 12119.9 -84.4862
-0.0808081 12114.3 -97.0824
-0.0909091 12107.7 -109.775
-0.10101 12101.1 -122.473
-0.111111 12094.2 -135.23
-0.121212 12087.3 -147.991
-0.131313 12080.5 -160.786
-0.141414 12073.8 -173.583
-0.151515 12067.4 -186.398
-0.161616 12061.2 -199.214
-0.171717 12055.6 -212.036
-0.181818 12050 -224.855
-0.191919 12045.2 -237.67
-0.20202 12040.4 -250.48
-0.212121 12036.4 -263.275
-0.222222 12032.5 -276.063
-0.232323 12029.3 -288.828
-0.242424 12026.2 -301.583
-0.252525 12023.7 -314.308
-0.262626 12021.4 -327.021
-0.272727 12019.6 -339.697
-0.282828 12018 -352.358
-0.292929 12016.7 -364.98
-0.30303 12015.7 -377.583
-0.313131 12015 -390.143
-0.323232 12014.4 -402.682
-0.333333 12014.1 -415.177
-0.343434 12014 -427.648
-0.353535 12014 -440.073
-0.363636 12014.2 -452.471
-0.373737 12014.5 -464.822
-0.383838 12014.9 -477.144
-0.393939 12015.4 -489.418
-0.40404 12016 -501.66
-0.414141 12016.7 -513.853
-0.424242 12017.4 -526.01
-0.434343 12018.2 -538.118
-0.444444 12019 -550.187
-0.454545 12019.8 -562.207
-0.464646 12020.7 -574.183
-0.474747 12021.5 -586.11
-0.484848 12022.4 -597.99
-0.494949 12023.3 -609.818
-0.505051 12024.2 -621.596
-0.515152 12025.1 -633.323
-0.525253 12026 -644.993
-0.535354 12026.9 -656.612
-0.545455 12027.8 -668.169
-0.555556 12028.7 -679.675
-0.565657 12029.6 -691.114
-0.575758 12030.5 -702.5
-0.585859 12031.3 -713.813
-0.59596 12032.2 -725.074
-0.606061 12033.1 -736.256
-0.616162 12033.9 -747.384
-0.626263 12034.8 -758.427
-0.636364 12035.6 -769.416
-0.646465 12036.5 -780.312
-0.656566 12037.3 -791.155
-0.666667 12038.2 -801.897
-0.676768 12039 -812.586
-0.686869 12039.8 -823.165
-0.69697 12040.6 -833.693
-0.707071 12041.4 -844.101
-0.717172 12042.2 -854.458
-0.727273 12043 -864.686
-0.737374 12043.8 -874.865
-0.747475 12044.5 -884.905
-0.757576 12045.3 -894.896
-0.767677 12046 -904.739
-0.777778 12046.7 -914.535
-0.787879 12047.3 -924.171
-0.79798 12048 -933.763
-0.808081 12048.5 -943.184
-0.818182 12049.1 -952.563
-0.828283 12049.6 -961.761
-0.838384 12050.1 -970.92
-0.848485 12050.5 -979.887
-0.858586 12050.9 -988.817
-0.868687 12051.2 -997.546
-0.878788 12051.5 -1006.24
-0.888889 12051.7 -1014.73
-0.89899 12051.9 -1023.18
-0.909091 12051.9 -1031.42
-0.919192 12052 -1039.63
-0.929293 12052 -1047.62
-0.939394 12052 -1055.59
-0.949495 12051.9 -1063.33
-0.959596 12051.8 -1071.06
-0.969697 12051.7 -1078.58
-0.979798 12051.6 -1086.09
-0.989899 12051.5 -1093.41
-1 12051.4 -1100.74
