0 12708.3 0.0014092
-0.010101 13909 10.4477
-0.020202 13883.9 20.9061
-0.030303 13864.1 32.0232
-0.040404 13844.6 43.1462
-0.0505051 13829.7 54.407
-0.0606061 13815.1 65.6786
-0.0707071 13804.5 77.1188
-0.0808081 13794.1 88.5711
-0.0909091 13786.9 100.162
-0.10101 13780.1 111.764
-0.111111 13775.7 123.469
-0.121212 13771.7 135.183
-0.131313 13769.6 146.969
-0.141414 13767.7 158.764
-0.151515 13767.3 170.611
-0.161616 13767.1 182.464
-0.171717 13767.9 194.354
-0.181818 13768.9 206.249
-0.191919 13770.5 218.168
-0.20202 13772.3 230.089
-0.212121 13774.4 242.024
-0.222222 13776.7 253.96
-0.232323 13779.1 265.899
-0.242424 13781.6 277.835
-0.252525 13784.1 289.766
-0.262626 13786.6 301.691
-0.272727 13789.1 313.602
-0.282828 13791.6 325.504
-0.292929 13793.9 337.385
-0.30303 13796.2 349.253
-0.313131 13798.4 361.093
-0.323232 13800.5 372.918
-0.333333 13802.4 384.71
-0.343434 13804.3 396.482
-0.353535 13806 408.217
-0.363636 13807.6 419.929
-0.373737 13809.1 431.601
-0.383838 13810.5 443.246
-0.393939 13811.8 454.847
-0.40404 13813 466.419
-0.414141 13814.2 477.945
-0.424242 13815.2 489.437
-0.434343 13816.2 500.882
-0.444444 13817.1 512.289
-0.454545 13817.9 523.648
-0.464646 13818.7 534.964
-0.474747 13819.4 546.232
-0.484848 13820.1 557.453
-0.494949 13820.8 568.624
-0.505051 13821.4 579.744
-0.515152 13822 590.813
-0.525253 13822.6 601.827
-0.535354 13823.2 612.79
-0.545455 13823.8 623.692
-0.555556 13824.4 634.542
-0.565657 13824.9 645.327
-0.575758 13825.5 656.06
-0.585859 13826.1 666.721
-0.59596 13826.7 677.331
-0.606061 13827.3 687.863
-0.616162 13827.9 698.343
-0.626263 13828.6 708.739
-0.636364 13829.3 719.085
-0.646465 13830 729.339
-0.656566 13830.7 739.543
-0.666667 13831.4 749.65
-0.676768 13832.2 759.706
-0.686869 13833 769.658
-0.69697 13833.9 779.561
-0.707071 13834.8 789.351
-0.717172 13835.7 799.094
-0.727273 13836.6 808.717
-0.737374 13837.6 818.294
-0.747475 13838.6 827.743
-0.757576 13839.7 837.148
-0.767677 13840.8 846.417
-0.777778 13842 855.644
-0.787879 13843.1 864.728
-0.79798 13844.3 873.772
-0.808081 13845.6 882.666
-0.818182 13846.9 891.522
-0.828283 13848.2 900.221
-0.838384 13849.5 908.885
-0.848485 13850.9 917.384
-0.858586 13852.2 925.852
-0.868687 13853.6 934.149
-0.878788 13855 942.418
-0.888889 13856.3 950.509
-0.89899 13857.6 958.577
-0.909091 13858.9 966.461
-0.919192 13860.2 974.326
-0.929293 13861.3 982.005
-0.939394 13862.5 989.668
-0.949495 13863.4 997.148
-0.959596 13864.3 1004.62
-0.969697 13865 1011.92
-0.979798 13865.6 1019.21
-0.989899 13865.8 1026.32
-1 13866.1 1033.42
