0 -23565.8 -0.00276487
-0.010101 -23390.5 1.94175
-0.020202 -23372.6 3.8955
-0.030303 -23355.2 6.17667
-0.040404 -23337.9 8.46079
-0.0505051 -23321.8 10.8156
-0.0606061 -23305.8 13.1705
-0.0707071 -23291.4 15.5259
-0.0808081 -23277.2 17.8791
-0.0909091 -23264.9 20.2065
-0.10101 -23252.7 22.5305
-0.111111 -23242.4 24.8234
-0.121212 -23232.4 27.1123
-0.131313 -23224.1 29.3719
-0.141414 -23216.1 31.6271
-0.151515 -23209.7 33.8553
-0.161616 -23203.6 36.0786
-0.171717 -23198.8 38.2759
-0.181818 -23194.4 40.4677
-0.191919 -23191.1 42.6336
-0.20202 -23188.1 44.7932
-0.212121 -23186 46.927
-0.222222 -23184.2 49.0538
-0.232323 -23183.2 51.1554
-0.242424 -23182.3 53.2495
-0.252525 -23182.1 55.3197
-0.262626 -23182 57.3823
-0.272727 -23182.4 59.4229
-0.282828 -23182.9 61.4559
-0.292929 -23183.7 63.4693
-0.30303 -23184.7 65.4753
-0.313131 -23185.8 67.4642
-0.323232 -23187.1 69.4462
-0.333333 -23188.4 71.4135
-0.343434 -23189.9 73.3743
-0.353535 -23191.4 75.3225
-0.363636 -23192.9 77.2647
-0.373737 -23194.5 79.1961
-0.383838 -23196.1 81.1219
-0.393939 -23197.7 83.0384
-0.40404 -23199.3 84.9496
-0.414141 -23200.8 86.8526
-0.424242 -23202.4 88.7504
-0.434343 -23204 90.6409
-0.444444 -23205.5 92.5262
-0.454545 -23207 94.4048
-0.464646 -23208.5 96.2781
-0.474747 -23209.9 98.1451
-0.484848 -23211.4 100.006
-0.494949 -23212.8 101.862
-0.505051 -23214.2 103.711
-0.515152 -23215.6 105.554
-0.525253 -23216.9 107.391
-0.535354 -23218.3 109.221
-0.545455 -23219.6 111.044
-0.555556 -23221 112.861
-0.565657 -23222.3 114.67
-0.575758 -23223.6 116.473
-0.585859 -23225 118.266
-0.59596 -23226.3 120.053
-0.606061 -23227.6 121.83
-0.616162 -23229 123.599
-0.626263 -23230.4 125.358
-0.636364 -23231.8 127.109
-0.646465 -23233.2 128.847
-0.656566 -23234.6 130.578
-0.666667 -23236 132.293
-0.676768 -23237.5 134.002
-0.686869 -23238.9 135.693
-0.69697 -23240.4 137.377
-0.707071 -23241.9 139.041
-0.717172 -23243.5 140.697
-0.727273 -23245 142.331
-0.737374 -23246.6 143.957
-0.747475 -23248.2 145.558
-0.757576 -23249.8 147.151
-0.767677 -23251.4 148.715
-0.777778 -23253.1 150.271
-0.787879 -23254.7 151.795
-0.79798 -23256.3 153.31
-0.808081 -23258 154.79
-0.818182 -23259.6 156.261
-0.828283 -23261.2 157.692
-0.838384 -23262.8 159.114
-0.848485 -23264.3 160.493
-0.858586 -23265.8 161.864
-0.868687 -23267.3 163.186
-0.878788 -23268.7 164.501
-0.888889 -23270 165.764
-0.89899 -23271.3 167.02
-0.909091 -23272.5 168.22
-0.919192 -23273.6 169.415
-0.929293 -23274.6 170.551
-0.939394 -23275.5 171.682
-0.949495 -23276.2 172.752
-0.959596 -23276.9 173.819
-0.969697 -23277.3 174.823
-0.979798 -23277.8 175.825
-0.989899 -23277.9 176.816
-1 -23278.1 177.808
