0 -18682.7 -0.00190847
-0.010101 -19528.5 -7.1978
-0.020202 -19502.5 -14.3995
-0.030303 -19480.9 -21.977
-0.040404 -19459.4 -29.5577
-0.0505051 -19441.9 -37.2164
-0.0606061 -19424.7 -44.8833
-0.0707071 -19411.1 -52.6784
-0.0808081 -19397.7 -60.4836
-0.0909091 -19387.6 -68.4042
-0.10101 -19377.7 -76.3348
-0.111111 -19370.5 -84.3549
-0.121212 -19363.5 -92.3841
-0.131313 -19358.8 -100.48
-0.141414 -19354.3 -108.584
-0.151515 -19351.5 -116.737
-0.161616 -19349 -124.898
-0.171717 -19347.8 -133.096
-0.181818 -19346.8 -141.3
-0.191919 -19346.8 -149.533
-0.20202 -19347 -157.77
-0.212121 -19347.9 -166.027
-0.222222 -19348.9 -174.288
-0.232323 -19350.3 -182.561
-0.242424 -19351.9 -190.835
-0.252525 -19353.7 -199.113
-0.262626 -19355.6 -207.391
-0.272727 -19357.6 -215.665
-0.282828 -19359.7 -223.937
-0.292929 -19361.8 -232.199
-0.30303 -19363.9 -240.455
-0.313131 -19366 -248.697
-0.323232 -19368.1 -256.929
-0.333333 -19370.1 -265.142
-0.343434 -19372 -273.342
-0.353535 -19373.9 -281.519
-0.363636 -19375.7 -289.681
-0.373737 -19377.5 -297.817
-0.383838 -19379.2 -305.934
-0.393939 -19380.8 -314.022
-0.40404 -19382.3 -322.089
-0.414141 -19383.7 -330.125
-0.424242 -19385.1 -338.137
-0.434343 -19386.5 -346.116
-0.444444 -19387.7 -354.068
-0.454545 -19388.9 -361.986
-0.464646 -19390.1 -369.874
-0.474747 -19391.2 -377.727
-0.484848 -19392.3 -385.547
-0.494949 -19393.4 -393.331
-0.505051 -19394.4 -401.079
-0.515152 -19395.4 -408.791
-0.525253 -19396.3 -416.463
-0.535354 -19397.3 -424.098
-0.545455 -19398.2 -431.69
-0.555556 -19399.2 -439.245
-0.565657 -19400.1 -446.754
-0.575758 -19401.1 -454.225
-0.585859 -19402 -461.646
-0.59596 -19403 -469.029
-0.606061 -19404 -476.358
-0.616162 -19405 -483.65
-0.626263 -19406 -490.883
-0.636364 -19407 -498.079
-0.646465 -19408.1 -505.212
-0.656566 -19409.2 -512.309
-0.666667 -19410.3 -519.337
-0.676768 -19411.5 -526.33
-0.686869 -19412.7 -533.251
-0.69697 -19413.9 -540.136
-0.707071 -19415.1 -546.945
-0.717172 -19416.4 -553.719
-0.727273 -19417.7 -560.411
-0.737374 -19419.1 -567.071
-0.747475 -19420.5 -573.644
-0.757576 -19421.9 -580.186
-0.767677 -19423.4 -586.636
-0.777778 -19424.9 -593.057
-0.787879 -19426.4 -599.382
-0.79798 -19427.9 -605.68
-0.808081 -19429.5 -611.877
-0.818182 -19431.1 -618.048
-0.828283 -19432.7 -624.115
-0.838384 -19434.3 -630.16
-0.848485 -19435.9 -636.095
-0.858586 -19437.6 -642.01
-0.868687 -19439.1 -647.813
-0.878788 -19440.7 -653.598
-0.888889 -19442.3 -659.268
-0.89899 -19443.8 -664.923
-0.909091 -19445.2 -670.459
-0.919192 -19446.6 -675.983
-0.929293 -19447.8 -681.388
-0.939394 -19449 -686.783
-0.949495 -19450 -692.062
-0.959596 -19451 -697.333
-0.969697 -19451.6 -702.503
-0.979798 -19452.3 -707.669
-0.989899 -19452.5 -712.693
-1 -19452.8 -717.714
