0 -19163 -0.00198022
-0.010101 -18251.5 8.40758
-0.020202 -18246.1 16.8344
-0.030303 -18238.1 26.0226
-0.040404 -18230.1 35.2175
-0.0505051 -18220.6 44.5731
-0.0606061 -18211.2 53.9351
-0.0707071 -18201.2 63.3968
-0.0808081 -18191.3 72.863
-0.0909091 -18181.5 82.3815
-0.10101 -18171.9 91.9027
-0.111111 -18162.8 101.448
-0.121212 -18153.8 110.995
-0.131313 -18145.7 120.551
-0.141414 -18137.7 130.107
-0.151515 -18130.7 139.663
-0.161616 -18123.8 149.216
-0.171717 -18118 158.762
-0.181818 -18112.4 168.304
-0.191919 -18107.7 177.83
-0.20202 -18103.2 187.351
-0.212121 -18099.6 196.85
-0.222222 -18096.2 206.342
-0.232323 -18093.6 215.806
-0.242424 -18091.1 225.261
-0.252525 -18089.4 234.685
-0.262626 -18087.8 244.097
-0.272727 -18086.7 253.475
-0.282828 -18085.8 262.84
-0.292929 -18085.4 272.169
-0.30303 -18085.1 281.483
-0.313131 -18085.1 290.76
-0.323232 -18085.3 300.021
-0.333333 -18085.7 309.245
-0.343434 -18086.2 318.451
-0.353535 -18086.9 327.62
-0.363636 -18087.6 336.768
-0.373737 -18088.5 345.881
-0.383838 -18089.5 354.971
-0.393939 -18090.5 364.025
-0.40404 -18091.6 373.055
-0.414141 -18092.7 382.049
-0.424242 -18093.9 391.017
-0.434343 -18095.1 399.949
-0.444444 -18096.3 408.853
-0.454545 -18097.5 417.72
-0.464646 -18098.7 426.557
-0.474747 -18099.9 435.357
-0.484848 -18101.1 444.123
-0.494949 -18102.3 452.853
-0.505051 -18103.5 461.545
-0.515152 -18104.7 470.201
-0.525253 -18105.9 478.817
-0.535354 -18107.1 487.395
-0.545455 -18108.3 495.929
-0.555556 -18109.5 504.426
-0.565657 -18110.7 512.874
-0.575758 -18111.8 521.285
-0.585859 -18113 529.642
-0.59596 -18114.2 537.962
-0.606061 -18115.3 546.224
-0.616162 -18116.5 554.448
-0.626263 -18117.6 562.608
-0.636364 -18118.8 570.731
-0.646465 -18120 578.785
-0.656566 -18121.2 586.8
-0.666667 -18122.3 594.741
-0.676768 -18123.5 602.644
-0.686869 -18124.7 610.465
-0.69697 -18125.9 618.248
-0.707071 -18127.1 625.943
-0.717172 -18128.3 633.601
-0.727273 -18129.5 641.162
-0.737374 -18130.7 648.687
-0.747475 -18131.9 656.108
-0.757576 -18133.1 663.492
-0.767677 -18134.3 670.765
-0.777778 -18135.4 678.003
-0.787879 -18136.6 685.119
-0.79798 -18137.7 692.202
-0.808081 -18138.8 699.156
-0.818182 -18139.9 706.077
-0.828283 -18140.9 712.86
-0.838384 -18141.9 719.612
-0.848485 -18142.9 726.217
-0.858586 -18143.8 732.794
-0.868687 -18144.6 739.215
-0.878788 -18145.4 745.61
-0.888889 -18146.1 751.842
-0.89899 -18146.8 758.051
-0.909091 -18147.4 764.089
-0.919192 -18147.9 770.108
-0.929293 -18148.3 775.95
-0.939394 -18148.7 781.778
-0.949495 -18149 787.428
-0.959596 -18149.2 793.066
-0.969697 -18149.3 798.536
-0.979798 -18149.4 803.999
-0.989899 -18149.4 809.336
-1 -18149.5 814.67
