0 -4969.85 -0.000626666
-0.010101 -3522.55 12.9257
-0.020202 -3535.61 25.8725
-0.030303 -3543.21 39.798
-0.040404 -3550.64 53.7322
-0.0505051 -3553.96 67.8729
-0.0606061 -3557.09 82.0253
-0.0707071 -3557.24 96.3619
-0.0808081 -3557.22 110.71
-0.0909091 -3555.16 125.188
-0.10101 -3552.95 139.676
-0.111111 -3549.45 154.251
-0.121212 -3545.86 168.832
-0.131313 -3541.54 183.47
-0.141414 -3537.17 198.113
-0.151515 -3532.51 212.791
-0.161616 -3527.84 227.472
-0.171717 -3523.19 242.172
-0.181818 -3518.58 256.873
-0.191919 -3514.17 271.58
-0.20202 -3509.85 286.285
-0.212121 -3505.86 300.984
-0.222222 -3501.98 315.678
-0.232323 -3498.49 330.356
-0.242424 -3495.13 345.025
-0.252525 -3492.19 359.668
-0.262626 -3489.38 374.3
-0.272727 -3486.97 388.898
-0.282828 -3484.71 403.481
-0.292929 -3482.82 418.024
-0.30303 -3481.06 432.549
-0.313131 -3479.63 447.03
-0.323232 -3478.34 461.488
-0.333333 -3477.32 475.898
-0.343434 -3476.43 490.282
-0.353535 -3475.77 504.615
-0.363636 -3475.21 518.919
-0.373737 -3474.84 533.17
-0.383838 -3474.56 547.387
-0.393939 -3474.42 561.55
-0.40404 -3474.36 575.676
-0.414141 -3474.41 589.746
-0.424242 -3474.52 603.775
-0.434343 -3474.72 617.746
-0.444444 -3474.95 631.673
-0.454545 -3475.25 645.541
-0.464646 -3475.57 659.359
-0.474747 -3475.94 673.119
-0.484848 -3476.33 686.824
-0.494949 -3476.74 700.469
-0.505051 -3477.16 714.054
-0.515152 -3477.59 727.579
-0.525253 -3478.04 741.038
-0.535354 -3478.48 754.437
-0.545455 -3478.93 767.764
-0.555556 -3479.37 781.03
-0.565657 -3479.81 794.218
-0.575758 -3480.24 807.344
-0.585859 -3480.67 820.385
-0.59596 -3481.09 833.364
-0.606061 -3481.5 846.251
-0.616162 -3481.89 859.077
-0.626263 -3482.28 871.801
-0.636364 -3482.65 884.465
-0.646465 -3483.01 897.019
-0.656566 -3483.36 909.512
-0.666667 -3483.68 921.887
-0.676768 -3483.99 934.202
-0.686869 -3484.28 946.389
-0.69697 -3484.56 958.516
-0.707071 -3484.81 970.506
-0.717172 -3485.04 982.438
-0.727273 -3485.24 994.221
-0.737374 -3485.43 1005.95
-0.747475 -3485.57 1017.52
-0.757576 -3485.7 1029.03
-0.767677 -3485.78 1040.37
-0.777778 -3485.84 1051.66
-0.787879 -3485.84 1062.77
-0.79798 -3485.83 1073.83
-0.808081 -3485.76 1084.69
-0.818182 -3485.67 1095.51
-0.828283 -3485.51 1106.13
-0.838384 -3485.34 1116.7
-0.848485 -3485.09 1127.05
-0.858586 -3484.83 1137.37
-0.868687 -3484.49 1147.46
-0.878788 -3484.15 1157.52
-0.888889 -3483.74 1167.33
-0.89899 -3483.32 1177.12
-0.909091 -3482.86 1186.67
-0.919192 -3482.39 1196.19
-0.929293 -3481.91 1205.45
-0.939394 -3481.42 1214.7
-0.949495 -3480.97 1223.7
-0.959596 -3480.51 1232.69
-0.969697 -3480.16 1241.44
-0.979798 -3479.81 1250.19
-0.989899 -3479.67 1258.72
-1 -3479.53 1267.24
