0 -19776.9 -0.00204231
-0.010101 -18919.1 7.93785
-0.020202 -18912.6 15.8945
-0.030303 -18903.6 24.5842
-0.040404 -18894.7 33.2804
-0.0505051 -18884.5 42.1324
-0.0606061 -18874.4 50.9903
-0.0707071 -18863.9 59.9413
-0.0808081 -18853.5 68.8964
-0.0909091 -18843.4 77.8983
-0.10101 -18833.4 86.9026
-0.111111 -18824.1 95.9274
-0.121212 -18814.9 104.953
-0.131313 -18806.7 113.985
-0.141414 -18798.6 123.017
-0.151515 -18791.6 132.047
-0.161616 -18784.7 141.074
-0.171717 -18778.9 150.093
-0.181818 -18773.3 159.107
-0.191919 -18768.7 168.105
-0.20202 -18764.3 177.098
-0.212121 -18760.8 186.069
-0.222222 -18757.5 195.033
-0.232323 -18755 203.969
-0.242424 -18752.7 212.896
-0.252525 -18751 221.792
-0.262626 -18749.5 230.677
-0.272727 -18748.6 239.528
-0.282828 -18747.8 248.367
-0.292929 -18747.5 257.171
-0.30303 -18747.3 265.96
-0.313131 -18747.4 274.715
-0.323232 -18747.7 283.453
-0.333333 -18748.2 292.156
-0.343434 -18748.8 300.841
-0.353535 -18749.5 309.492
-0.363636 -18750.4 318.123
-0.373737 -18751.4 326.72
-0.383838 -18752.4 335.295
-0.393939 -18753.5 343.837
-0.40404 -18754.6 352.356
-0.414141 -18755.8 360.84
-0.424242 -18757 369.3
-0.434343 -18758.2 377.726
-0.444444 -18759.5 386.126
-0.454545 -18760.7 394.491
-0.464646 -18762 402.827
-0.474747 -18763.2 411.129
-0.484848 -18764.5 419.399
-0.494949 -18765.7 427.634
-0.505051 -18767 435.835
-0.515152 -18768.2 444.001
-0.525253 -18769.4 452.129
-0.535354 -18770.6 460.223
-0.545455 -18771.8 468.274
-0.555556 -18773 476.291
-0.565657 -18774.2 484.262
-0.575758 -18775.4 492.197
-0.585859 -18776.6 500.083
-0.59596 -18777.8 507.933
-0.606061 -18779 515.729
-0.616162 -18780.2 523.489
-0.626263 -18781.4 531.189
-0.636364 -18782.6 538.854
-0.646465 -18783.8 546.454
-0.656566 -18785 554.017
-0.666667 -18786.2 561.511
-0.676768 -18787.5 568.968
-0.686869 -18788.7 576.349
-0.69697 -18789.9 583.694
-0.707071 -18791.2 590.956
-0.717172 -18792.4 598.182
-0.727273 -18793.7 605.317
-0.737374 -18794.9 612.418
-0.747475 -18796.1 619.421
-0.757576 -18797.4 626.389
-0.767677 -18798.6 633.251
-0.777778 -18799.8 640.08
-0.787879 -18801 646.795
-0.79798 -18802.2 653.478
-0.808081 -18803.4 660.038
-0.818182 -18804.5 666.567
-0.828283 -18805.6 672.965
-0.838384 -18806.7 679.334
-0.848485 -18807.7 685.563
-0.858586 -18808.7 691.766
-0.868687 -18809.6 697.82
-0.878788 -18810.4 703.85
-0.888889 -18811.2 709.724
-0.89899 -18811.9 715.576
-0.909091 -18812.6 721.266
-0.919192 -18813.2 726.937
-0.929293 -18813.6 732.441
-0.939394 -18814 737.93
-0.949495 -18814.3 743.25
-0.959596 -18814.6 748.559
-0.969697 -18814.8 753.706
-0.979798 -18814.9 758.847
-0.989899 -18814.9 763.871
-1 -18815 768.893
