0 -20491 -0.0016792
-0.010101 -21164.2 -5.6358
-0.020202 -21138.8 -11.2734
-0.030303 -21117 -17.1592
-0.040404 -21095.5 -23.0472
-0.0505051 -21077.5 -28.9862
-0.0606061 -21059.8 -34.9322
-0.0707071 -21045.5 -40.9856
-0.0808081 -21031.4 -47.0479
-0.0909091 -21020.3 -53.2124
-0.10101 -21009.5 -59.3859
-0.111111 -21001.4 -65.6408
-0.121212 -20993.5 -71.9041
-0.131313 -20987.8 -78.2293
-0.141414 -20982.4 -84.5622
-0.151515 -20978.8 -90.9422
-0.161616 -20975.4 -97.3292
-0.171717 -20973.5 -103.753
-0.181818 -20971.7 -110.183
-0.191919 -20971.1 -116.642
-0.20202 -20970.6 -123.107
-0.212121 -20970.9 -129.593
-0.222222 -20971.4 -136.084
-0.232323 -20972.4 -142.589
-0.242424 -20973.5 -149.098
-0.252525 -20975 -155.615
-0.262626 -20976.5 -162.133
-0.272727 -20978.3 -168.653
-0.282828 -20980.2 -175.172
-0.292929 -20982.1 -181.688
-0.30303 -20984.1 -188.199
-0.313131 -20986 -194.702
-0.323232 -20988 -201.198
-0.333333 -20990 -207.681
-0.343434 -20991.9 -214.156
-0.353535 -20993.8 -220.613
-0.363636 -20995.7 -227.059
-0.373737 -20997.4 -233.484
-0.383838 -20999.2 -239.896
-0.393939 -21000.8 -246.285
-0.40404 -21002.5 -252.658
-0.414141 -21004 -259.005
-0.424242 -21005.5 -265.334
-0.434343 -21006.9 -271.637
-0.444444 -21008.3 -277.919
-0.454545 -21009.6 -284.173
-0.464646 -21010.9 -290.403
-0.474747 -21012.1 -296.605
-0.484848 -21013.3 -302.781
-0.494949 -21014.5 -308.928
-0.505051 -21015.6 -315.045
-0.515152 -21016.8 -321.134
-0.525253 -21017.8 -327.19
-0.535354 -21018.9 -333.217
-0.545455 -21020 -339.21
-0.555556 -21021.1 -345.173
-0.565657 -21022.1 -351.098
-0.575758 -21023.2 -356.993
-0.585859 -21024.3 -362.847
-0.59596 -21025.4 -368.672
-0.606061 -21026.5 -374.453
-0.616162 -21027.6 -380.205
-0.626263 -21028.7 -385.909
-0.636364 -21029.9 -391.585
-0.646465 -21031 -397.209
-0.656566 -21032.2 -402.805
-0.666667 -21033.5 -408.347
-0.676768 -21034.7 -413.86
-0.686869 -21036 -419.316
-0.69697 -21037.4 -424.745
-0.707071 -21038.7 -430.113
-0.717172 -21040.1 -435.454
-0.727273 -21041.5 -440.73
-0.737374 -21043 -445.981
-0.747475 -21044.5 -451.164
-0.757576 -21046 -456.324
-0.767677 -21047.6 -461.411
-0.777778 -21049.2 -466.477
-0.787879 -21050.8 -471.468
-0.79798 -21052.4 -476.438
-0.808081 -21054.1 -481.33
-0.818182 -21055.7 -486.204
-0.828283 -21057.4 -490.998
-0.838384 -21059.1 -495.774
-0.848485 -21060.8 -500.469
-0.858586 -21062.4 -505.148
-0.868687 -21064.1 -509.743
-0.878788 -21065.7 -514.324
-0.888889 -21067.2 -518.819
-0.89899 -21068.8 -523.303
-0.909091 -21070.2 -527.699
-0.919192 -21071.6 -532.086
-0.929293 -21072.8 -536.385
-0.939394 -21074 -540.677
-0.949495 -21075 -544.884
-0.959596 -21075.9 -549.086
-0.969697 -21076.6 -553.215
-0.979798 -21077.2 -557.341
-0.989899 -21077.5 -561.35
-1 -21077.7 -565.357
