0 22468.5 0.00161631
-0.010101 22860.1 3.10463
-0.020202 22836.4 6.20712
-0.030303 22815.3 9.35836
-0.040404 22794.4 12.51
-0.0505051 22776.4 15.6704
-0.0606061 22758.5 18.8354
-0.0707071 22743.6 22.073
-0.0808081 22728.9 25.3174
-0.0909091 22716.9 28.6402
-0.10101 22705.2 31.9705
-0.111111 22695.9 35.3671
-0.121212 22686.9 38.7708
-0.131313 22680 42.227
-0.141414 22673.5 45.69
-0.151515 22668.7 49.1947
-0.161616 22664.2 52.706
-0.171717 22661.1 56.2515
-0.181818 22658.3 59.8033
-0.191919 22656.7 63.3839
-0.20202 22655.2 66.9706
-0.212121 22654.7 70.5814
-0.222222 22654.3 74.1976
-0.232323 22654.6 77.8333
-0.242424 22655.1 81.4735
-0.252525 22656 85.1282
-0.262626 22657 88.7862
-0.272727 22658.4 92.4538
-0.282828 22659.8 96.1232
-0.292929 22661.4 99.7972
-0.30303 22663.1 103.471
-0.313131 22664.9 107.146
-0.323232 22666.7 110.818
-0.333333 22668.5 114.487
-0.343434 22670.3 118.153
-0.353535 22672.2 121.811
-0.363636 22674 125.464
-0.373737 22675.7 129.107
-0.383838 22677.5 132.742
-0.393939 22679.2 136.366
-0.40404 22680.9 139.98
-0.414141 22682.5 143.581
-0.424242 22684.1 147.171
-0.434343 22685.6 150.745
-0.444444 22687.1 154.307
-0.454545 22688.5 157.853
-0.464646 22690 161.385
-0.474747 22691.3 164.9
-0.484848 22692.7 168.399
-0.494949 22694 171.881
-0.505051 22695.2 175.345
-0.515152 22696.5 178.792
-0.525253 22697.7 182.219
-0.535354 22699 185.629
-0.545455 22700.2 189.018
-0.555556 22701.4 192.389
-0.565657 22702.6 195.738
-0.575758 22703.8 199.068
-0.585859 22705 202.375
-0.59596 22706.3 205.664
-0.606061 22707.5 208.926
-0.616162 22708.7 212.172
-0.626263 22710 215.389
-0.636364 22711.3 218.59
-0.646465 22712.6 221.761
-0.656566 22713.9 224.915
-0.666667 22715.3 228.038
-0.676768 22716.7 231.145
-0.686869 22718.1 234.218
-0.69697 22719.5 237.277
-0.707071 22721 240.301
-0.717172 22722.5 243.31
-0.727273 22724.1 246.283
-0.737374 22725.6 249.242
-0.747475 22727.2 252.164
-0.757576 22728.8 255.073
-0.767677 22730.5 257.944
-0.777778 22732.1 260.802
-0.787879 22733.8 263.623
-0.79798 22735.5 266.432
-0.808081 22737.2 269.202
-0.818182 22739 271.962
-0.828283 22740.7 274.682
-0.838384 22742.4 277.394
-0.848485 22744.1 280.067
-0.858586 22745.8 282.732
-0.868687 22747.4 285.357
-0.878788 22749 287.976
-0.888889 22750.5 290.556
-0.89899 22752.1 293.131
-0.909091 22753.4 295.666
-0.919192 22754.8 298.198
-0.929293 22756 300.691
-0.939394 22757.2 303.181
-0.949495 22758.1 305.636
-0.959596 22759 308.088
-0.969697 22759.6 310.514
-0.979798 22760.1 312.939
-0.989899 22760.4 315.289
-1 22760.6 317.638
