0 17455.1 0.0020586
-0.010101 16418 -9.48946
-0.020202 16415.5 -18.9997
-0.030303 16409.9 -29.3377
-0.040404 16404.2 -39.683
-0.0505051 16396.6 -50.2042
-0.0606061 16388.9 -60.7329
-0.0707071 16380.3 -71.3806
-0.0808081 16371.7 -82.0343
-0.0909091 16362.9 -92.7564
-0.10101 16354.2 -103.483
-0.111111 16345.7 -114.246
-0.121212 16337.3 -125.011
-0.131313 16329.5 -135.795
-0.141414 16321.9 -146.579
-0.151515 16315 -157.37
-0.161616 16308.3 -168.16
-0.171717 16302.4 -178.946
-0.181818 16296.7 -189.73
-0.191919 16291.9 -200.502
-0.20202 16287.3 -211.269
-0.212121 16283.5 -222.016
-0.222222 16279.9 -232.756
-0.232323 16277 -243.47
-0.242424 16274.4 -254.175
-0.252525 16272.3 -264.848
-0.262626 16270.5 -275.509
-0.272727 16269.2 -286.136
-0.282828 16268 -296.748
-0.292929 16267.3 -307.323
-0.30303 16266.7 -317.881
-0.313131 16266.5 -328.401
-0.323232 16266.4 -338.902
-0.333333 16266.6 -349.364
-0.343434 16266.9 -359.804
-0.353535 16267.4 -370.205
-0.363636 16268 -380.583
-0.373737 16268.7 -390.92
-0.383838 16269.5 -401.233
-0.393939 16270.3 -411.505
-0.40404 16271.3 -421.75
-0.414141 16272.3 -431.954
-0.424242 16273.3 -442.128
-0.434343 16274.3 -452.261
-0.444444 16275.4 -462.362
-0.454545 16276.5 -472.422
-0.464646 16277.6 -482.446
-0.474747 16278.7 -492.429
-0.484848 16279.9 -502.373
-0.494949 16281 -512.275
-0.505051 16282.1 -522.135
-0.515152 16283.2 -531.952
-0.525253 16284.3 -541.724
-0.535354 16285.4 -551.452
-0.545455 16286.5 -561.13
-0.555556 16287.6 -570.765
-0.565657 16288.7 -580.345
-0.575758 16289.8 -589.882
-0.585859 16290.9 -599.358
-0.59596 16292 -608.79
-0.606061 16293 -618.157
-0.616162 16294.1 -627.48
-0.626263 16295.2 -636.732
-0.636364 16296.3 -645.94
-0.646465 16297.3 -655.069
-0.656566 16298.4 -664.155
-0.666667 16299.5 -673.156
-0.676768 16300.6 -682.113
-0.686869 16301.7 -690.979
-0.69697 16302.7 -699.801
-0.707071 16303.8 -708.523
-0.717172 16304.9 -717.202
-0.727273 16306 -725.774
-0.737374 16307 -734.303
-0.747475 16308.1 -742.715
-0.757576 16309.2 -751.087
-0.767677 16310.2 -759.332
-0.777778 16311.2 -767.538
-0.787879 16312.2 -775.609
-0.79798 16313.2 -783.641
-0.808081 16314.1 -791.529
-0.818182 16315 -799.38
-0.828283 16315.9 -807.077
-0.838384 16316.8 -814.739
-0.848485 16317.5 -822.238
-0.858586 16318.3 -829.705
-0.868687 16318.9 -836.999
-0.878788 16319.6 -844.264
-0.888889 16320.1 -851.348
-0.89899 16320.6 -858.406
-0.909091 16321 -865.275
-0.919192 16321.4 -872.123
-0.929293 16321.7 -878.775
-0.939394 16321.9 -885.411
-0.949495 16322.1 -891.851
-0.959596 16322.2 -898.278
-0.969697 16322.2 -904.521
-0.979798 16322.3 -910.755
-0.989899 16322.3 -916.843
-1 16322.3 -922.929
