0 19009.6 0.00203177
-0.010101 19827.7 6.94763
-0.020202 19801.8 13.8985
-0.030303 19780.1 21.2041
-0.040404 19758.5 28.5128
-0.0505051 19741 35.8948
-0.0606061 19723.6 43.2848
-0.0707071 19709.9 50.7995
-0.0808081 19696.4 58.3241
-0.0909091 19686.1 65.9618
-0.10101 19676 73.6094
-0.111111 19668.6 81.3451
-0.121212 19661.5 89.0897
-0.131313 19656.6 96.9001
-0.141414 19652 104.718
-0.151515 19649.1 112.586
-0.161616 19646.4 120.461
-0.171717 19645.1 128.373
-0.181818 19644 136.291
-0.191919 19643.9 144.237
-0.20202 19643.9 152.188
-0.212121 19644.7 160.16
-0.222222 19645.6 168.134
-0.232323 19647 176.122
-0.242424 19648.5 184.11
-0.252525 19650.3 192.104
-0.262626 19652.1 200.098
-0.272727 19654.1 208.089
-0.282828 19656.1 216.077
-0.292929 19658.2 224.057
-0.30303 19660.3 232.031
-0.313131 19662.4 239.992
-0.323232 19664.4 247.943
-0.333333 19666.4 255.876
-0.343434 19668.4 263.797
-0.353535 19670.3 271.696
-0.363636 19672.1 279.581
-0.373737 19673.8 287.439
-0.383838 19675.5 295.28
-0.393939 19677.1 303.093
-0.40404 19678.7 310.886
-0.414141 19680.2 318.648
-0.424242 19681.6 326.388
-0.434343 19682.9 334.095
-0.444444 19684.2 341.777
-0.454545 19685.4 349.425
-0.464646 19686.6 357.044
-0.474747 19687.8 364.63
-0.484848 19688.9 372.183
-0.494949 19689.9 379.702
-0.505051 19691 387.186
-0.515152 19692 394.634
-0.525253 19693 402.044
-0.535354 19694 409.418
-0.545455 19694.9 416.751
-0.555556 19695.9 424.048
-0.565657 19696.9 431.299
-0.575758 19697.9 438.515
-0.585859 19698.8 445.681
-0.59596 19699.8 452.812
-0.606061 19700.8 459.89
-0.616162 19701.8 466.932
-0.626263 19702.9 473.916
-0.636364 19703.9 480.866
-0.646465 19705 487.753
-0.656566 19706.1 494.606
-0.666667 19707.3 501.393
-0.676768 19708.4 508.146
-0.686869 19709.7 514.829
-0.69697 19710.9 521.478
-0.707071 19712.2 528.052
-0.717172 19713.5 534.593
-0.727273 19714.8 541.055
-0.737374 19716.2 547.487
-0.747475 19717.6 553.833
-0.757576 19719 560.151
-0.767677 19720.5 566.379
-0.777778 19722 572.58
-0.787879 19723.6 578.688
-0.79798 19725.1 584.769
-0.808081 19726.7 590.754
-0.818182 19728.3 596.715
-0.828283 19729.9 602.575
-0.838384 19731.6 608.412
-0.848485 19733.2 614.146
-0.858586 19734.8 619.86
-0.868687 19736.4 625.466
-0.878788 19738 631.055
-0.888889 19739.6 636.534
-0.89899 19741.1 641.998
-0.909091 19742.5 647.349
-0.919192 19743.9 652.687
-0.929293 19745.1 657.912
-0.939394 19746.3 663.127
-0.949495 19747.3 668.231
-0.959596 19748.3 673.328
-0.969697 19749 678.328
-0.979798 19749.6 683.324
-0.989899 19749.8 688.182
-1 19750.1 693.038
