0 -22547.7 -0.00222388
-0.010101 -22045.8 4.82816
-0.020202 -22032.7 9.67134
-0.030303 -22018.7 15.0426
-0.040404 -22004.7 20.4185
-0.0505051 -21990.9 25.9065
-0.0606061 -21977.1 31.3972
-0.0707071 -21964.1 36.9313
-0.0808081 -21951.2 42.4659
-0.0909091 -21939.5 48.0074
-0.10101 -21928 53.5479
-0.111111 -21917.8 59.08
-0.121212 -21907.9 64.6102
-0.131313 -21899.4 70.1263
-0.141414 -21891.1 75.6397
-0.151515 -21884.1 81.1364
-0.161616 -21877.5 86.6292
-0.171717 -21872.1 92.1026
-0.181818 -21866.9 97.5711
-0.191919 -21862.9 103.017
-0.20202 -21859.2 108.457
-0.212121 -21856.3 113.871
-0.222222 -21853.8 119.278
-0.232323 -21852 124.658
-0.242424 -21850.4 130.029
-0.252525 -21849.5 135.372
-0.262626 -21848.8 140.705
-0.272727 -21848.6 146.011
-0.282828 -21848.5 151.305
-0.292929 -21848.8 156.573
-0.30303 -21849.2 161.829
-0.313131 -21849.9 167.059
-0.323232 -21850.7 172.278
-0.333333 -21851.7 177.471
-0.343434 -21852.8 182.653
-0.353535 -21854 187.811
-0.363636 -21855.3 192.957
-0.373737 -21856.6 198.08
-0.383838 -21858 203.191
-0.393939 -21859.4 208.28
-0.40404 -21860.8 213.355
-0.414141 -21862.3 218.41
-0.424242 -21863.7 223.451
-0.434343 -21865.2 228.471
-0.444444 -21866.6 233.476
-0.454545 -21868.1 238.461
-0.464646 -21869.5 243.429
-0.474747 -21870.9 248.378
-0.484848 -21872.3 253.309
-0.494949 -21873.7 258.22
-0.505051 -21875 263.112
-0.515152 -21876.4 267.984
-0.525253 -21877.7 272.834
-0.535354 -21879.1 277.664
-0.545455 -21880.4 282.471
-0.555556 -21881.7 287.258
-0.565657 -21883 292.019
-0.575758 -21884.3 296.76
-0.585859 -21885.6 301.473
-0.59596 -21886.9 306.165
-0.606061 -21888.3 310.825
-0.616162 -21889.6 315.465
-0.626263 -21890.9 320.071
-0.636364 -21892.3 324.656
-0.646465 -21893.6 329.203
-0.656566 -21895 333.729
-0.666667 -21896.4 338.213
-0.676768 -21897.8 342.677
-0.686869 -21899.2 347.094
-0.69697 -21900.6 351.491
-0.707071 -21902 355.838
-0.717172 -21903.5 360.163
-0.727273 -21904.9 364.434
-0.737374 -21906.4 368.683
-0.747475 -21907.9 372.872
-0.757576 -21909.4 377.041
-0.767677 -21910.8 381.143
-0.777778 -21912.3 385.226
-0.787879 -21913.8 389.236
-0.79798 -21915.3 393.227
-0.808081 -21916.8 397.14
-0.818182 -21918.2 401.033
-0.828283 -21919.6 404.842
-0.838384 -21921 408.633
-0.848485 -21922.3 412.334
-0.858586 -21923.7 416.017
-0.868687 -21924.9 419.603
-0.878788 -21926.1 423.174
-0.888889 -21927.2 426.642
-0.89899 -21928.3 430.096
-0.909091 -21929.2 433.443
-0.919192 -21930.2 436.777
-0.929293 -21930.9 439.999
-0.939394 -21931.6 443.212
-0.949495 -21932.2 446.311
-0.959596 -21932.7 449.403
-0.969697 -21933 452.384
-0.979798 -21933.3 455.36
-0.989899 -21933.4 458.275
-1 -21933.5 461.189
