0 16706.4 0.00180815
-0.010101 15622.7 -9.88924
-0.020202 15621.5 -19.7992
-0.030303 15616.8 -30.5604
-0.040404 15612.1 -41.329
-0.0505051 15605.2 -52.2786
-0.0606061 15598.3 -63.2362
-0.0707071 15590.3 -74.3198
-0.0808081 15582.3 -85.4099
-0.0909091 15573.9 -96.5746
-0.10101 15565.5 -107.744
-0.111111 15557.3 -118.955
-0.121212 15549.2 -130.168
-0.131313 15541.6 -141.404
-0.141414 15534.1 -152.641
-0.151515 15527.3 -163.886
-0.161616 15520.6 -175.131
-0.171717 15514.8 -186.375
-0.181818 15509.1 -197.616
-0.191919 15504.3 -208.846
-0.20202 15499.6 -220.072
-0.212121 15495.8 -231.28
-0.222222 15492.1 -242.48
-0.232323 15489.1 -253.655
-0.242424 15486.4 -264.82
-0.252525 15484.2 -275.954
-0.262626 15482.3 -287.076
-0.272727 15480.9 -298.163
-0.282828 15479.6 -309.236
-0.292929 15478.8 -320.27
-0.30303 15478.1 -331.288
-0.313131 15477.8 -342.266
-0.323232 15477.7 -353.225
-0.333333 15477.7 -364.143
-0.343434 15477.9 -375.04
-0.353535 15478.3 -385.895
-0.363636 15478.8 -396.727
-0.373737 15479.5 -407.517
-0.383838 15480.2 -418.281
-0.393939 15481 -429.003
-0.40404 15481.8 -439.696
-0.414141 15482.8 -450.347
-0.424242 15483.7 -460.967
-0.434343 15484.7 -471.544
-0.444444 15485.8 -482.088
-0.454545 15486.8 -492.588
-0.464646 15487.9 -503.051
-0.474747 15489 -513.47
-0.484848 15490 -523.849
-0.494949 15491.1 -534.184
-0.505051 15492.2 -544.475
-0.515152 15493.3 -554.722
-0.525253 15494.3 -564.92
-0.535354 15495.4 -575.073
-0.545455 15496.5 -585.174
-0.555556 15497.5 -595.229
-0.565657 15498.6 -605.227
-0.575758 15499.6 -615.179
-0.585859 15500.7 -625.068
-0.59596 15501.7 -634.912
-0.606061 15502.8 -644.687
-0.616162 15503.8 -654.416
-0.626263 15504.8 -664.07
-0.636364 15505.9 -673.678
-0.646465 15506.9 -683.205
-0.656566 15508 -692.685
-0.666667 15509 -702.078
-0.676768 15510 -711.424
-0.686869 15511.1 -720.675
-0.69697 15512.1 -729.88
-0.707071 15513.1 -738.981
-0.717172 15514.1 -748.038
-0.727273 15515.2 -756.982
-0.737374 15516.2 -765.882
-0.747475 15517.2 -774.66
-0.757576 15518.2 -783.396
-0.767677 15519.1 -792
-0.777778 15520.1 -800.564
-0.787879 15521 -808.986
-0.79798 15522 -817.369
-0.808081 15522.8 -825.601
-0.818182 15523.7 -833.796
-0.828283 15524.5 -841.83
-0.838384 15525.2 -849.829
-0.848485 15526 -857.657
-0.858586 15526.6 -865.453
-0.868687 15527.2 -873.07
-0.878788 15527.8 -880.656
-0.888889 15528.3 -888.055
-0.89899 15528.7 -895.427
-0.909091 15529.1 -902.603
-0.919192 15529.4 -909.757
-0.929293 15529.6 -916.709
-0.939394 15529.8 -923.644
-0.949495 15529.9 -930.376
-0.959596 15530 -937.095
-0.969697 15530 -943.624
-0.979798 15530 -950.144
-0.989899 15530 -956.51
-1 15530 -962.873
