0 -19163 -0.00198022
-0.010101 -18251.5 8.40409
-0.020202 -18246.2 16.8275
-0.030303 -18238.2 26.013
-0.040404 -18230.1 35.2052
-0.0505051 -18220.7 44.5593
-0.0606061 -18211.2 53.9199
-0.0707071 -18201.2 63.3811
-0.0808081 -18191.3 72.847
-0.0909091 -18181.6 82.3661
-0.10101 -18171.9 91.888
-0.111111 -18162.8 101.435
-0.121212 -18153.8 110.984
-0.131313 -18145.7 120.542
-0.141414 -18137.7 130.101
-0.151515 -18130.7 139.659
-0.161616 -18123.9 149.216
-0.171717 -18118.1 158.765
-0.181818 -18112.4 168.311
-0.191919 -18107.7 177.842
-0.20202 -18103.3 187.367
-0.212121 -18099.7 196.871
-0.222222 -18096.3 206.368
-0.232323 -18093.6 215.838
-0.242424 -18091.2 225.298
-0.252525 -18089.4 234.727
-0.262626 -18087.9 244.145
-0.272727 -18086.8 253.529
-0.282828 -18085.9 262.9
-0.292929 -18085.5 272.235
-0.30303 -18085.2 281.555
-0.313131 -18085.2 290.839
-0.323232 -18085.4 300.106
-0.333333 -18085.8 309.336
-0.343434 -18086.3 318.548
-0.353535 -18087 327.723
-0.363636 -18087.7 336.878
-0.373737 -18088.6 345.997
-0.383838 -18089.6 355.093
-0.393939 -18090.6 364.154
-0.40404 -18091.7 373.19
-0.414141 -18092.8 382.19
-0.424242 -18094 391.164
-0.434343 -18095.2 400.102
-0.444444 -18096.4 409.011
-0.454545 -18097.6 417.885
-0.464646 -18098.8 426.727
-0.474747 -18100 435.533
-0.484848 -18101.2 444.305
-0.494949 -18102.5 453.04
-0.505051 -18103.7 461.738
-0.515152 -18104.9 470.4
-0.525253 -18106.1 479.02
-0.535354 -18107.2 487.604
-0.545455 -18108.4 496.143
-0.555556 -18109.6 504.645
-0.565657 -18110.8 513.099
-0.575758 -18111.9 521.514
-0.585859 -18113.1 529.877
-0.59596 -18114.3 538.201
-0.606061 -18115.4 546.468
-0.616162 -18116.6 554.697
-0.626263 -18117.8 562.863
-0.636364 -18118.9 570.99
-0.646465 -18120.1 579.049
-0.656566 -18121.3 587.069
-0.666667 -18122.5 595.015
-0.676768 -18123.6 602.922
-0.686869 -18124.8 610.748
-0.69697 -18126 618.536
-0.707071 -18127.2 626.235
-0.717172 -18128.4 633.897
-0.727273 -18129.6 641.463
-0.737374 -18130.8 648.992
-0.747475 -18132 656.418
-0.757576 -18133.2 663.807
-0.767677 -18134.4 671.084
-0.777778 -18135.5 678.326
-0.787879 -18136.7 685.447
-0.79798 -18137.8 692.534
-0.808081 -18138.9 699.492
-0.818182 -18140 706.418
-0.828283 -18141 713.205
-0.838384 -18142 719.962
-0.848485 -18143 726.572
-0.858586 -18143.9 733.153
-0.868687 -18144.7 739.579
-0.878788 -18145.5 745.979
-0.888889 -18146.2 752.215
-0.89899 -18146.9 758.429
-0.909091 -18147.5 764.471
-0.919192 -18148 770.495
-0.929293 -18148.4 776.343
-0.939394 -18148.8 782.175
-0.949495 -18149 787.83
-0.959596 -18149.3 793.474
-0.969697 -18149.4 798.948
-0.979798 -18149.5 804.416
-0.989899 -18149.5 809.759
-1 -18149.6 815.099
