0 -21804.8 -0.00224876
-0.010101 -21169.3 5.88904
-0.020202 -21148.9 11.7922
-0.030303 -21128.9 18.1771
-0.040404 -21108.9 24.5644
-0.0505051 -21091.4 31.0074
-0.0606061 -21074.1 37.4531
-0.0707071 -21060.1 43.9407
-0.0808081 -21046.4 50.431
-0.0909091 -21036.2 56.9528
-0.10101 -21026.3 63.477
-0.111111 -21019.2 70.0221
-0.121212 -21012.5 76.5687
-0.131313 -21008 83.1265
-0.141414 -21003.8 89.685
-0.151515 -21001.2 96.2473
-0.161616 -20998.7 102.809
-0.171717 -20997.3 109.37
-0.181818 -20996.1 115.929
-0.191919 -20995.5 122.482
-0.20202 -20995 129.033
-0.212121 -20995 135.576
-0.222222 -20995 142.115
-0.232323 -20995.2 148.644
-0.242424 -20995.5 155.168
-0.252525 -20995.9 161.68
-0.262626 -20996.4 168.186
-0.272727 -20997 174.678
-0.282828 -20997.5 181.163
-0.292929 -20998.2 187.632
-0.30303 -20998.8 194.094
-0.313131 -20999.5 200.538
-0.323232 -21000.2 206.973
-0.333333 -21000.9 213.39
-0.343434 -21001.7 219.796
-0.353535 -21002.4 226.182
-0.363636 -21003.2 232.556
-0.373737 -21004 238.91
-0.383838 -21004.8 245.249
-0.393939 -21005.6 251.567
-0.40404 -21006.4 257.869
-0.414141 -21007.2 264.149
-0.424242 -21008.1 270.411
-0.434343 -21008.9 276.65
-0.444444 -21009.8 282.869
-0.454545 -21010.7 289.063
-0.464646 -21011.6 295.237
-0.474747 -21012.5 301.385
-0.484848 -21013.4 307.509
-0.494949 -21014.4 313.608
-0.505051 -21015.3 319.68
-0.515152 -21016.3 325.726
-0.525253 -21017.3 331.743
-0.535354 -21018.3 337.734
-0.545455 -21019.3 343.693
-0.555556 -21020.4 349.626
-0.565657 -21021.4 355.523
-0.575758 -21022.5 361.394
-0.585859 -21023.6 367.227
-0.59596 -21024.7 373.033
-0.606061 -21025.8 378.798
-0.616162 -21026.9 384.536
-0.626263 -21028 390.23
-0.636364 -21029.2 395.896
-0.646465 -21030.4 401.515
-0.656566 -21031.6 407.107
-0.666667 -21032.8 412.647
-0.676768 -21034 418.16
-0.686869 -21035.3 423.618
-0.69697 -21036.6 429.049
-0.707071 -21037.9 434.42
-0.717172 -21039.2 439.766
-0.727273 -21040.5 445.048
-0.737374 -21041.8 450.304
-0.747475 -21043.2 455.491
-0.757576 -21044.6 460.654
-0.767677 -21046 465.743
-0.777778 -21047.4 470.809
-0.787879 -21048.8 475.796
-0.79798 -21050.3 480.76
-0.808081 -21051.8 485.64
-0.818182 -21053.2 490.498
-0.828283 -21054.7 495.267
-0.838384 -21056.2 500.016
-0.848485 -21057.7 504.669
-0.858586 -21059.2 509.304
-0.868687 -21060.6 513.837
-0.878788 -21062.1 518.354
-0.888889 -21063.5 522.763
-0.89899 -21064.9 527.158
-0.909091 -21066.2 531.441
-0.919192 -21067.5 535.71
-0.929293 -21068.6 539.864
-0.939394 -21069.7 544.007
-0.949495 -21070.5 548.033
-0.959596 -21071.3 552.051
-0.969697 -21071.8 555.957
-0.979798 -21072.4 559.859
-0.989899 -21072.5 563.661
-1 -21072.7 567.461
