0 -2832.77 -0.000410491
-0.010101 -1369.21 13.0349
-0.020202 -1384.28 26.0902
-0.030303 -1393.72 40.1152
-0.040404 -1402.97 54.1489
-0.0505051 -1407.91 68.387
-0.0606061 -1412.63 82.6372
-0.0707071 -1414.16 97.0757
-0.0808081 -1415.5 111.526
-0.0909091 -1414.57 126.112
-0.10101 -1413.47 140.709
-0.111111 -1410.88 155.396
-0.121212 -1408.15 170.092
-0.131313 -1404.53 184.847
-0.141414 -1400.82 199.609
-0.151515 -1396.67 214.408
-0.161616 -1392.48 229.212
-0.171717 -1388.17 244.037
-0.181818 -1383.88 258.865
-0.191919 -1379.69 273.7
-0.20202 -1375.56 288.534
-0.212121 -1371.67 303.364
-0.222222 -1367.88 318.19
-0.232323 -1364.41 333.001
-0.242424 -1361.06 347.805
-0.252525 -1358.06 362.584
-0.262626 -1355.2 377.352
-0.272727 -1352.7 392.089
-0.282828 -1350.34 406.81
-0.292929 -1348.32 421.493
-0.30303 -1346.44 436.157
-0.313131 -1344.87 450.777
-0.323232 -1343.43 465.376
-0.333333 -1342.26 479.927
-0.343434 -1341.2 494.451
-0.353535 -1340.38 508.925
-0.363636 -1339.67 523.37
-0.373737 -1339.14 537.761
-0.383838 -1338.7 552.119
-0.393939 -1338.41 566.421
-0.40404 -1338.2 580.687
-0.414141 -1338.1 594.896
-0.424242 -1338.06 609.063
-0.434343 -1338.11 623.173
-0.444444 -1338.2 637.236
-0.454545 -1338.36 651.242
-0.464646 -1338.55 665.196
-0.474747 -1338.79 679.091
-0.484848 -1339.05 692.93
-0.494949 -1339.33 706.709
-0.505051 -1339.63 720.428
-0.515152 -1339.94 734.085
-0.525253 -1340.26 747.676
-0.535354 -1340.59 761.205
-0.545455 -1340.92 774.662
-0.555556 -1341.24 788.057
-0.565657 -1341.57 801.372
-0.575758 -1341.88 814.625
-0.585859 -1342.19 827.793
-0.59596 -1342.49 840.897
-0.606061 -1342.78 853.908
-0.616162 -1343.06 866.857
-0.626263 -1343.32 879.704
-0.636364 -1343.57 892.488
-0.646465 -1343.8 905.163
-0.656566 -1344.02 917.775
-0.666667 -1344.22 930.269
-0.676768 -1344.4 942.701
-0.686869 -1344.55 955.004
-0.69697 -1344.69 967.247
-0.707071 -1344.8 979.352
-0.717172 -1344.89 991.397
-0.727273 -1344.95 1003.29
-0.737374 -1344.99 1015.13
-0.747475 -1344.98 1026.81
-0.757576 -1344.96 1038.43
-0.767677 -1344.89 1049.89
-0.777778 -1344.79 1061.28
-0.787879 -1344.64 1072.5
-0.79798 -1344.48 1083.67
-0.808081 -1344.25 1094.64
-0.818182 -1344 1105.56
-0.828283 -1343.69 1116.28
-0.838384 -1343.35 1126.96
-0.848485 -1342.95 1137.42
-0.858586 -1342.54 1147.84
-0.868687 -1342.06 1158.03
-0.878788 -1341.57 1168.19
-0.888889 -1341.03 1178.12
-0.89899 -1340.48 1188.01
-0.909091 -1339.89 1197.65
-0.919192 -1339.31 1207.27
-0.929293 -1338.72 1216.65
-0.939394 -1338.13 1226
-0.949495 -1337.6 1235.1
-0.959596 -1337.07 1244.19
-0.969697 -1336.67 1253.05
-0.979798 -1336.27 1261.9
-0.989899 -1336.11 1270.52
-1 -1335.95 1279.15
