0 -671.876 -9.74241e-05
-0.010101 795.638 13.0381
-0.020202 778.692 26.0956
-0.030303 767.503 40.105
-0.040404 756.502 54.1227
-0.0505051 750.001 68.3402
-0.0606061 743.716 82.5697
-0.0707071 740.83 96.9892
-0.0808081 738.157 111.421
-0.0909091 737.949 125.992
-0.10101 737.929 140.573
-0.111111 739.605 155.249
-0.121212 741.429 169.933
-0.131313 744.338 184.68
-0.141414 747.347 199.434
-0.151515 750.968 214.228
-0.161616 754.639 229.027
-0.171717 758.571 243.849
-0.181818 762.506 258.673
-0.191919 766.453 273.508
-0.20202 770.362 288.342
-0.212121 774.114 303.174
-0.222222 777.795 318.003
-0.232323 781.217 332.818
-0.242424 784.541 347.626
-0.252525 787.555 362.412
-0.262626 790.453 377.187
-0.272727 793.023 391.932
-0.282828 795.468 406.662
-0.292929 797.594 421.355
-0.30303 799.592 436.029
-0.313131 801.295 450.661
-0.323232 802.874 465.271
-0.333333 804.191 479.834
-0.343434 805.392 494.371
-0.353535 806.369 508.858
-0.363636 807.24 523.316
-0.373737 807.926 537.72
-0.383838 808.519 552.091
-0.393939 808.963 566.408
-0.40404 809.328 580.687
-0.414141 809.577 594.909
-0.424242 809.761 609.09
-0.434343 809.858 623.214
-0.444444 809.903 637.291
-0.454545 809.885 651.309
-0.464646 809.829 665.277
-0.474747 809.728 679.185
-0.484848 809.601 693.037
-0.494949 809.446 706.828
-0.505051 809.273 720.559
-0.515152 809.084 734.228
-0.525253 808.887 747.831
-0.535354 808.682 761.372
-0.545455 808.476 774.84
-0.555556 808.27 788.246
-0.565657 808.068 801.572
-0.575758 807.87 814.836
-0.585859 807.683 828.014
-0.59596 807.502 841.129
-0.606061 807.337 854.15
-0.616162 807.18 867.108
-0.626263 807.043 879.964
-0.636364 806.917 892.758
-0.646465 806.813 905.441
-0.656566 806.722 918.063
-0.666667 806.658 930.565
-0.676768 806.608 943.005
-0.686869 806.589 955.317
-0.69697 806.585 967.568
-0.707071 806.617 979.681
-0.717172 806.665 991.734
-0.727273 806.755 1003.64
-0.737374 806.862 1015.48
-0.747475 807.017 1027.17
-0.757576 807.188 1038.8
-0.767677 807.414 1050.26
-0.777778 807.657 1061.67
-0.787879 807.961 1072.9
-0.79798 808.281 1084.07
-0.808081 808.666 1095.05
-0.818182 809.067 1105.99
-0.828283 809.536 1116.72
-0.838384 810.019 1127.4
-0.848485 810.568 1137.88
-0.858586 811.129 1148.31
-0.868687 811.749 1158.52
-0.878788 812.379 1168.69
-0.888889 813.054 1178.63
-0.89899 813.734 1188.53
-0.909091 814.434 1198.2
-0.919192 815.135 1207.84
-0.929293 815.818 1217.23
-0.939394 816.498 1226.6
-0.949495 817.104 1235.72
-0.959596 817.705 1244.83
-0.969697 818.156 1253.71
-0.979798 818.6 1262.59
-0.989899 818.777 1271.24
-1 818.949 1279.88
