0 -13161.8 -0.00146043
-0.010101 -14342.8 -10.2651
-0.020202 -14317.5 -20.5404
-0.030303 -14297.6 -31.4577
-0.040404 -14277.9 -42.3806
-0.0505051 -14262.8 -53.438
-0.0606061 -14247.9 -64.506
-0.0707071 -14237 -75.7407
-0.0808081 -14226.4 -86.9873
-0.0909091 -14219 -98.3717
-0.10101 -14211.9 -109.767
-0.111111 -14207.4 -121.264
-0.121212 -14203.1 -132.771
-0.131313 -14200.8 -144.351
-0.141414 -14198.8 -155.939
-0.151515 -14198.2 -167.578
-0.161616 -14197.8 -179.225
-0.171717 -14198.5 -190.908
-0.181818 -14199.3 -202.596
-0.191919 -14200.9 -214.309
-0.20202 -14202.5 -226.025
-0.212121 -14204.6 -237.754
-0.222222 -14206.8 -249.485
-0.232323 -14209.2 -261.219
-0.242424 -14211.6 -272.952
-0.252525 -14214.1 -284.679
-0.262626 -14216.5 -296.401
-0.272727 -14219 -308.109
-0.282828 -14221.4 -319.809
-0.292929 -14223.8 -331.489
-0.30303 -14226.1 -343.156
-0.313131 -14228.3 -354.796
-0.323232 -14230.4 -366.422
-0.333333 -14232.3 -378.014
-0.343434 -14234.2 -389.588
-0.353535 -14235.9 -401.126
-0.363636 -14237.6 -412.641
-0.373737 -14239.1 -424.116
-0.383838 -14240.5 -435.566
-0.393939 -14241.9 -446.973
-0.40404 -14243.1 -458.35
-0.414141 -14244.2 -469.682
-0.424242 -14245.3 -480.981
-0.434343 -14246.3 -492.234
-0.444444 -14247.2 -503.45
-0.454545 -14248.1 -514.618
-0.464646 -14248.9 -525.745
-0.474747 -14249.7 -536.823
-0.484848 -14250.4 -547.856
-0.494949 -14251.1 -558.839
-0.505051 -14251.8 -569.773
-0.515152 -14252.4 -580.656
-0.525253 -14253 -591.485
-0.535354 -14253.6 -602.263
-0.545455 -14254.2 -612.982
-0.555556 -14254.8 -623.65
-0.565657 -14255.4 -634.253
-0.575758 -14256 -644.806
-0.585859 -14256.7 -655.288
-0.59596 -14257.3 -665.719
-0.606061 -14257.9 -676.073
-0.616162 -14258.6 -686.377
-0.626263 -14259.2 -696.599
-0.636364 -14259.9 -706.77
-0.646465 -14260.7 -716.852
-0.656566 -14261.4 -726.884
-0.666667 -14262.2 -736.82
-0.676768 -14263 -746.707
-0.686869 -14263.9 -756.491
-0.69697 -14264.7 -766.227
-0.707071 -14265.6 -775.853
-0.717172 -14266.6 -785.431
-0.727273 -14267.6 -794.893
-0.737374 -14268.6 -804.308
-0.747475 -14269.6 -813.598
-0.757576 -14270.7 -822.845
-0.767677 -14271.9 -831.959
-0.777778 -14273 -841.031
-0.787879 -14274.2 -849.963
-0.79798 -14275.5 -858.855
-0.808081 -14276.8 -867.601
-0.818182 -14278.1 -876.309
-0.828283 -14279.4 -884.862
-0.838384 -14280.8 -893.382
-0.848485 -14282.1 -901.741
-0.858586 -14283.5 -910.068
-0.868687 -14284.9 -918.228
-0.878788 -14286.3 -926.36
-0.888889 -14287.7 -934.319
-0.89899 -14289 -942.254
-0.909091 -14290.3 -950.01
-0.919192 -14291.6 -957.746
-0.929293 -14292.7 -965.301
-0.939394 -14293.9 -972.84
-0.949495 -14294.8 -980.2
-0.959596 -14295.7 -987.549
-0.969697 -14296.4 -994.736
-0.979798 -14297 -1001.92
-0.989899 -14297.3 -1008.91
-1 -14297.5 -1015.9
