0 -3905.42 -0.00049628
-0.010101 -2448.46 12.9941
-0.020202 -2462.53 26.0089
-0.030303 -2471.06 39.999
-0.040404 -2479.41 53.9976
-0.0505051 -2483.54 68.2021
-0.0606061 -2487.48 82.4184
-0.0707071 -2488.32 96.8211
-0.0808081 -2488.97 111.235
-0.0909091 -2487.48 125.783
-0.10101 -2485.83 140.341
-0.111111 -2482.77 154.987
-0.121212 -2479.61 169.641
-0.131313 -2475.63 184.353
-0.141414 -2471.6 199.071
-0.151515 -2467.18 213.825
-0.161616 -2462.75 228.583
-0.171717 -2458.27 243.361
-0.181818 -2453.81 258.141
-0.191919 -2449.51 272.928
-0.20202 -2445.28 287.713
-0.212121 -2441.33 302.493
-0.222222 -2437.49 317.268
-0.232323 -2434.01 332.028
-0.242424 -2430.65 346.78
-0.252525 -2427.68 361.507
-0.262626 -2424.84 376.222
-0.272727 -2422.38 390.905
-0.282828 -2420.07 405.572
-0.292929 -2418.11 420.201
-0.30303 -2416.29 434.81
-0.313131 -2414.79 449.376
-0.323232 -2413.42 463.919
-0.333333 -2412.33 478.415
-0.343434 -2411.35 492.885
-0.353535 -2410.61 507.303
-0.363636 -2409.97 521.692
-0.373737 -2409.52 536.029
-0.383838 -2409.16 550.331
-0.393939 -2408.95 564.579
-0.40404 -2408.81 578.789
-0.414141 -2408.79 592.944
-0.424242 -2408.82 607.056
-0.434343 -2408.94 621.112
-0.444444 -2409.11 635.121
-0.454545 -2409.34 649.073
-0.464646 -2409.6 662.974
-0.474747 -2409.9 676.815
-0.484848 -2410.22 690.602
-0.494949 -2410.57 704.328
-0.505051 -2410.93 717.994
-0.515152 -2411.3 731.6
-0.525253 -2411.68 745.139
-0.535354 -2412.07 758.617
-0.545455 -2412.46 772.023
-0.555556 -2412.84 785.367
-0.565657 -2413.22 798.632
-0.575758 -2413.6 811.836
-0.585859 -2413.97 824.953
-0.59596 -2414.33 838.009
-0.606061 -2414.68 850.972
-0.616162 -2415.01 863.872
-0.626263 -2415.34 876.671
-0.636364 -2415.65 889.408
-0.646465 -2415.94 902.036
-0.656566 -2416.23 914.602
-0.666667 -2416.49 927.049
-0.676768 -2416.74 939.435
-0.686869 -2416.96 951.693
-0.69697 -2417.17 963.891
-0.707071 -2417.34 975.951
-0.717172 -2417.51 987.952
-0.727273 -2417.64 999.804
-0.737374 -2417.75 1011.6
-0.747475 -2417.82 1023.23
-0.757576 -2417.87 1034.81
-0.767677 -2417.87 1046.22
-0.777778 -2417.86 1057.58
-0.787879 -2417.79 1068.75
-0.79798 -2417.7 1079.88
-0.808081 -2417.55 1090.81
-0.818182 -2417.38 1101.69
-0.828283 -2417.14 1112.37
-0.838384 -2416.89 1123
-0.848485 -2416.56 1133.42
-0.858586 -2416.22 1143.8
-0.868687 -2415.82 1153.95
-0.878788 -2415.4 1164.07
-0.888889 -2414.92 1173.95
-0.89899 -2414.44 1183.8
-0.909091 -2413.91 1193.41
-0.919192 -2413.38 1202.99
-0.929293 -2412.85 1212.32
-0.939394 -2412.31 1221.63
-0.949495 -2411.82 1230.69
-0.959596 -2411.33 1239.73
-0.969697 -2410.95 1248.55
-0.979798 -2410.57 1257.35
-0.989899 -2410.42 1265.94
-1 -2410.27 1274.53
