0 -1754.17 -0.000232467
-0.010101 -287.09 13.0491
-0.020202 -303.116 26.1182
-0.030303 -313.441 40.1494
-0.040404 -323.581 54.1891
-0.0505051 -329.305 68.4315
-0.0606061 -334.819 82.686
-0.0707071 -337.03 97.1301
-0.0808081 -339.036 111.586
-0.0909091 -338.677 126.181
-0.10101 -338.14 140.785
-0.111111 -336.002 155.483
-0.121212 -333.728 170.189
-0.131313 -330.458 184.957
-0.141414 -327.1 199.731
-0.151515 -323.207 214.545
-0.161616 -319.278 229.363
-0.171717 -315.152 244.204
-0.181818 -311.037 259.047
-0.191919 -306.964 273.899
-0.20202 -302.941 288.75
-0.212121 -299.118 303.599
-0.222222 -295.377 318.443
-0.232323 -291.929 333.274
-0.242424 -288.587 348.098
-0.252525 -285.582 362.898
-0.262626 -282.699 377.687
-0.272727 -280.163 392.445
-0.282828 -277.757 407.188
-0.292929 -275.684 421.894
-0.30303 -273.742 436.581
-0.313131 -272.104 451.224
-0.323232 -270.592 465.846
-0.333333 -269.348 480.42
-0.343434 -268.22 494.969
-0.353535 -267.32 509.466
-0.363636 -266.525 523.934
-0.373737 -265.918 538.35
-0.383838 -265.401 552.731
-0.393939 -265.035 567.058
-0.40404 -264.745 581.347
-0.414141 -264.572 595.579
-0.424242 -264.461 609.77
-0.434343 -264.437 623.903
-0.444444 -264.462 637.99
-0.454545 -264.55 652.018
-0.464646 -264.675 665.996
-0.474747 -264.842 679.913
-0.484848 -265.035 693.775
-0.494949 -265.255 707.577
-0.505051 -265.491 721.317
-0.515152 -265.742 734.997
-0.525253 -266.001 748.609
-0.535354 -266.267 762.16
-0.545455 -266.533 775.638
-0.555556 -266.8 789.054
-0.565657 -267.061 802.39
-0.575758 -267.319 815.664
-0.585859 -267.566 828.851
-0.59596 -267.807 841.976
-0.606061 -268.033 855.007
-0.616162 -268.25 867.976
-0.626263 -268.45 880.842
-0.636364 -268.638 893.646
-0.646465 -268.805 906.34
-0.656566 -268.96 918.971
-0.666667 -269.089 931.483
-0.676768 -269.205 943.934
-0.686869 -269.291 956.256
-0.69697 -269.363 968.517
-0.707071 -269.4 980.639
-0.717172 -269.423 992.702
-0.727273 -269.404 1004.62
-0.737374 -269.37 1016.47
-0.747475 -269.289 1028.17
-0.757576 -269.191 1039.81
-0.767677 -269.04 1051.28
-0.777778 -268.873 1062.69
-0.787879 -268.646 1073.93
-0.79798 -268.402 1085.11
-0.808081 -268.093 1096.1
-0.818182 -267.768 1107.04
-0.828283 -267.376 1117.78
-0.838384 -266.968 1128.48
-0.848485 -266.492 1138.96
-0.858586 -266.004 1149.39
-0.868687 -265.453 1159.61
-0.878788 -264.893 1169.78
-0.888889 -264.283 1179.73
-0.89899 -263.666 1189.64
-0.909091 -263.023 1199.3
-0.919192 -262.377 1208.94
-0.929293 -261.743 1218.34
-0.939394 -261.108 1227.71
-0.949495 -260.539 1236.83
-0.959596 -259.973 1245.94
-0.969697 -259.545 1254.82
-0.979798 -259.123 1263.7
-0.989899 -258.954 1272.35
-1 -258.79 1280.99
