0 20215.7 0.00172903
-0.010101 20918.6 5.90588
-0.020202 20893.1 11.8139
-0.030303 20871.3 17.9916
-0.040404 20849.7 24.1716
-0.0505051 20831.8 30.407
-0.0606061 20814.2 36.6494
-0.0707071 20799.9 43.0026
-0.0808081 20786 49.3649
-0.0909091 20775 55.8315
-0.10101 20764.4 62.3072
-0.111111 20756.4 68.8655
-0.121212 20748.7 75.4323
-0.131313 20743.1 82.0616
-0.141414 20737.9 88.6986
-0.151515 20734.4 95.383
-0.161616 20731.2 102.074
-0.171717 20729.3 108.803
-0.181818 20727.7 115.537
-0.191919 20727.2 122.3
-0.20202 20726.8 129.068
-0.212121 20727.2 135.858
-0.222222 20727.8 142.652
-0.232323 20728.8 149.46
-0.242424 20730 156.271
-0.252525 20731.6 163.089
-0.262626 20733.2 169.908
-0.272727 20735 176.729
-0.282828 20736.9 183.547
-0.292929 20738.9 190.361
-0.30303 20740.9 197.171
-0.313131 20742.9 203.971
-0.323232 20744.9 210.764
-0.333333 20746.8 217.542
-0.343434 20748.8 224.311
-0.353535 20750.7 231.062
-0.363636 20752.5 237.801
-0.373737 20754.3 244.518
-0.383838 20756 251.221
-0.393939 20757.7 257.899
-0.40404 20759.3 264.561
-0.414141 20760.8 271.196
-0.424242 20762.3 277.812
-0.434343 20763.7 284.401
-0.444444 20765.1 290.967
-0.454545 20766.4 297.505
-0.464646 20767.6 304.017
-0.474747 20768.9 310.501
-0.484848 20770 316.956
-0.494949 20771.2 323.382
-0.505051 20772.3 329.777
-0.515152 20773.4 336.142
-0.525253 20774.5 342.473
-0.535354 20775.6 348.774
-0.545455 20776.6 355.039
-0.555556 20777.7 361.273
-0.565657 20778.7 367.467
-0.575758 20779.8 373.631
-0.585859 20780.8 379.751
-0.59596 20781.9 385.842
-0.606061 20783 391.886
-0.616162 20784.1 397.9
-0.626263 20785.2 403.864
-0.636364 20786.3 409.798
-0.646465 20787.5 415.679
-0.656566 20788.7 421.53
-0.666667 20789.9 427.324
-0.676768 20791.1 433.09
-0.686869 20792.4 438.795
-0.69697 20793.7 444.471
-0.707071 20795.1 450.083
-0.717172 20796.4 455.668
-0.727273 20797.8 461.185
-0.737374 20799.3 466.676
-0.747475 20800.8 472.095
-0.757576 20802.3 477.489
-0.767677 20803.8 482.808
-0.777778 20805.4 488.104
-0.787879 20807 493.322
-0.79798 20808.6 498.517
-0.808081 20810.3 503.631
-0.818182 20811.9 508.725
-0.828283 20813.6 513.735
-0.838384 20815.2 518.727
-0.848485 20816.9 523.632
-0.858586 20818.6 528.521
-0.868687 20820.2 533.321
-0.878788 20821.8 538.106
-0.888889 20823.4 542.801
-0.89899 20824.9 547.483
-0.909091 20826.3 552.073
-0.919192 20827.7 556.652
-0.929293 20829 561.139
-0.939394 20830.2 565.617
-0.949495 20831.2 570.006
-0.959596 20832.1 574.388
-0.969697 20832.8 578.693
-0.979798 20833.4 582.995
-0.989899 20833.6 587.176
-1 20833.8 591.355
