0 -10091.3 -0.00125264
-0.010101 -8737.36 12.1817
-0.020202 -8744.96 24.3855
-0.030303 -8747.73 37.5543
-0.040404 -8750.36 50.7316
-0.0505051 -8749.55 64.113
-0.0606061 -8748.59 77.5049
-0.0707071 -8745.33 91.0639
-0.0808081 -8741.94 104.633
-0.0909091 -8737.15 118.314
-0.10101 -8732.27 132.002
-0.111111 -8726.66 145.762
-0.121212 -8721.02 159.528
-0.131313 -8715.14 173.337
-0.141414 -8709.28 187.15
-0.151515 -8703.53 200.988
-0.161616 -8697.85 214.828
-0.171717 -8692.51 228.678
-0.181818 -8687.27 242.529
-0.191919 -8682.5 256.378
-0.20202 -8677.86 270.225
-0.212121 -8673.76 284.059
-0.222222 -8669.81 297.888
-0.232323 -8666.4 311.695
-0.242424 -8663.15 325.493
-0.252525 -8660.42 339.262
-0.262626 -8657.86 353.019
-0.272727 -8655.77 366.74
-0.282828 -8653.83 380.446
-0.292929 -8652.31 394.111
-0.30303 -8650.94 407.757
-0.313131 -8649.93 421.359
-0.323232 -8649.04 434.939
-0.333333 -8648.45 448.472
-0.343434 -8647.97 461.979
-0.353535 -8647.73 475.438
-0.363636 -8647.59 488.869
-0.373737 -8647.63 502.249
-0.383838 -8647.75 515.597
-0.393939 -8648 528.894
-0.40404 -8648.32 542.156
-0.414141 -8648.75 555.365
-0.424242 -8649.22 568.536
-0.434343 -8649.76 581.653
-0.444444 -8650.33 594.728
-0.454545 -8650.96 607.748
-0.464646 -8651.61 620.722
-0.474747 -8652.28 633.642
-0.484848 -8652.97 646.51
-0.494949 -8653.68 659.323
-0.505051 -8654.39 672.079
-0.515152 -8655.12 684.78
-0.525253 -8655.84 697.42
-0.535354 -8656.56 710.003
-0.545455 -8657.29 722.52
-0.555556 -8658.01 734.98
-0.565657 -8658.72 747.366
-0.575758 -8659.43 759.696
-0.585859 -8660.13 771.946
-0.59596 -8660.83 784.139
-0.606061 -8661.52 796.246
-0.616162 -8662.2 808.295
-0.626263 -8662.87 820.25
-0.636364 -8663.54 832.147
-0.646465 -8664.19 843.943
-0.656566 -8664.84 855.682
-0.666667 -8665.48 867.31
-0.676768 -8666.11 878.881
-0.686869 -8666.72 890.333
-0.69697 -8667.32 901.728
-0.707071 -8667.91 912.995
-0.717172 -8668.48 924.207
-0.727273 -8669.03 935.279
-0.737374 -8669.57 946.297
-0.747475 -8670.08 957.166
-0.757576 -8670.58 967.983
-0.767677 -8671.03 978.639
-0.777778 -8671.47 989.245
-0.787879 -8671.87 999.68
-0.79798 -8672.25 1010.07
-0.808081 -8672.56 1020.27
-0.818182 -8672.87 1030.43
-0.828283 -8673.1 1040.39
-0.838384 -8673.32 1050.31
-0.848485 -8673.46 1060.03
-0.858586 -8673.58 1069.71
-0.868687 -8673.62 1079.17
-0.878788 -8673.65 1088.6
-0.888889 -8673.59 1097.81
-0.89899 -8673.52 1106.98
-0.909091 -8673.37 1115.92
-0.919192 -8673.22 1124.83
-0.929293 -8673 1133.51
-0.939394 -8672.79 1142.16
-0.949495 -8672.54 1150.57
-0.959596 -8672.3 1158.97
-0.969697 -8672.08 1167.15
-0.979798 -8671.86 1175.32
-0.989899 -8671.77 1183.29
-1 -8671.68 1191.25
