0 -22848.4 -0.00180779
-0.010101 -22410.2 4.26596
-0.020202 -22396.1 8.54537
-0.030303 -22381.4 13.3148
-0.040404 -22366.6 18.0886
-0.0505051 -22352.3 22.967
-0.0606061 -22338 27.8477
-0.0707071 -22324.7 32.7637
-0.0808081 -22311.5 37.6798
-0.0909091 -22299.6 42.5967
-0.10101 -22287.9 47.5122
-0.111111 -22277.7 52.4151
-0.121212 -22267.7 57.3158
-0.131313 -22259.2 62.1998
-0.141414 -22250.9 67.0807
-0.151515 -22244.1 71.9431
-0.161616 -22237.5 76.8016
-0.171717 -22232.2 81.6396
-0.181818 -22227.2 86.4725
-0.191919 -22223.3 91.2825
-0.20202 -22219.7 96.0863
-0.212121 -22217 100.865
-0.222222 -22214.6 105.636
-0.232323 -22212.9 110.381
-0.242424 -22211.5 115.117
-0.252525 -22210.7 119.826
-0.262626 -22210.1 124.525
-0.272727 -22210 129.198
-0.282828 -22210 133.861
-0.292929 -22210.5 138.498
-0.30303 -22211 143.124
-0.313131 -22211.8 147.727
-0.323232 -22212.7 152.318
-0.333333 -22213.8 156.887
-0.343434 -22215 161.445
-0.353535 -22216.2 165.981
-0.363636 -22217.6 170.506
-0.373737 -22218.9 175.012
-0.383838 -22220.4 179.505
-0.393939 -22221.8 183.98
-0.40404 -22223.3 188.442
-0.414141 -22224.8 192.887
-0.424242 -22226.2 197.318
-0.434343 -22227.7 201.732
-0.444444 -22229.2 206.133
-0.454545 -22230.6 210.516
-0.464646 -22232.1 214.885
-0.474747 -22233.5 219.237
-0.484848 -22234.9 223.573
-0.494949 -22236.3 227.892
-0.505051 -22237.7 232.194
-0.515152 -22239.1 236.479
-0.525253 -22240.4 240.745
-0.535354 -22241.7 244.995
-0.545455 -22243.1 249.223
-0.555556 -22244.4 253.435
-0.565657 -22245.7 257.624
-0.575758 -22247.1 261.795
-0.585859 -22248.4 265.942
-0.59596 -22249.7 270.071
-0.606061 -22251 274.173
-0.616162 -22252.4 278.257
-0.626263 -22253.7 282.311
-0.636364 -22255.1 286.346
-0.646465 -22256.4 290.349
-0.656566 -22257.8 294.333
-0.666667 -22259.2 298.281
-0.676768 -22260.6 302.211
-0.686869 -22262.1 306.1
-0.69697 -22263.5 309.971
-0.707071 -22265 313.798
-0.717172 -22266.4 317.606
-0.727273 -22267.9 321.366
-0.737374 -22269.4 325.107
-0.747475 -22270.9 328.795
-0.757576 -22272.4 332.464
-0.767677 -22274 336.075
-0.777778 -22275.5 339.668
-0.787879 -22277 343.197
-0.79798 -22278.5 346.708
-0.808081 -22280 350.15
-0.818182 -22281.5 353.574
-0.828283 -22282.9 356.923
-0.838384 -22284.4 360.255
-0.848485 -22285.8 363.506
-0.858586 -22287.1 366.741
-0.868687 -22288.4 369.889
-0.878788 -22289.7 373.023
-0.888889 -22290.8 376.064
-0.89899 -22292 379.092
-0.909091 -22293 382.023
-0.919192 -22293.9 384.943
-0.929293 -22294.7 387.762
-0.939394 -22295.5 390.571
-0.949495 -22296.1 393.278
-0.959596 -22296.6 395.978
-0.969697 -22297 398.576
-0.979798 -22297.3 401.17
-0.989899 -22297.4 403.713
-1 -22297.5 406.255
