0 -7333.54 -0.000882346
-0.010101 -8706.92 -12.0657
-0.020202 -8684.3 -24.1463
-0.030303 -8667.47 -37.0464
-0.040404 -8650.84 -49.9537
-0.0505051 -8639.03 -63.0337
-0.0606061 -8627.46 -76.1256
-0.0707071 -8619.77 -89.4043
-0.0808081 -8612.34 -102.696
-0.0909091 -8607.95 -116.133
-0.10101 -8603.81 -129.582
-0.111111 -8601.95 -143.136
-0.121212 -8600.32 -156.699
-0.131313 -8600.35 -170.334
-0.141414 -8600.57 -183.977
-0.151515 -8601.93 -197.67
-0.161616 -8603.43 -211.369
-0.171717 -8605.66 -225.102
-0.181818 -8607.99 -238.838
-0.191919 -8610.73 -252.594
-0.20202 -8613.51 -266.352
-0.212121 -8616.48 -280.117
-0.222222 -8619.45 -293.881
-0.232323 -8622.43 -307.641
-0.242424 -8625.39 -321.397
-0.252525 -8628.25 -335.14
-0.262626 -8631.04 -348.875
-0.272727 -8633.68 -362.588
-0.282828 -8636.23 -376.29
-0.292929 -8638.59 -389.962
-0.30303 -8640.86 -403.619
-0.313131 -8642.91 -417.24
-0.323232 -8644.87 -430.843
-0.333333 -8646.62 -444.404
-0.343434 -8648.27 -457.943
-0.353535 -8649.73 -471.437
-0.363636 -8651.1 -484.904
-0.373737 -8652.3 -498.323
-0.383838 -8653.42 -511.712
-0.393939 -8654.39 -525.05
-0.40404 -8655.28 -538.354
-0.414141 -8656.06 -551.605
-0.424242 -8656.77 -564.817
-0.434343 -8657.38 -577.975
-0.444444 -8657.94 -591.091
-0.454545 -8658.44 -604.15
-0.464646 -8658.88 -617.163
-0.474747 -8659.28 -630.118
-0.484848 -8659.64 -643.022
-0.494949 -8659.97 -655.868
-0.505051 -8660.27 -668.656
-0.515152 -8660.55 -681.387
-0.525253 -8660.82 -694.055
-0.535354 -8661.08 -706.665
-0.545455 -8661.33 -719.205
-0.555556 -8661.58 -731.687
-0.565657 -8661.84 -744.095
-0.575758 -8662.1 -756.443
-0.585859 -8662.36 -768.71
-0.59596 -8662.64 -780.917
-0.606061 -8662.94 -793.037
-0.616162 -8663.24 -805.098
-0.626263 -8663.57 -817.062
-0.636364 -8663.92 -828.969
-0.646465 -8664.29 -840.772
-0.656566 -8664.68 -852.516
-0.666667 -8665.11 -864.149
-0.676768 -8665.55 -875.725
-0.686869 -8666.03 -887.181
-0.69697 -8666.53 -898.58
-0.707071 -8667.08 -909.85
-0.717172 -8667.65 -921.065
-0.727273 -8668.27 -932.142
-0.737374 -8668.9 -943.166
-0.747475 -8669.6 -954.042
-0.757576 -8670.31 -964.866
-0.767677 -8671.08 -975.534
-0.777778 -8671.87 -986.152
-0.787879 -8672.72 -996.604
-0.79798 -8673.58 -1007.01
-0.808081 -8674.51 -1017.24
-0.818182 -8675.45 -1027.42
-0.828283 -8676.45 -1037.42
-0.838384 -8677.46 -1047.38
-0.848485 -8678.52 -1057.15
-0.858586 -8679.58 -1066.88
-0.868687 -8680.68 -1076.41
-0.878788 -8681.78 -1085.9
-0.888889 -8682.89 -1095.18
-0.89899 -8683.99 -1104.44
-0.909091 -8685.07 -1113.48
-0.919192 -8686.14 -1122.49
-0.929293 -8687.13 -1131.28
-0.939394 -8688.11 -1140.06
-0.949495 -8688.94 -1148.61
-0.959596 -8689.76 -1157.16
-0.969697 -8690.35 -1165.5
-0.979798 -8690.93 -1173.83
-0.989899 -8691.15 -1181.95
-1 -8691.37 -1190.07
