0 -19929.7 -0.00170397
-0.010101 -20662 -6.16904
-0.020202 -20636.4 -12.3407
-0.030303 -20614.6 -18.8038
-0.040404 -20593 -25.2695
-0.0505051 -20575.2 -31.7955
-0.0606061 -20557.6 -38.3289
-0.0707071 -20543.5 -44.9771
-0.0808081 -20529.6 -51.6346
-0.0909091 -20518.8 -58.3991
-0.10101 -20508.3 -65.1729
-0.111111 -20500.5 -72.0312
-0.121212 -20492.9 -78.8981
-0.131313 -20487.5 -85.8286
-0.141414 -20482.4 -92.767
-0.151515 -20479.1 -99.7537
-0.161616 -20476 -106.747
-0.171717 -20474.3 -113.778
-0.181818 -20472.8 -120.816
-0.191919 -20472.3 -127.881
-0.20202 -20472.1 -134.953
-0.212121 -20472.6 -142.045
-0.222222 -20473.2 -149.142
-0.232323 -20474.4 -156.253
-0.242424 -20475.6 -163.366
-0.252525 -20477.2 -170.486
-0.262626 -20478.9 -177.607
-0.272727 -20480.8 -184.729
-0.282828 -20482.7 -191.848
-0.292929 -20484.7 -198.962
-0.30303 -20486.7 -206.071
-0.313131 -20488.7 -213.17
-0.323232 -20490.7 -220.261
-0.333333 -20492.7 -227.337
-0.343434 -20494.7 -234.403
-0.353535 -20496.6 -241.45
-0.363636 -20498.4 -248.484
-0.373737 -20500.2 -255.496
-0.383838 -20501.9 -262.493
-0.393939 -20503.5 -269.464
-0.40404 -20505.1 -276.418
-0.414141 -20506.6 -283.344
-0.424242 -20508.1 -290.25
-0.434343 -20509.5 -297.128
-0.444444 -20510.8 -303.982
-0.454545 -20512.1 -310.807
-0.464646 -20513.4 -317.606
-0.474747 -20514.6 -324.374
-0.484848 -20515.7 -331.113
-0.494949 -20516.9 -337.821
-0.505051 -20518 -344.498
-0.515152 -20519 -351.143
-0.525253 -20520.1 -357.753
-0.535354 -20521.1 -364.332
-0.545455 -20522.2 -370.873
-0.555556 -20523.2 -377.381
-0.565657 -20524.2 -383.849
-0.575758 -20525.3 -390.285
-0.585859 -20526.3 -396.676
-0.59596 -20527.3 -403.036
-0.606061 -20528.4 -409.347
-0.616162 -20529.5 -415.627
-0.626263 -20530.6 -421.855
-0.636364 -20531.7 -428.052
-0.646465 -20532.8 -434.193
-0.656566 -20534 -440.304
-0.666667 -20535.2 -446.355
-0.676768 -20536.4 -452.376
-0.686869 -20537.7 -458.334
-0.69697 -20539 -464.262
-0.707071 -20540.3 -470.123
-0.717172 -20541.7 -475.956
-0.727273 -20543.1 -481.717
-0.737374 -20544.5 -487.451
-0.747475 -20546 -493.111
-0.757576 -20547.4 -498.744
-0.767677 -20549 -504.299
-0.777778 -20550.5 -509.829
-0.787879 -20552.1 -515.277
-0.79798 -20553.7 -520.702
-0.808081 -20555.4 -526.042
-0.818182 -20557 -531.36
-0.828283 -20558.7 -536.591
-0.838384 -20560.3 -541.802
-0.848485 -20562 -546.922
-0.858586 -20563.6 -552.025
-0.868687 -20565.3 -557.034
-0.878788 -20566.9 -562.028
-0.888889 -20568.4 -566.927
-0.89899 -20570 -571.812
-0.909091 -20571.4 -576.6
-0.919192 -20572.8 -581.377
-0.929293 -20574 -586.056
-0.939394 -20575.2 -590.726
-0.949495 -20576.2 -595.301
-0.959596 -20577.2 -599.87
-0.969697 -20577.8 -604.357
-0.979798 -20578.4 -608.84
-0.989899 -20578.7 -613.198
-1 -20578.9 -617.553
