0 1213.34 0.000184238
-0.010101 -254.296 -13.0346
-0.020202 -237.76 -26.089
-0.030303 -226.957 -40.106
-0.040404 -216.339 -54.1317
-0.0505051 -210.182 -68.3651
-0.0606061 -204.238 -82.6109
-0.0707071 -201.647 -97.0523
-0.0808081 -199.267 -111.506
-0.0909091 -199.303 -126.104
-0.10101 -199.523 -140.712
-0.111111 -201.394 -155.419
-0.121212 -203.408 -170.134
-0.131313 -206.465 -184.915
-0.141414 -209.616 -199.702
-0.151515 -213.344 -214.532
-0.161616 -217.116 -229.367
-0.171717 -221.119 -244.227
-0.181818 -225.12 -259.09
-0.191919 -229.108 -273.963
-0.20202 -233.053 -288.836
-0.212121 -236.823 -303.708
-0.222222 -240.517 -318.575
-0.232323 -243.938 -333.43
-0.242424 -247.258 -348.278
-0.252525 -250.257 -363.102
-0.262626 -253.139 -377.916
-0.272727 -255.685 -392.699
-0.282828 -258.106 -407.468
-0.292929 -260.203 -422.198
-0.30303 -262.172 -436.911
-0.313131 -263.844 -451.58
-0.323232 -265.392 -466.226
-0.333333 -266.678 -480.826
-0.343434 -267.848 -495.399
-0.353535 -268.795 -509.922
-0.363636 -269.637 -524.415
-0.373737 -270.296 -538.854
-0.383838 -270.863 -553.26
-0.393939 -271.282 -567.611
-0.40404 -271.625 -581.923
-0.414141 -271.853 -596.179
-0.424242 -272.019 -610.393
-0.434343 -272.099 -624.549
-0.444444 -272.129 -638.658
-0.454545 -272.097 -652.708
-0.464646 -272.029 -666.706
-0.474747 -271.918 -680.644
-0.484848 -271.782 -694.526
-0.494949 -271.619 -708.347
-0.505051 -271.44 -722.106
-0.515152 -271.245 -735.803
-0.525253 -271.043 -749.433
-0.535354 -270.834 -763.001
-0.545455 -270.624 -776.494
-0.555556 -270.415 -789.925
-0.565657 -270.21 -803.276
-0.575758 -270.009 -816.563
-0.585859 -269.819 -829.763
-0.59596 -269.635 -842.899
-0.606061 -269.466 -855.941
-0.616162 -269.306 -868.919
-0.626263 -269.163 -881.794
-0.636364 -269.032 -894.607
-0.646465 -268.923 -907.307
-0.656566 -268.825 -919.945
-0.666667 -268.753 -932.462
-0.676768 -268.694 -944.917
-0.686869 -268.666 -957.242
-0.69697 -268.651 -969.506
-0.707071 -268.671 -981.63
-0.717172 -268.706 -993.694
-0.727273 -268.782 -1005.61
-0.737374 -268.873 -1017.46
-0.747475 -269.011 -1029.16
-0.757576 -269.165 -1040.8
-0.767677 -269.372 -1052.26
-0.777778 -269.596 -1063.67
-0.787879 -269.878 -1074.9
-0.79798 -270.177 -1086.08
-0.808081 -270.539 -1097.06
-0.818182 -270.917 -1108
-0.828283 -271.362 -1118.73
-0.838384 -271.821 -1129.42
-0.848485 -272.345 -1139.89
-0.858586 -272.882 -1150.32
-0.868687 -273.479 -1160.52
-0.878788 -274.085 -1170.69
-0.888889 -274.736 -1180.62
-0.89899 -275.393 -1190.52
-0.909091 -276.072 -1200.18
-0.919192 -276.753 -1209.81
-0.929293 -277.417 -1219.19
-0.939394 -278.081 -1228.55
-0.949495 -278.673 -1237.67
-0.959596 -279.26 -1246.77
-0.969697 -279.702 -1255.64
-0.979798 -280.137 -1264.5
-0.989899 -280.311 -1273.14
-1 -280.48 -1281.78
