0 10829.9 0.00125262
-0.010101 12102.9 11.1202
-0.020202 12078.5 22.2525
-0.030303 12059.7 34.1074
-0.040404 12041 45.9686
-0.0505051 12027.2 57.9812
-0.0606061 12013.6 70.005
-0.0707071 12004 82.2051
-0.0808081 11994.6 94.4176
-0.0909091 11988.4 106.772
-0.10101 11982.5 119.138
-0.111111 11979 131.608
-0.121212 11975.8 144.087
-0.131313 11974.5 156.639
-0.141414 11973.4 169.2
-0.151515 11973.6 181.811
-0.161616 11974 194.429
-0.171717 11975.4 207.082
-0.181818 11976.8 219.74
-0.191919 11978.9 232.421
-0.20202 11981 245.103
-0.212121 11983.5 257.797
-0.222222 11986 270.491
-0.232323 11988.7 283.186
-0.242424 11991.4 295.877
-0.252525 11994 308.56
-0.262626 11996.7 321.236
-0.272727 11999.2 333.895
-0.282828 12001.7 346.544
-0.292929 12004.1 359.169
-0.30303 12006.4 371.78
-0.313131 12008.6 384.36
-0.323232 12010.6 396.922
-0.333333 12012.5 409.449
-0.343434 12014.3 421.955
-0.353535 12015.9 434.421
-0.363636 12017.5 446.862
-0.373737 12018.9 459.259
-0.383838 12020.2 471.628
-0.393939 12021.4 483.951
-0.40404 12022.5 496.242
-0.414141 12023.5 508.485
-0.424242 12024.4 520.691
-0.434343 12025.3 532.848
-0.444444 12026.1 544.964
-0.454545 12026.8 557.029
-0.464646 12027.4 569.05
-0.474747 12028.1 581.018
-0.484848 12028.6 592.938
-0.494949 12029.2 604.804
-0.505051 12029.7 616.617
-0.515152 12030.2 628.376
-0.525253 12030.7 640.077
-0.535354 12031.1 651.723
-0.545455 12031.6 663.305
-0.555556 12032.1 674.833
-0.565657 12032.5 686.29
-0.575758 12033 697.694
-0.585859 12033.5 709.021
-0.59596 12034 720.294
-0.606061 12034.5 731.485
-0.616162 12035 742.621
-0.626263 12035.5 753.668
-0.636364 12036.1 764.661
-0.646465 12036.6 775.557
-0.656566 12037.3 786.4
-0.666667 12037.9 797.14
-0.676768 12038.6 807.827
-0.686869 12039.3 818.402
-0.69697 12040 828.926
-0.707071 12040.7 839.33
-0.717172 12041.5 849.683
-0.727273 12042.4 859.909
-0.737374 12043.2 870.086
-0.747475 12044.2 880.127
-0.757576 12045.1 890.12
-0.767677 12046.1 899.97
-0.777778 12047.1 909.774
-0.787879 12048.2 919.425
-0.79798 12049.3 929.034
-0.808081 12050.4 938.482
-0.818182 12051.6 947.889
-0.828283 12052.8 957.128
-0.838384 12054 966.33
-0.848485 12055.3 975.355
-0.858586 12056.5 984.347
-0.868687 12057.8 993.155
-0.878788 12059.1 1001.93
-0.888889 12060.4 1010.52
-0.89899 12061.6 1019.08
-0.909091 12062.8 1027.44
-0.919192 12064 1035.79
-0.929293 12065.1 1043.93
-0.939394 12066.2 1052.06
-0.949495 12067.1 1059.98
-0.959596 12068 1067.9
-0.969697 12068.6 1075.63
-0.979798 12069.3 1083.36
-0.989899 12069.5 1090.89
-1 12069.7 1098.41
