0 -22294.6 -0.00167553
-0.010101 -22718.7 -3.39433
-0.020202 -22694.7 -6.78685
-0.030303 -22673.5 -10.2505
-0.040404 -22652.4 -13.7148
-0.0505051 -22634.4 -17.1926
-0.0606061 -22616.5 -20.6753
-0.0707071 -22601.6 -24.2346
-0.0808081 -22586.9 -27.8009
-0.0909091 -22575 -31.4486
-0.10101 -22563.4 -35.1039
-0.111111 -22554.2 -38.8274
-0.121212 -22545.3 -42.5582
-0.131313 -22538.6 -46.3427
-0.141414 -22532.1 -50.1341
-0.151515 -22527.5 -53.9679
-0.161616 -22523.1 -57.8083
-0.171717 -22520.1 -61.6834
-0.181818 -22517.4 -65.5648
-0.191919 -22515.9 -69.4751
-0.20202 -22514.6 -73.3914
-0.212121 -22514.1 -77.3316
-0.222222 -22513.9 -81.2772
-0.232323 -22514.2 -85.2418
-0.242424 -22514.8 -89.2107
-0.252525 -22515.8 -93.1936
-0.262626 -22516.9 -97.1795
-0.272727 -22518.2 -101.174
-0.282828 -22519.7 -105.17
-0.292929 -22521.4 -109.17
-0.30303 -22523.1 -113.17
-0.313131 -22524.9 -117.169
-0.323232 -22526.7 -121.165
-0.333333 -22528.5 -125.157
-0.343434 -22530.4 -129.145
-0.353535 -22532.2 -133.124
-0.363636 -22534.1 -137.098
-0.373737 -22535.8 -141.06
-0.383838 -22537.6 -145.014
-0.393939 -22539.3 -148.955
-0.40404 -22541 -152.886
-0.414141 -22542.6 -156.802
-0.424242 -22544.2 -160.707
-0.434343 -22545.7 -164.594
-0.444444 -22547.2 -168.469
-0.454545 -22548.6 -172.326
-0.464646 -22550 -176.167
-0.474747 -22551.3 -179.991
-0.484848 -22552.7 -183.797
-0.494949 -22554 -187.585
-0.505051 -22555.2 -191.354
-0.515152 -22556.5 -195.104
-0.525253 -22557.7 -198.834
-0.535354 -22558.9 -202.544
-0.545455 -22560.1 -206.232
-0.555556 -22561.3 -209.901
-0.565657 -22562.5 -213.546
-0.575758 -22563.7 -217.171
-0.585859 -22564.9 -220.77
-0.59596 -22566.1 -224.35
-0.606061 -22567.3 -227.902
-0.616162 -22568.6 -231.436
-0.626263 -22569.8 -234.939
-0.636364 -22571.1 -238.424
-0.646465 -22572.4 -241.877
-0.656566 -22573.7 -245.312
-0.666667 -22575.1 -248.713
-0.676768 -22576.4 -252.096
-0.686869 -22577.9 -255.444
-0.69697 -22579.3 -258.775
-0.707071 -22580.8 -262.068
-0.717172 -22582.2 -265.345
-0.727273 -22583.8 -268.583
-0.737374 -22585.3 -271.806
-0.747475 -22586.9 -274.988
-0.757576 -22588.5 -278.155
-0.767677 -22590.2 -281.281
-0.777778 -22591.8 -284.394
-0.787879 -22593.5 -287.464
-0.79798 -22595.2 -290.522
-0.808081 -22596.9 -293.536
-0.818182 -22598.6 -296.539
-0.828283 -22600.3 -299.499
-0.838384 -22602.1 -302.448
-0.848485 -22603.8 -305.354
-0.858586 -22605.4 -308.25
-0.868687 -22607.1 -311.103
-0.878788 -22608.7 -313.948
-0.888889 -22610.2 -316.749
-0.89899 -22611.8 -319.543
-0.909091 -22613.1 -322.294
-0.919192 -22614.5 -325.039
-0.929293 -22615.7 -327.741
-0.939394 -22616.9 -330.439
-0.949495 -22617.8 -333.096
-0.959596 -22618.7 -335.751
-0.969697 -22619.3 -338.374
-0.979798 -22619.9 -340.995
-0.989899 -22620.1 -343.537
-1 -22620.3 -346.077
