0 23631.4 0.00253892
-0.010101 23556.7 -1.04911
-0.020202 23537.5 -2.10847
-0.030303 23519.3 -3.4311
-0.040404 23501.1 -4.75612
-0.0505051 23484.5 -6.13868
-0.0606061 23467.9 -7.52046
-0.0707071 23453.3 -8.88998
-0.0808081 23438.9 -10.2564
-0.0909091 23426.5 -11.5877
-0.10101 23414.2 -12.9147
-0.111111 23404 -14.2043
-0.121212 23394.1 -15.4894
-0.131313 23386 -16.7409
-0.141414 23378.1 -17.9876
-0.151515 23371.9 -19.2046
-0.161616 23366 -20.4164
-0.171717 23361.6 -21.6008
-0.181818 23357.3 -22.7794
-0.191919 23354.3 -23.9316
-0.20202 23351.6 -25.0775
-0.212121 23349.8 -26.1978
-0.222222 23348.2 -27.3114
-0.232323 23347.4 -28.4008
-0.242424 23346.8 -29.4832
-0.252525 23346.7 -30.5433
-0.262626 23346.8 -31.5965
-0.272727 23347.4 -32.6299
-0.282828 23348.1 -33.6567
-0.292929 23349.1 -34.6665
-0.30303 23350.2 -35.6702
-0.313131 23351.4 -36.6599
-0.323232 23352.8 -37.6441
-0.333333 23354.3 -38.6168
-0.343434 23355.8 -39.5849
-0.353535 23357.4 -40.5439
-0.363636 23359 -41.4989
-0.373737 23360.6 -42.4469
-0.383838 23362.2 -43.3915
-0.393939 23363.9 -44.3306
-0.40404 23365.5 -45.267
-0.414141 23367.1 -46.1991
-0.424242 23368.7 -47.1289
-0.434343 23370.3 -48.0555
-0.444444 23371.8 -48.98
-0.454545 23373.3 -49.9018
-0.464646 23374.8 -50.8218
-0.474747 23376.3 -51.7397
-0.484848 23377.7 -52.6557
-0.494949 23379.1 -53.5698
-0.505051 23380.5 -54.482
-0.515152 23381.9 -55.3924
-0.525253 23383.2 -56.3009
-0.535354 23384.6 -57.2074
-0.545455 23385.9 -58.1117
-0.555556 23387.2 -59.0141
-0.565657 23388.6 -59.9138
-0.575758 23389.9 -60.8114
-0.585859 23391.2 -61.7059
-0.59596 23392.6 -62.598
-0.606061 23393.9 -63.4864
-0.616162 23395.2 -64.3723
-0.626263 23396.6 -65.2535
-0.636364 23398 -66.132
-0.646465 23399.4 -67.0049
-0.656566 23400.8 -67.8748
-0.666667 23402.3 -68.7379
-0.676768 23403.7 -69.5976
-0.686869 23405.2 -70.4493
-0.69697 23406.7 -71.2972
-0.707071 23408.2 -72.1355
-0.717172 23409.8 -72.9696
-0.727273 23411.3 -73.7921
-0.737374 23412.9 -74.6101
-0.747475 23414.5 -75.4143
-0.757576 23416.2 -76.2136
-0.767677 23417.8 -76.9966
-0.777778 23419.5 -77.7744
-0.787879 23421.1 -78.533
-0.79798 23422.8 -79.2861
-0.808081 23424.4 -80.017
-0.818182 23426.1 -80.7422
-0.828283 23427.7 -81.4417
-0.838384 23429.4 -82.1356
-0.848485 23431 -82.8004
-0.858586 23432.5 -83.4596
-0.868687 23434 -84.0862
-0.878788 23435.5 -84.7075
-0.888889 23436.9 -85.293
-0.89899 23438.2 -85.8735
-0.909091 23439.4 -86.4151
-0.919192 23440.6 -86.9525
-0.929293 23441.6 -87.4484
-0.939394 23442.6 -87.9406
-0.949495 23443.4 -88.3892
-0.959596 23444.1 -88.835
-0.969697 23444.6 -89.234
-0.979798 23445 -89.631
-0.989899 23445.2 -90.0326
-1 23445.4 -90.4343
