0 16904.5 0.00172306
-0.010101 17881.9 8.39649
-0.020202 17855.9 16.7993
-0.030303 17834.6 25.6789
-0.040404 17813.5 34.5626
-0.0505051 17796.7 43.5456
-0.0606061 17780.1 52.5377
-0.0707071 17767.3 61.6734
-0.0808081 17754.8 70.82
-0.0909091 17745.5 80.0913
-0.10101 17736.5 89.3732
-0.111111 17730.2 98.75
-0.121212 17724.1 108.136
-0.131313 17720.2 117.592
-0.141414 17716.6 127.056
-0.151515 17714.6 136.57
-0.161616 17712.8 146.092
-0.171717 17712.3 155.652
-0.181818 17711.9 165.217
-0.191919 17712.5 174.809
-0.20202 17713.2 184.406
-0.212121 17714.5 194.02
-0.222222 17716 203.637
-0.232323 17717.8 213.263
-0.242424 17719.6 222.89
-0.252525 17721.7 232.517
-0.262626 17723.9 242.141
-0.272727 17726.1 251.759
-0.282828 17728.3 261.372
-0.292929 17730.5 270.971
-0.30303 17732.7 280.562
-0.313131 17734.9 290.133
-0.323232 17737 299.693
-0.333333 17739 309.229
-0.343434 17740.9 318.749
-0.353535 17742.8 328.241
-0.363636 17744.6 337.716
-0.373737 17746.2 347.158
-0.383838 17747.9 356.579
-0.393939 17749.4 365.966
-0.40404 17750.8 375.328
-0.414141 17752.2 384.654
-0.424242 17753.5 393.953
-0.434343 17754.7 403.213
-0.444444 17755.9 412.442
-0.454545 17757 421.631
-0.464646 17758 430.787
-0.474747 17759 439.902
-0.484848 17760 448.978
-0.494949 17760.9 458.014
-0.505051 17761.8 467.008
-0.515152 17762.7 475.961
-0.525253 17763.5 484.867
-0.535354 17764.4 493.732
-0.545455 17765.2 502.547
-0.555556 17766.1 511.32
-0.565657 17766.9 520.038
-0.575758 17767.7 528.714
-0.585859 17768.6 537.332
-0.59596 17769.4 545.907
-0.606061 17770.3 554.419
-0.616162 17771.2 562.889
-0.626263 17772.1 571.29
-0.636364 17773 579.649
-0.646465 17774 587.935
-0.656566 17774.9 596.179
-0.666667 17776 604.344
-0.676768 17777 612.468
-0.686869 17778.1 620.508
-0.69697 17779.2 628.508
-0.707071 17780.3 636.417
-0.717172 17781.5 644.288
-0.727273 17782.7 652.062
-0.737374 17784 659.799
-0.747475 17785.3 667.434
-0.757576 17786.6 675.033
-0.767677 17787.9 682.524
-0.777778 17789.3 689.981
-0.787879 17790.8 697.325
-0.79798 17792.2 704.637
-0.808081 17793.7 711.83
-0.818182 17795.2 718.994
-0.828283 17796.7 726.033
-0.838384 17798.3 733.045
-0.848485 17799.8 739.928
-0.858586 17801.4 746.787
-0.868687 17802.9 753.512
-0.878788 17804.4 760.215
-0.888889 17805.9 766.781
-0.89899 17807.4 773.328
-0.909091 17808.8 779.734
-0.919192 17810.2 786.124
-0.929293 17811.4 792.371
-0.939394 17812.6 798.605
-0.949495 17813.6 804.7
-0.959596 17814.5 810.785
-0.969697 17815.2 816.746
-0.979798 17815.8 822.702
-0.989899 17816.1 828.497
-1 17816.3 834.29
