0 -2832.77 -0.000364608
-0.010101 -1369.21 13.0364
-0.020202 -1384.28 26.0931
-0.030303 -1393.71 40.1194
-0.040404 -1402.97 54.1541
-0.0505051 -1407.9 68.3931
-0.0606061 -1412.63 82.6441
-0.0707071 -1414.16 97.083
-0.0808081 -1415.49 111.534
-0.0909091 -1414.56 126.12
-0.10101 -1413.46 140.717
-0.111111 -1410.86 155.404
-0.121212 -1408.14 170.1
-0.131313 -1404.51 184.855
-0.141414 -1400.81 199.616
-0.151515 -1396.65 214.415
-0.161616 -1392.47 229.217
-0.171717 -1388.15 244.042
-0.181818 -1383.86 258.868
-0.191919 -1379.67 273.702
-0.20202 -1375.54 288.535
-0.212121 -1371.65 303.364
-0.222222 -1367.86 318.188
-0.232323 -1364.39 332.998
-0.242424 -1361.03 347.8
-0.252525 -1358.04 362.577
-0.262626 -1355.17 377.344
-0.272727 -1352.67 392.078
-0.282828 -1350.31 406.797
-0.292929 -1348.29 421.478
-0.30303 -1346.41 436.14
-0.313131 -1344.84 450.758
-0.323232 -1343.39 465.354
-0.333333 -1342.22 479.903
-0.343434 -1341.17 494.425
-0.353535 -1340.35 508.897
-0.363636 -1339.63 523.338
-0.373737 -1339.1 537.727
-0.383838 -1338.66 552.082
-0.393939 -1338.37 566.383
-0.40404 -1338.15 580.645
-0.414141 -1338.06 594.852
-0.424242 -1338.02 609.017
-0.434343 -1338.07 623.124
-0.444444 -1338.16 637.185
-0.454545 -1338.32 651.187
-0.464646 -1338.51 665.139
-0.474747 -1338.74 679.031
-0.484848 -1339 692.868
-0.494949 -1339.28 706.645
-0.505051 -1339.58 720.36
-0.515152 -1339.9 734.015
-0.525253 -1340.21 747.603
-0.535354 -1340.54 761.13
-0.545455 -1340.87 774.584
-0.555556 -1341.19 787.976
-0.565657 -1341.51 801.289
-0.575758 -1341.83 814.54
-0.585859 -1342.14 827.705
-0.59596 -1342.44 840.807
-0.606061 -1342.73 853.815
-0.616162 -1343 866.762
-0.626263 -1343.26 879.606
-0.636364 -1343.52 892.388
-0.646465 -1343.75 905.061
-0.656566 -1343.96 917.671
-0.666667 -1344.16 930.162
-0.676768 -1344.34 942.592
-0.686869 -1344.49 954.893
-0.69697 -1344.64 967.134
-0.707071 -1344.74 979.236
-0.717172 -1344.84 991.279
-0.727273 -1344.89 1003.17
-0.737374 -1344.93 1015.01
-0.747475 -1344.92 1026.69
-0.757576 -1344.9 1038.31
-0.767677 -1344.82 1049.76
-0.777778 -1344.73 1061.15
-0.787879 -1344.58 1072.37
-0.79798 -1344.42 1083.53
-0.808081 -1344.19 1094.5
-0.818182 -1343.94 1105.42
-0.828283 -1343.62 1116.14
-0.838384 -1343.29 1126.82
-0.848485 -1342.89 1137.27
-0.858586 -1342.48 1147.69
-0.868687 -1342 1157.88
-0.878788 -1341.51 1168.04
-0.888889 -1340.96 1177.96
-0.89899 -1340.41 1187.85
-0.909091 -1339.83 1197.5
-0.919192 -1339.24 1207.11
-0.929293 -1338.65 1216.48
-0.939394 -1338.07 1225.83
-0.949495 -1337.54 1234.93
-0.959596 -1337.01 1244.02
-0.969697 -1336.6 1252.87
-0.979798 -1336.2 1261.72
-0.989899 -1336.04 1270.35
-1 -1335.89 1278.97
