0 12708.3 0.0014092
-0.010101 13909 10.4475
-0.020202 13883.9 20.9057
-0.030303 13864.1 32.0227
-0.040404 13844.6 43.1454
-0.0505051 13829.7 54.4061
-0.0606061 13815.1 65.6775
-0.0707071 13804.5 77.1177
-0.0808081 13794.1 88.5699
-0.0909091 13786.9 100.161
-0.10101 13780 111.763
-0.111111 13775.7 123.467
-0.121212 13771.7 135.181
-0.131313 13769.6 146.968
-0.141414 13767.7 158.763
-0.151515 13767.3 170.61
-0.161616 13767.1 182.463
-0.171717 13767.9 194.353
-0.181818 13768.9 206.248
-0.191919 13770.5 218.167
-0.20202 13772.3 230.089
-0.212121 13774.4 242.024
-0.222222 13776.7 253.96
-0.232323 13779.1 265.899
-0.242424 13781.6 277.836
-0.252525 13784.1 289.766
-0.262626 13786.6 301.692
-0.272727 13789.1 313.603
-0.282828 13791.5 325.506
-0.292929 13793.9 337.386
-0.30303 13796.2 349.255
-0.313131 13798.4 361.096
-0.323232 13800.5 372.921
-0.333333 13802.4 384.712
-0.343434 13804.3 396.485
-0.353535 13806 408.22
-0.363636 13807.6 419.933
-0.373737 13809.1 431.605
-0.383838 13810.5 443.25
-0.393939 13811.8 454.852
-0.40404 13813 466.424
-0.414141 13814.2 477.95
-0.424242 13815.2 489.443
-0.434343 13816.2 500.888
-0.444444 13817.1 512.296
-0.454545 13817.9 523.655
-0.464646 13818.7 534.972
-0.474747 13819.4 546.24
-0.484848 13820.1 557.461
-0.494949 13820.8 568.633
-0.505051 13821.4 579.753
-0.515152 13822 590.823
-0.525253 13822.6 601.837
-0.535354 13823.2 612.8
-0.545455 13823.8 623.703
-0.555556 13824.4 634.554
-0.565657 13824.9 645.339
-0.575758 13825.5 656.072
-0.585859 13826.1 666.734
-0.59596 13826.7 677.343
-0.606061 13827.3 687.876
-0.616162 13827.9 698.357
-0.626263 13828.6 708.754
-0.636364 13829.2 719.099
-0.646465 13829.9 729.354
-0.656566 13830.7 739.559
-0.666667 13831.4 749.666
-0.676768 13832.2 759.722
-0.686869 13833 769.675
-0.69697 13833.9 779.578
-0.707071 13834.7 789.369
-0.717172 13835.6 799.112
-0.727273 13836.6 808.735
-0.737374 13837.6 818.312
-0.747475 13838.6 827.762
-0.757576 13839.7 837.167
-0.767677 13840.8 846.437
-0.777778 13841.9 855.664
-0.787879 13843.1 864.749
-0.79798 13844.3 873.793
-0.808081 13845.6 882.687
-0.818182 13846.9 891.544
-0.828283 13848.2 900.243
-0.838384 13849.5 908.907
-0.848485 13850.9 917.407
-0.858586 13852.2 925.875
-0.868687 13853.6 934.172
-0.878788 13855 942.441
-0.888889 13856.3 950.533
-0.89899 13857.6 958.601
-0.909091 13858.9 966.486
-0.919192 13860.2 974.351
-0.929293 13861.3 982.03
-0.939394 13862.4 989.693
-0.949495 13863.4 997.174
-0.959596 13864.3 1004.64
-0.969697 13865 1011.95
-0.979798 13865.6 1019.24
-0.989899 13865.8 1026.35
-1 13866.1 1033.45
