0 23544.9 0.00142428
-0.010101 23604.8 0.144314
-0.020202 23584.1 0.282302
-0.030303 23564.9 0.244894
-0.040404 23545.7 0.205856
-0.0505051 23528.5 0.127676
-0.0606061 23511.4 0.051384
-0.0707071 23496.6 0.00465162
-0.0808081 23481.9 -0.0379219
-0.0909091 23469.4 -0.0326681
-0.10101 23457.3 -0.0223149
-0.111111 23447.2 0.0339323
-0.121212 23437.4 0.0955051
-0.131313 23429.6 0.196132
-0.141414 23422 0.302161
-0.151515 23416.2 0.441368
-0.161616 23410.6 0.586184
-0.171717 23406.5 0.760446
-0.181818 23402.7 0.940662
-0.191919 23400 1.148
-0.20202 23397.6 1.36163
-0.212121 23396.2 1.60042
-0.222222 23394.9 1.84567
-0.232323 23394.4 2.1138
-0.242424 23394.1 2.38829
-0.252525 23394.4 2.68288
-0.262626 23394.8 2.98342
-0.272727 23395.5 3.30087
-0.282828 23396.5 3.62358
-0.292929 23397.6 3.95982
-0.30303 23398.9 4.30044
-0.313131 23400.3 4.65128
-0.323232 23401.8 5.00549
-0.333333 23403.4 5.36686
-0.343434 23405.1 5.73055
-0.353535 23406.7 6.09873
-0.363636 23408.4 6.46818
-0.373737 23410.1 6.83989
-0.383838 23411.8 7.21189
-0.393939 23413.5 7.58434
-0.40404 23415.1 7.95616
-0.414141 23416.7 8.32704
-0.424242 23418.3 8.69649
-0.434343 23419.9 9.06394
-0.444444 23421.5 9.42924
-0.454545 23423 9.79179
-0.464646 23424.4 10.1516
-0.474747 23425.9 10.5081
-0.484848 23427.3 10.8613
-0.494949 23428.7 11.211
-0.505051 23430.1 11.5569
-0.515152 23431.4 11.8991
-0.525253 23432.8 12.2371
-0.535354 23434.1 12.5714
-0.545455 23435.4 12.9013
-0.555556 23436.7 13.2274
-0.565657 23438 13.549
-0.575758 23439.4 13.8669
-0.585859 23440.7 14.18
-0.59596 23442 14.4897
-0.606061 23443.3 14.7946
-0.616162 23444.6 15.0963
-0.626263 23446 15.3932
-0.636364 23447.4 15.6872
-0.646465 23448.8 15.9766
-0.656566 23450.2 16.2634
-0.666667 23451.6 16.5459
-0.676768 23453 16.8262
-0.686869 23454.5 17.1028
-0.69697 23456 17.3775
-0.707071 23457.5 17.6493
-0.717172 23459.1 17.9197
-0.727273 23460.7 18.188
-0.737374 23462.3 18.4555
-0.747475 23463.9 18.7222
-0.757576 23465.5 18.9886
-0.767677 23467.2 19.2558
-0.777778 23468.9 19.5231
-0.787879 23470.6 19.793
-0.79798 23472.3 20.0637
-0.808081 23473.9 20.339
-0.818182 23475.6 20.6155
-0.828283 23477.3 20.899
-0.838384 23479 21.184
-0.848485 23480.6 21.4785
-0.858586 23482.2 21.7749
-0.868687 23483.8 22.0832
-0.878788 23485.3 22.3935
-0.888889 23486.8 22.7182
-0.89899 23488.2 23.0449
-0.909091 23489.5 23.3882
-0.919192 23490.7 23.7334
-0.929293 23491.8 24.0973
-0.939394 23492.8 24.4629
-0.949495 23493.6 24.8496
-0.959596 23494.4 25.2376
-0.969697 23494.9 25.6517
-0.979798 23495.4 26.0668
-0.989899 23495.6 26.4567
-1 23495.8 26.8462
