0 22008 0.00198738
-0.010101 21412.5 -5.6468
-0.020202 21400.9 -11.3093
-0.030303 21388.1 -17.556
-0.040404 21375.3 -23.8078
-0.0505051 21362.3 -30.1844
-0.0606061 21349.4 -36.5646
-0.0707071 21336.9 -43.0018
-0.0808081 21324.6 -49.4405
-0.0909091 21313.2 -55.8969
-0.10101 21302 -62.3533
-0.111111 21292 -68.8093
-0.121212 21282.1 -75.2641
-0.131313 21273.6 -81.7105
-0.141414 21265.3 -88.155
-0.151515 21258.3 -94.5867
-0.161616 21251.6 -101.015
-0.171717 21246 -107.427
-0.181818 21240.8 -113.834
-0.191919 21236.6 -120.221
-0.20202 21232.6 -126.602
-0.212121 21229.6 -132.959
-0.222222 21226.8 -139.308
-0.232323 21224.9 -145.63
-0.242424 21223.1 -151.943
-0.252525 21222 -158.228
-0.262626 21221.1 -164.502
-0.272727 21220.7 -170.747
-0.282828 21220.4 -176.981
-0.292929 21220.6 -183.186
-0.30303 21220.8 -189.379
-0.313131 21221.4 -195.543
-0.323232 21222.1 -201.695
-0.333333 21223 -207.819
-0.343434 21223.9 -213.93
-0.353535 21225 -220.014
-0.363636 21226.2 -226.084
-0.373737 21227.5 -232.128
-0.383838 21228.8 -238.158
-0.393939 21230.1 -244.162
-0.40404 21231.5 -250.151
-0.414141 21232.9 -256.116
-0.424242 21234.3 -262.063
-0.434343 21235.7 -267.987
-0.444444 21237.1 -273.892
-0.454545 21238.5 -279.774
-0.464646 21239.9 -285.635
-0.474747 21241.2 -291.474
-0.484848 21242.6 -297.29
-0.494949 21244 -303.083
-0.505051 21245.3 -308.853
-0.515152 21246.6 -314.599
-0.525253 21248 -320.319
-0.535354 21249.3 -326.015
-0.545455 21250.6 -331.683
-0.555556 21251.9 -337.327
-0.565657 21253.2 -342.94
-0.575758 21254.5 -348.528
-0.585859 21255.8 -354.083
-0.59596 21257 -359.613
-0.606061 21258.3 -365.105
-0.616162 21259.6 -370.573
-0.626263 21260.9 -376
-0.636364 21262.3 -381.402
-0.646465 21263.6 -386.76
-0.656566 21264.9 -392.092
-0.666667 21266.3 -397.375
-0.676768 21267.6 -402.633
-0.686869 21269 -407.838
-0.69697 21270.4 -413.017
-0.707071 21271.8 -418.138
-0.717172 21273.2 -423.233
-0.727273 21274.6 -428.264
-0.737374 21276 -433.271
-0.747475 21277.5 -438.207
-0.757576 21278.9 -443.119
-0.767677 21280.3 -447.955
-0.777778 21281.8 -452.766
-0.787879 21283.2 -457.495
-0.79798 21284.6 -462.201
-0.808081 21286 -466.816
-0.818182 21287.4 -471.41
-0.828283 21288.7 -475.907
-0.838384 21290 -480.383
-0.848485 21291.3 -484.755
-0.858586 21292.6 -489.107
-0.868687 21293.7 -493.349
-0.878788 21294.8 -497.573
-0.888889 21295.9 -501.68
-0.89899 21296.9 -505.772
-0.909091 21297.7 -509.741
-0.919192 21298.6 -513.696
-0.929293 21299.3 -517.524
-0.939394 21299.9 -521.342
-0.949495 21300.4 -525.031
-0.959596 21300.9 -528.712
-0.969697 21301.1 -532.269
-0.979798 21301.4 -535.82
-0.989899 21301.5 -539.296
-1 21301.6 -542.77
