0 5498.29 0.000750804
-0.010101 4056.96 -12.8806
-0.020202 4069.5 -25.7825
-0.030303 4076.63 -39.6641
-0.040404 4083.59 -53.5544
-0.0505051 4086.5 -67.6516
-0.0606061 4089.23 -81.7605
-0.0707071 4089.04 -96.0524
-0.0808081 4088.68 -110.356
-0.0909091 4086.34 -124.788
-0.10101 4083.86 -139.229
-0.111111 4080.14 -153.756
-0.121212 4076.32 -168.29
-0.131313 4071.84 -182.879
-0.141414 4067.31 -197.473
-0.151515 4062.53 -212.101
-0.161616 4057.75 -226.733
-0.171717 4053.02 -241.382
-0.181818 4048.33 -256.033
-0.191919 4043.88 -270.688
-0.20202 4039.52 -285.342
-0.212121 4035.5 -299.989
-0.222222 4031.61 -314.631
-0.232323 4028.12 -329.256
-0.242424 4024.76 -343.873
-0.252525 4021.83 -358.464
-0.262626 4019.04 -373.042
-0.272727 4016.66 -387.588
-0.282828 4014.43 -402.118
-0.292929 4012.57 -416.608
-0.30303 4010.85 -431.079
-0.313131 4009.46 -445.506
-0.323232 4008.2 -459.911
-0.333333 4007.23 -474.268
-0.343434 4006.37 -488.599
-0.353535 4005.75 -502.879
-0.363636 4005.24 -517.129
-0.373737 4004.91 -531.327
-0.383838 4004.66 -545.492
-0.393939 4004.57 -559.603
-0.40404 4004.55 -573.676
-0.414141 4004.64 -587.694
-0.424242 4004.78 -601.671
-0.434343 4005.01 -615.591
-0.444444 4005.28 -629.465
-0.454545 4005.61 -643.282
-0.464646 4005.97 -657.05
-0.474747 4006.37 -670.759
-0.484848 4006.79 -684.413
-0.494949 4007.23 -698.008
-0.505051 4007.68 -711.543
-0.515152 4008.15 -725.019
-0.525253 4008.62 -738.429
-0.535354 4009.1 -751.778
-0.545455 4009.57 -765.057
-0.555556 4010.04 -778.274
-0.565657 4010.51 -791.414
-0.575758 4010.97 -804.493
-0.585859 4011.43 -817.486
-0.59596 4011.88 -830.419
-0.606061 4012.31 -843.259
-0.616162 4012.74 -856.038
-0.626263 4013.16 -868.717
-0.636364 4013.56 -881.335
-0.646465 4013.95 -893.844
-0.656566 4014.33 -906.292
-0.666667 4014.68 -918.623
-0.676768 4015.03 -930.894
-0.686869 4015.35 -943.037
-0.69697 4015.66 -955.121
-0.707071 4015.95 -967.069
-0.717172 4016.22 -978.957
-0.727273 4016.45 -990.699
-0.737374 4016.67 -1002.38
-0.747475 4016.85 -1013.91
-0.757576 4017.02 -1025.38
-0.767677 4017.13 -1036.68
-0.777778 4017.24 -1047.93
-0.787879 4017.28 -1059
-0.79798 4017.31 -1070.02
-0.808081 4017.28 -1080.85
-0.818182 4017.23 -1091.63
-0.828283 4017.11 -1102.2
-0.838384 4016.97 -1112.74
-0.848485 4016.76 -1123.05
-0.858586 4016.54 -1133.33
-0.868687 4016.24 -1143.38
-0.878788 4015.93 -1153.4
-0.888889 4015.56 -1163.18
-0.89899 4015.17 -1172.93
-0.909091 4014.74 -1182.44
-0.919192 4014.3 -1191.92
-0.929293 4013.85 -1201.16
-0.939394 4013.39 -1210.37
-0.949495 4012.95 -1219.33
-0.959596 4012.52 -1228.28
-0.969697 4012.18 -1237
-0.979798 4011.84 -1245.71
-0.989899 4011.7 -1254.21
-1 4011.57 -1262.7
