0 14479.8 0.0015407
-0.010101 15598.2 9.68735
-0.020202 15572.5 19.3836
-0.030303 15552 29.6696
-0.040404 15531.7 39.9607
-0.0505051 15516 50.3751
-0.0606061 15500.5 60.7996
-0.0707071 15488.9 71.3838
-0.0808081 15477.6 81.9796
-0.0909091 15469.6 92.7094
-0.10101 15461.8 103.45
-0.111111 15456.6 114.291
-0.121212 15451.7 125.141
-0.131313 15448.9 136.063
-0.141414 15446.3 146.994
-0.151515 15445.2 157.976
-0.161616 15444.4 168.965
-0.171717 15444.7 179.991
-0.181818 15445.1 191.023
-0.191919 15446.3 202.08
-0.20202 15447.7 213.141
-0.212121 15449.5 224.216
-0.222222 15451.4 235.293
-0.232323 15453.6 246.376
-0.242424 15455.9 257.457
-0.252525 15458.3 268.536
-0.262626 15460.6 279.61
-0.272727 15463 290.672
-0.282828 15465.4 301.727
-0.292929 15467.7 312.764
-0.30303 15470 323.79
-0.313131 15472.2 334.791
-0.323232 15474.3 345.779
-0.333333 15476.3 356.736
-0.343434 15478.2 367.676
-0.353535 15480 378.582
-0.363636 15481.7 389.466
-0.373737 15483.2 400.314
-0.383838 15484.7 411.137
-0.393939 15486.1 421.92
-0.40404 15487.5 432.675
-0.414141 15488.7 443.387
-0.424242 15489.8 454.068
-0.434343 15490.9 464.706
-0.444444 15491.9 475.308
-0.454545 15492.9 485.865
-0.464646 15493.8 496.382
-0.474747 15494.6 506.854
-0.484848 15495.4 517.282
-0.494949 15496.2 527.664
-0.505051 15496.9 537.998
-0.515152 15497.7 548.285
-0.525253 15498.4 558.52
-0.535354 15499.1 568.707
-0.545455 15499.7 578.837
-0.555556 15500.4 588.919
-0.565657 15501.1 598.94
-0.575758 15501.8 608.912
-0.585859 15502.5 618.818
-0.59596 15503.2 628.675
-0.606061 15503.9 638.46
-0.616162 15504.6 648.197
-0.626263 15505.4 657.855
-0.636364 15506.2 667.466
-0.646465 15507 676.993
-0.656566 15507.8 686.472
-0.666667 15508.7 695.86
-0.676768 15509.6 705.202
-0.686869 15510.5 714.447
-0.69697 15511.4 723.645
-0.707071 15512.4 732.74
-0.717172 15513.5 741.79
-0.727273 15514.5 750.73
-0.737374 15515.6 759.626
-0.747475 15516.8 768.404
-0.757576 15517.9 777.141
-0.767677 15519.2 785.753
-0.777778 15520.4 794.325
-0.787879 15521.7 802.766
-0.79798 15523 811.17
-0.808081 15524.4 819.435
-0.818182 15525.7 827.665
-0.828283 15527.2 835.75
-0.838384 15528.6 843.804
-0.848485 15530 851.706
-0.858586 15531.5 859.579
-0.868687 15532.9 867.295
-0.878788 15534.4 874.986
-0.888889 15535.8 882.514
-0.89899 15537.2 890.02
-0.909091 15538.5 897.359
-0.919192 15539.8 904.679
-0.929293 15541 911.83
-0.939394 15542.1 918.966
-0.949495 15543.1 925.935
-0.959596 15544.1 932.894
-0.969697 15544.7 939.702
-0.979798 15545.4 946.505
-0.989899 15545.6 953.127
-1 15545.8 959.746
