0 -12248.1 -0.00142136
-0.010101 -13467.8 -10.6228
-0.020202 -13442.9 -21.2565
-0.030303 -13423.4 -32.5657
-0.040404 -13404 -43.8808
-0.0505051 -13389.4 -55.3376
-0.0606061 -13375.1 -66.8053
-0.0707071 -13364.6 -78.4442
-0.0808081 -13354.5 -90.0951
-0.0909091 -13347.6 -101.886
-0.10101 -13340.9 -113.688
-0.111111 -13336.8 -125.593
-0.121212 -13333 -137.508
-0.131313 -13331.1 -149.496
-0.141414 -13329.4 -161.493
-0.151515 -13329.1 -173.541
-0.161616 -13329.1 -185.595
-0.171717 -13330 -197.687
-0.181818 -13331.1 -209.783
-0.191919 -13332.9 -221.903
-0.20202 -13334.7 -234.026
-0.212121 -13337 -246.162
-0.222222 -13339.3 -258.298
-0.232323 -13341.8 -270.437
-0.242424 -13344.3 -282.574
-0.252525 -13346.8 -294.704
-0.262626 -13349.4 -306.829
-0.272727 -13351.9 -318.938
-0.282828 -13354.4 -331.039
-0.292929 -13356.7 -343.118
-0.30303 -13359 -355.184
-0.313131 -13361.2 -367.221
-0.323232 -13363.3 -379.242
-0.333333 -13365.2 -391.23
-0.343434 -13367 -403.198
-0.353535 -13368.7 -415.128
-0.363636 -13370.4 -427.034
-0.373737 -13371.8 -438.9
-0.383838 -13373.2 -450.738
-0.393939 -13374.5 -462.533
-0.40404 -13375.7 -474.296
-0.414141 -13376.8 -486.014
-0.424242 -13377.8 -497.697
-0.434343 -13378.7 -509.333
-0.444444 -13379.6 -520.929
-0.454545 -13380.4 -532.477
-0.464646 -13381.2 -543.982
-0.474747 -13381.9 -555.438
-0.484848 -13382.5 -566.846
-0.494949 -13383.2 -578.203
-0.505051 -13383.8 -589.509
-0.515152 -13384.3 -600.763
-0.525253 -13384.9 -611.96
-0.535354 -13385.5 -623.106
-0.545455 -13386 -634.191
-0.555556 -13386.6 -645.222
-0.565657 -13387.1 -656.188
-0.575758 -13387.7 -667.1
-0.585859 -13388.2 -677.94
-0.59596 -13388.8 -688.727
-0.606061 -13389.4 -699.436
-0.616162 -13390 -710.092
-0.626263 -13390.6 -720.663
-0.636364 -13391.2 -731.182
-0.646465 -13391.9 -741.609
-0.656566 -13392.6 -751.984
-0.666667 -13393.3 -762.26
-0.676768 -13394.1 -772.486
-0.686869 -13394.8 -782.605
-0.69697 -13395.7 -792.674
-0.707071 -13396.5 -802.629
-0.717172 -13397.4 -812.536
-0.727273 -13398.3 -822.321
-0.737374 -13399.3 -832.059
-0.747475 -13400.3 -841.667
-0.757576 -13401.3 -851.229
-0.767677 -13402.4 -860.655
-0.777778 -13403.5 -870.037
-0.787879 -13404.7 -879.273
-0.79798 -13405.9 -888.469
-0.808081 -13407.1 -897.512
-0.818182 -13408.3 -906.516
-0.828283 -13409.6 -915.361
-0.838384 -13410.9 -924.169
-0.848485 -13412.2 -932.81
-0.858586 -13413.6 -941.419
-0.868687 -13414.9 -949.854
-0.878788 -13416.3 -958.26
-0.888889 -13417.6 -966.485
-0.89899 -13418.9 -974.686
-0.909091 -13420.2 -982.7
-0.919192 -13421.4 -990.694
-0.929293 -13422.6 -998.499
-0.939394 -13423.7 -1006.29
-0.949495 -13424.6 -1013.89
-0.959596 -13425.5 -1021.48
-0.969697 -13426.2 -1028.9
-0.979798 -13426.8 -1036.31
-0.989899 -13427 -1043.53
-1 -13427.3 -1050.75
