0 18346 0.00171221
-0.010101 19219 7.44604
-0.020202 19193 14.8968
-0.030303 19171.4 22.7439
-0.040404 19150 30.5945
-0.0505051 19132.6 38.5272
-0.0606061 19115.5 46.4684
-0.0707071 19102.1 54.5409
-0.0808081 19088.9 62.6235
-0.0909091 19078.9 70.8235
-0.10101 19069.2 79.0335
-0.111111 19062.1 87.3341
-0.121212 19055.4 95.6437
-0.131313 19050.8 104.02
-0.141414 19046.5 112.405
-0.151515 19043.8 120.84
-0.161616 19041.5 129.282
-0.171717 19040.4 137.761
-0.181818 19039.6 146.246
-0.191919 19039.7 154.759
-0.20202 19040 163.277
-0.212121 19040.9 171.815
-0.222222 19042 180.355
-0.232323 19043.5 188.907
-0.242424 19045.1 197.459
-0.252525 19047 206.016
-0.262626 19049 214.571
-0.272727 19051 223.123
-0.282828 19053.1 231.671
-0.292929 19055.3 240.209
-0.30303 19057.4 248.74
-0.313131 19059.5 257.255
-0.323232 19061.6 265.761
-0.333333 19063.6 274.246
-0.343434 19065.5 282.718
-0.353535 19067.4 291.166
-0.363636 19069.2 299.598
-0.373737 19071 308.002
-0.383838 19072.6 316.388
-0.393939 19074.2 324.743
-0.40404 19075.7 333.076
-0.414141 19077.2 341.377
-0.424242 19078.6 349.654
-0.434343 19079.9 357.896
-0.444444 19081.1 366.111
-0.454545 19082.3 374.29
-0.464646 19083.4 382.439
-0.474747 19084.5 390.551
-0.484848 19085.6 398.629
-0.494949 19086.6 406.671
-0.505051 19087.6 414.675
-0.515152 19088.6 422.641
-0.525253 19089.5 430.567
-0.535354 19090.5 438.455
-0.545455 19091.4 446.298
-0.555556 19092.3 454.103
-0.565657 19093.3 461.86
-0.575758 19094.2 469.579
-0.585859 19095.1 477.245
-0.59596 19096.1 484.873
-0.606061 19097 492.445
-0.616162 19098 499.978
-0.626263 19099 507.451
-0.636364 19100 514.886
-0.646465 19101.1 522.255
-0.656566 19102.1 529.587
-0.666667 19103.2 536.849
-0.676768 19104.4 544.074
-0.686869 19105.5 551.224
-0.69697 19106.7 558.338
-0.707071 19108 565.372
-0.717172 19109.2 572.372
-0.727273 19110.5 579.286
-0.737374 19111.9 586.167
-0.747475 19113.2 592.957
-0.757576 19114.6 599.716
-0.767677 19116.1 606.379
-0.777778 19117.5 613.013
-0.787879 19119.1 619.546
-0.79798 19120.6 626.052
-0.808081 19122.1 632.453
-0.818182 19123.7 638.828
-0.828283 19125.3 645.094
-0.838384 19126.9 651.337
-0.848485 19128.5 657.466
-0.858586 19130.1 663.575
-0.868687 19131.7 669.566
-0.878788 19133.3 675.539
-0.888889 19134.8 681.393
-0.89899 19136.3 687.23
-0.909091 19137.7 692.944
-0.919192 19139.1 698.645
-0.929293 19140.4 704.223
-0.939394 19141.6 709.789
-0.949495 19142.6 715.235
-0.959596 19143.5 720.672
-0.969697 19144.2 726.004
-0.979798 19144.8 731.331
-0.989899 19145.1 736.513
-1 19145.3 741.692
