0 -23305.1 -0.00239501
-0.010101 -22997.1 3.1168
-0.020202 -22981 6.24658
-0.030303 -22964.8 9.78682
-0.040404 -22948.7 13.3307
-0.0505051 -22933.4 16.9627
-0.0606061 -22918.2 20.5958
-0.0707071 -22904.3 24.247
-0.0808081 -22890.6 27.8971
-0.0909091 -22878.4 31.5345
-0.10101 -22866.4 35.1696
-0.111111 -22856.1 38.7827
-0.121212 -22846.1 42.3927
-0.131313 -22837.6 45.9795
-0.141414 -22829.5 49.5626
-0.151515 -22822.8 53.1228
-0.161616 -22816.4 56.6786
-0.171717 -22811.4 60.211
-0.181818 -22806.6 63.738
-0.191919 -22803.1 67.2406
-0.20202 -22799.7 70.7368
-0.212121 -22797.3 74.2075
-0.222222 -22795.2 77.6708
-0.232323 -22793.9 81.1082
-0.242424 -22792.7 84.5375
-0.252525 -22792.2 87.9412
-0.262626 -22791.9 91.3362
-0.272727 -22792 94.7069
-0.282828 -22792.3 98.0687
-0.292929 -22792.9 101.408
-0.30303 -22793.7 104.738
-0.313131 -22794.6 108.047
-0.323232 -22795.7 111.347
-0.333333 -22797 114.629
-0.343434 -22798.2 117.902
-0.353535 -22799.6 121.157
-0.363636 -22801.1 124.405
-0.373737 -22802.6 127.636
-0.383838 -22804.1 130.859
-0.393939 -22805.6 134.068
-0.40404 -22807.1 137.268
-0.414141 -22808.7 140.454
-0.424242 -22810.2 143.632
-0.434343 -22811.7 146.797
-0.444444 -22813.2 149.953
-0.454545 -22814.7 153.097
-0.464646 -22816.2 156.231
-0.474747 -22817.6 159.353
-0.484848 -22819.1 162.465
-0.494949 -22820.5 165.565
-0.505051 -22821.9 168.653
-0.515152 -22823.2 171.729
-0.525253 -22824.6 174.793
-0.535354 -22826 177.846
-0.545455 -22827.3 180.884
-0.555556 -22828.6 183.911
-0.565657 -22830 186.922
-0.575758 -22831.3 189.921
-0.585859 -22832.6 192.904
-0.59596 -22834 195.874
-0.606061 -22835.3 198.825
-0.616162 -22836.7 201.764
-0.626263 -22838 204.682
-0.636364 -22839.4 207.587
-0.646465 -22840.8 210.469
-0.656566 -22842.2 213.339
-0.666667 -22843.6 216.182
-0.676768 -22845.1 219.013
-0.686869 -22846.5 221.815
-0.69697 -22848 224.603
-0.707071 -22849.5 227.36
-0.717172 -22851 230.103
-0.727273 -22852.5 232.812
-0.737374 -22854.1 235.506
-0.747475 -22855.6 238.162
-0.757576 -22857.2 240.803
-0.767677 -22858.8 243.402
-0.777778 -22860.4 245.986
-0.787879 -22861.9 248.523
-0.79798 -22863.5 251.047
-0.808081 -22865.1 253.517
-0.818182 -22866.7 255.975
-0.828283 -22868.2 258.375
-0.838384 -22869.7 260.762
-0.848485 -22871.2 263.086
-0.858586 -22872.6 265.398
-0.868687 -22874 267.643
-0.878788 -22875.4 269.876
-0.888889 -22876.6 272.037
-0.89899 -22877.8 274.188
-0.909091 -22878.9 276.262
-0.919192 -22879.9 278.328
-0.929293 -22880.8 280.313
-0.939394 -22881.7 282.292
-0.949495 -22882.3 284.188
-0.959596 -22882.9 286.079
-0.969697 -22883.3 287.887
-0.979798 -22883.7 289.692
-0.989899 -22883.9 291.467
-1 -22884 293.241
