0 -23621.9 -0.00265312
-0.010101 -23513.7 1.34851
-0.020202 -23494.9 2.70792
-0.030303 -23476.9 4.352
-0.040404 -23459 5.99865
-0.0505051 -23442.5 7.70697
-0.0606061 -23426.2 9.41477
-0.0707071 -23411.6 11.1143
-0.0808081 -23397.3 12.8111
-0.0909091 -23384.9 14.4755
-0.10101 -23372.7 16.1359
-0.111111 -23362.4 17.7608
-0.121212 -23352.4 19.3813
-0.131313 -23344.3 20.9695
-0.141414 -23336.4 22.5529
-0.151515 -23330.1 24.1073
-0.161616 -23324.1 25.6566
-0.171717 -23319.6 27.1787
-0.181818 -23315.3 28.6951
-0.191919 -23312.2 30.1852
-0.20202 -23309.3 31.6688
-0.212121 -23307.4 33.1267
-0.222222 -23305.8 34.5776
-0.232323 -23304.9 36.0039
-0.242424 -23304.2 37.423
-0.252525 -23304.1 38.8191
-0.262626 -23304.1 40.2081
-0.272727 -23304.6 41.5764
-0.282828 -23305.2 42.9377
-0.292929 -23306.2 44.281
-0.30303 -23307.2 45.6179
-0.313131 -23308.5 46.9395
-0.323232 -23309.8 48.2551
-0.333333 -23311.2 49.5582
-0.343434 -23312.7 50.8559
-0.353535 -23314.3 52.1433
-0.363636 -23315.8 53.4261
-0.373737 -23317.5 54.7005
-0.383838 -23319.1 55.9707
-0.393939 -23320.7 57.2342
-0.40404 -23322.3 58.494
-0.414141 -23323.9 59.7482
-0.424242 -23325.5 60.9992
-0.434343 -23327 62.2455
-0.444444 -23328.6 63.4886
-0.454545 -23330.1 64.7278
-0.464646 -23331.6 65.964
-0.474747 -23333 67.1966
-0.484848 -23334.5 68.4261
-0.494949 -23335.9 69.6523
-0.505051 -23337.3 70.8752
-0.515152 -23338.7 72.0949
-0.525253 -23340 73.311
-0.535354 -23341.4 74.5239
-0.545455 -23342.7 75.7329
-0.555556 -23344 76.9384
-0.565657 -23345.4 78.1396
-0.575758 -23346.7 79.3372
-0.585859 -23348 80.5297
-0.59596 -23349.4 81.7184
-0.606061 -23350.7 82.9012
-0.616162 -23352.1 84.0801
-0.626263 -23353.4 85.2521
-0.636364 -23354.8 86.4198
-0.646465 -23356.2 87.5795
-0.656566 -23357.6 88.7347
-0.666667 -23359.1 89.8805
-0.676768 -23360.5 91.0214
-0.686869 -23362 92.1514
-0.69697 -23363.5 93.2762
-0.707071 -23365 94.3882
-0.717172 -23366.6 95.4947
-0.727273 -23368.1 96.5862
-0.737374 -23369.7 97.6719
-0.747475 -23371.3 98.7401
-0.757576 -23373 99.8022
-0.767677 -23374.6 100.844
-0.777778 -23376.2 101.879
-0.787879 -23377.9 102.891
-0.79798 -23379.5 103.897
-0.808081 -23381.2 104.876
-0.818182 -23382.8 105.848
-0.828283 -23384.5 106.789
-0.838384 -23386.1 107.724
-0.848485 -23387.6 108.625
-0.858586 -23389.2 109.52
-0.868687 -23390.7 110.377
-0.878788 -23392.1 111.227
-0.888889 -23393.5 112.037
-0.89899 -23394.8 112.84
-0.909091 -23396 113.6
-0.919192 -23397.2 114.354
-0.929293 -23398.2 115.061
-0.939394 -23399.2 115.764
-0.949495 -23399.9 116.418
-0.959596 -23400.6 117.069
-0.969697 -23401.1 117.667
-0.979798 -23401.5 118.263
-0.989899 -23401.7 118.859
-1 -23401.8 119.455
