0 -10091.3 -0.00125264
-0.010101 -8737.36 12.1815
-0.020202 -8744.96 24.385
-0.030303 -8747.73 37.5537
-0.040404 -8750.36 50.7308
-0.0505051 -8749.55 64.112
-0.0606061 -8748.59 77.5039
-0.0707071 -8745.33 91.0628
-0.0808081 -8741.95 104.631
-0.0909091 -8737.15 118.312
-0.10101 -8732.27 132.001
-0.111111 -8726.66 145.761
-0.121212 -8721.02 159.526
-0.131313 -8715.14 173.335
-0.141414 -8709.28 187.148
-0.151515 -8703.54 200.987
-0.161616 -8697.86 214.827
-0.171717 -8692.51 228.678
-0.181818 -8687.27 242.528
-0.191919 -8682.5 256.378
-0.20202 -8677.87 270.225
-0.212121 -8673.76 284.059
-0.222222 -8669.81 297.888
-0.232323 -8666.4 311.696
-0.242424 -8663.16 325.494
-0.252525 -8660.43 339.263
-0.262626 -8657.86 353.02
-0.272727 -8655.77 366.742
-0.282828 -8653.84 380.448
-0.292929 -8652.32 394.113
-0.30303 -8650.95 407.759
-0.313131 -8649.93 421.362
-0.323232 -8649.05 434.942
-0.333333 -8648.46 448.475
-0.343434 -8647.98 461.984
-0.353535 -8647.74 475.443
-0.363636 -8647.6 488.874
-0.373737 -8647.63 502.254
-0.383838 -8647.75 515.603
-0.393939 -8648.01 528.901
-0.40404 -8648.33 542.163
-0.414141 -8648.75 555.372
-0.424242 -8649.23 568.544
-0.434343 -8649.77 581.661
-0.444444 -8650.34 594.736
-0.454545 -8650.97 607.757
-0.464646 -8651.61 620.732
-0.474747 -8652.29 633.652
-0.484848 -8652.98 646.52
-0.494949 -8653.69 659.333
-0.505051 -8654.4 672.091
-0.515152 -8655.13 684.792
-0.525253 -8655.85 697.432
-0.535354 -8656.57 710.016
-0.545455 -8657.3 722.533
-0.555556 -8658.02 734.993
-0.565657 -8658.73 747.38
-0.575758 -8659.44 759.71
-0.585859 -8660.14 771.961
-0.59596 -8660.84 784.154
-0.606061 -8661.53 796.261
-0.616162 -8662.21 808.31
-0.626263 -8662.88 820.266
-0.636364 -8663.55 832.164
-0.646465 -8664.2 843.96
-0.656566 -8664.85 855.699
-0.666667 -8665.49 867.327
-0.676768 -8666.12 878.899
-0.686869 -8666.73 890.351
-0.69697 -8667.34 901.747
-0.707071 -8667.92 913.014
-0.717172 -8668.5 924.226
-0.727273 -8669.05 935.299
-0.737374 -8669.59 946.318
-0.747475 -8670.09 957.187
-0.757576 -8670.59 968.004
-0.767677 -8671.04 978.661
-0.777778 -8671.49 989.267
-0.787879 -8671.88 999.702
-0.79798 -8672.26 1010.09
-0.808081 -8672.58 1020.29
-0.818182 -8672.88 1030.45
-0.828283 -8673.11 1040.42
-0.838384 -8673.33 1050.34
-0.848485 -8673.47 1060.06
-0.858586 -8673.59 1069.73
-0.868687 -8673.63 1079.2
-0.878788 -8673.66 1088.63
-0.888889 -8673.6 1097.83
-0.89899 -8673.53 1107
-0.909091 -8673.39 1115.94
-0.919192 -8673.23 1124.86
-0.929293 -8673.02 1133.53
-0.939394 -8672.8 1142.19
-0.949495 -8672.56 1150.6
-0.959596 -8672.31 1159
-0.969697 -8672.09 1167.18
-0.979798 -8671.88 1175.35
-0.989899 -8671.78 1183.31
-1 -8671.69 1191.28
