0 23544.9 0.00142428
-0.010101 23604.8 0.141852
-0.020202 23584.1 0.277388
-0.030303 23564.9 0.23803
-0.040404 23545.7 0.197072
-0.0505051 23528.5 0.117703
-0.0606061 23511.4 0.040262
-0.0707071 23496.5 -0.00695746
-0.0808081 23481.9 -0.0499651
-0.0909091 23469.4 -0.0445375
-0.10101 23457.2 -0.0339485
-0.111111 23447.2 0.0230923
-0.121212 23437.4 0.0855278
-0.131313 23429.6 0.187525
-0.141414 23422 0.294997
-0.151515 23416.2 0.436102
-0.161616 23410.6 0.582892
-0.171717 23406.5 0.75953
-0.181818 23402.6 0.942199
-0.191919 23400 1.15234
-0.20202 23397.6 1.36885
-0.212121 23396.1 1.61081
-0.222222 23394.9 1.85931
-0.232323 23394.4 2.13094
-0.242424 23394.1 2.40898
-0.252525 23394.3 2.70734
-0.262626 23394.7 3.0117
-0.272727 23395.5 3.33313
-0.282828 23396.4 3.65987
-0.292929 23397.6 4.00026
-0.30303 23398.8 4.34507
-0.313131 23400.3 4.70019
-0.323232 23401.8 5.0587
-0.333333 23403.4 5.42444
-0.343434 23405 5.79251
-0.353535 23406.7 6.1651
-0.363636 23408.3 6.53897
-0.373737 23410 6.91511
-0.383838 23411.7 7.29153
-0.393939 23413.4 7.6684
-0.40404 23415 8.04463
-0.414141 23416.7 8.4199
-0.424242 23418.3 8.79371
-0.434343 23419.8 9.1655
-0.444444 23421.4 9.5351
-0.454545 23422.9 9.90193
-0.464646 23424.4 10.2659
-0.474747 23425.8 10.6267
-0.484848 23427.2 10.9841
-0.494949 23428.6 11.3378
-0.505051 23430 11.6878
-0.515152 23431.4 12.034
-0.525253 23432.7 12.3761
-0.535354 23434 12.7143
-0.545455 23435.4 13.0481
-0.555556 23436.7 13.3781
-0.565657 23438 13.7034
-0.575758 23439.3 14.0251
-0.585859 23440.6 14.3419
-0.59596 23441.9 14.6553
-0.606061 23443.2 14.9639
-0.616162 23444.6 15.2692
-0.626263 23445.9 15.5697
-0.636364 23447.3 15.8672
-0.646465 23448.7 16.1602
-0.656566 23450.1 16.4505
-0.666667 23451.5 16.7365
-0.676768 23453 17.0203
-0.686869 23454.4 17.3003
-0.69697 23455.9 17.5785
-0.707071 23457.5 17.8536
-0.717172 23459 18.1275
-0.727273 23460.6 18.3992
-0.737374 23462.2 18.6701
-0.747475 23463.8 18.9402
-0.757576 23465.5 19.21
-0.767677 23467.1 19.4805
-0.777778 23468.8 19.7513
-0.787879 23470.5 20.0246
-0.79798 23472.2 20.2987
-0.808081 23473.9 20.5775
-0.818182 23475.6 20.8574
-0.828283 23477.2 21.1444
-0.838384 23478.9 21.433
-0.848485 23480.5 21.7311
-0.858586 23482.2 22.031
-0.868687 23483.7 22.3429
-0.878788 23485.2 22.6568
-0.888889 23486.7 22.9852
-0.89899 23488.1 23.3156
-0.909091 23489.4 23.6628
-0.919192 23490.6 24.0118
-0.929293 23491.7 24.3797
-0.939394 23492.7 24.7492
-0.949495 23493.5 25.1399
-0.959596 23494.3 25.532
-0.969697 23494.8 25.9501
-0.979798 23495.3 26.3693
-0.989899 23495.5 26.7637
-1 23495.7 27.1576
