0 7580.37 0.000945683
-0.010101 6170.47 -12.6345
-0.020202 6180.87 -25.2907
-0.030303 6186.09 -38.9256
-0.040404 6191.15 -52.5691
-0.0505051 6192.42 -66.4197
-0.0606061 6193.51 -80.2817
-0.0707071 6191.95 -94.3208
-0.0808081 6190.24 -108.371
-0.0909091 6186.79 -122.543
-0.10101 6183.22 -136.724
-0.111111 6178.64 -150.985
-0.121212 6173.99 -165.253
-0.131313 6168.86 -179.57
-0.141414 6163.72 -193.893
-0.151515 6158.48 -208.246
-0.161616 6153.27 -222.602
-0.171717 6148.24 -236.973
-0.181818 6143.29 -251.345
-0.191919 6138.67 -265.719
-0.20202 6134.16 -280.091
-0.212121 6130.09 -294.454
-0.222222 6126.15 -308.812
-0.232323 6122.68 -323.151
-0.242424 6119.36 -337.481
-0.252525 6116.5 -351.784
-0.262626 6113.8 -366.075
-0.272727 6111.54 -380.331
-0.282828 6109.42 -394.571
-0.292929 6107.71 -408.772
-0.30303 6106.14 -422.954
-0.313131 6104.91 -437.091
-0.323232 6103.81 -451.206
-0.333333 6103 -465.274
-0.343434 6102.32 -479.315
-0.353535 6101.86 -493.307
-0.363636 6101.51 -507.27
-0.373737 6101.34 -521.18
-0.383838 6101.26 -535.058
-0.393939 6101.33 -548.883
-0.40404 6101.46 -562.671
-0.414141 6101.7 -576.405
-0.424242 6101.99 -590.098
-0.434343 6102.36 -603.736
-0.444444 6102.77 -617.33
-0.454545 6103.23 -630.868
-0.464646 6103.73 -644.357
-0.474747 6104.25 -657.788
-0.484848 6104.79 -671.167
-0.494949 6105.36 -684.487
-0.505051 6105.93 -697.749
-0.515152 6106.52 -710.953
-0.525253 6107.1 -724.093
-0.535354 6107.69 -737.174
-0.545455 6108.28 -750.186
-0.555556 6108.87 -763.137
-0.565657 6109.45 -776.013
-0.575758 6110.02 -788.83
-0.585859 6110.59 -801.563
-0.59596 6111.16 -814.236
-0.606061 6111.71 -826.82
-0.616162 6112.25 -839.343
-0.626263 6112.78 -851.769
-0.636364 6113.31 -864.134
-0.646465 6113.82 -876.394
-0.656566 6114.32 -888.594
-0.666667 6114.8 -900.679
-0.676768 6115.28 -912.704
-0.686869 6115.73 -924.606
-0.69697 6116.18 -936.449
-0.707071 6116.6 -948.158
-0.717172 6117.01 -959.81
-0.727273 6117.38 -971.318
-0.737374 6117.75 -982.769
-0.747475 6118.08 -994.066
-0.757576 6118.39 -1005.31
-0.767677 6118.66 -1016.38
-0.777778 6118.92 -1027.41
-0.787879 6119.12 -1038.26
-0.79798 6119.3 -1049.05
-0.808081 6119.43 -1059.66
-0.818182 6119.53 -1070.22
-0.828283 6119.57 -1080.58
-0.838384 6119.59 -1090.9
-0.848485 6119.54 -1101.01
-0.858586 6119.47 -1111.08
-0.868687 6119.32 -1120.92
-0.878788 6119.16 -1130.73
-0.888889 6118.93 -1140.31
-0.89899 6118.68 -1149.86
-0.909091 6118.38 -1159.17
-0.919192 6118.06 -1168.45
-0.929293 6117.71 -1177.48
-0.939394 6117.36 -1186.5
-0.949495 6117 -1195.27
-0.959596 6116.65 -1204.02
-0.969697 6116.37 -1212.55
-0.979798 6116.08 -1221.06
-0.989899 6115.96 -1229.37
-1 6115.84 -1237.67
