0 -23101 -0.00227392
-0.010101 -22727.6 3.6945
-0.020202 -22712.4 7.40256
-0.030303 -22697 11.5614
-0.040404 -22681.5 15.7244
-0.0505051 -22666.7 19.9838
-0.0606061 -22651.9 24.245
-0.0707071 -22638.3 28.533
-0.0808081 -22624.8 32.8205
-0.0909091 -22612.8 37.1022
-0.10101 -22601 41.3819
-0.111111 -22590.7 45.6444
-0.121212 -22580.6 49.9042
-0.131313 -22572.1 54.1441
-0.141414 -22563.9 58.3806
-0.151515 -22557.2 62.5964
-0.161616 -22550.7 66.808
-0.171717 -22545.5 70.9977
-0.181818 -22540.6 75.1822
-0.191919 -22536.9 79.343
-0.20202 -22533.4 83.4975
-0.212121 -22530.9 87.6267
-0.222222 -22528.6 91.7484
-0.232323 -22527.1 95.8439
-0.242424 -22525.8 99.9311
-0.252525 -22525.2 103.992
-0.262626 -22524.7 108.044
-0.272727 -22524.7 112.07
-0.282828 -22524.9 116.087
-0.292929 -22525.4 120.079
-0.30303 -22526 124.062
-0.313131 -22526.9 128.022
-0.323232 -22527.9 131.973
-0.333333 -22529.1 135.902
-0.343434 -22530.3 139.822
-0.353535 -22531.6 143.723
-0.363636 -22533 147.613
-0.373737 -22534.5 151.486
-0.383838 -22535.9 155.349
-0.393939 -22537.4 159.195
-0.40404 -22538.9 163.031
-0.414141 -22540.4 166.85
-0.424242 -22541.9 170.66
-0.434343 -22543.4 174.454
-0.444444 -22544.9 178.236
-0.454545 -22546.4 182.004
-0.464646 -22547.8 185.76
-0.474747 -22549.3 189.501
-0.484848 -22550.7 193.229
-0.494949 -22552.1 196.943
-0.505051 -22553.5 200.643
-0.515152 -22554.9 204.328
-0.525253 -22556.2 207.997
-0.535354 -22557.6 211.652
-0.545455 -22558.9 215.29
-0.555556 -22560.3 218.914
-0.565657 -22561.6 222.518
-0.575758 -22562.9 226.108
-0.585859 -22564.2 229.676
-0.59596 -22565.6 233.23
-0.606061 -22566.9 236.761
-0.616162 -22568.3 240.276
-0.626263 -22569.6 243.766
-0.636364 -22571 247.241
-0.646465 -22572.4 250.687
-0.656566 -22573.8 254.118
-0.666667 -22575.2 257.518
-0.676768 -22576.6 260.902
-0.686869 -22578 264.252
-0.69697 -22579.5 267.585
-0.707071 -22581 270.881
-0.717172 -22582.5 274.161
-0.727273 -22584 277.398
-0.737374 -22585.5 280.62
-0.747475 -22587 283.795
-0.757576 -22588.6 286.955
-0.767677 -22590.1 290.063
-0.777778 -22591.7 293.156
-0.787879 -22593.2 296.192
-0.79798 -22594.8 299.213
-0.808081 -22596.3 302.173
-0.818182 -22597.8 305.117
-0.828283 -22599.3 307.995
-0.838384 -22600.8 310.858
-0.848485 -22602.3 313.649
-0.858586 -22603.7 316.426
-0.868687 -22605 319.125
-0.878788 -22606.3 321.812
-0.888889 -22607.5 324.416
-0.89899 -22608.7 327.009
-0.909091 -22609.7 329.515
-0.919192 -22610.7 332.011
-0.929293 -22611.6 334.416
-0.939394 -22612.4 336.813
-0.949495 -22613 339.117
-0.959596 -22613.6 341.415
-0.969697 -22613.9 343.621
-0.979798 -22614.3 345.823
-0.989899 -22614.4 347.985
-1 -22614.5 350.146
