0 -6023.83 -0.000755221
-0.010101 -4589.23 12.8304
-0.020202 -4601.25 25.6822
-0.030303 -4607.91 39.5141
-0.040404 -4614.4 53.3546
-0.0505051 -4616.9 67.4019
-0.0606061 -4619.22 81.4609
-0.0707071 -4618.68 95.7013
-0.0808081 -4617.98 109.953
-0.0909091 -4615.36 124.332
-0.10101 -4612.61 138.72
-0.111111 -4608.67 153.191
-0.121212 -4604.64 167.67
-0.131313 -4599.99 182.203
-0.141414 -4595.3 196.74
-0.151515 -4590.4 211.311
-0.161616 -4585.51 225.884
-0.171717 -4580.7 240.475
-0.181818 -4575.94 255.067
-0.191919 -4571.45 269.663
-0.20202 -4567.04 284.257
-0.212121 -4563.01 298.844
-0.222222 -4559.1 313.425
-0.232323 -4555.61 327.989
-0.242424 -4552.26 342.544
-0.252525 -4549.35 357.073
-0.262626 -4546.58 371.59
-0.272727 -4544.22 386.073
-0.282828 -4542.02 400.541
-0.292929 -4540.19 414.969
-0.30303 -4538.51 429.377
-0.313131 -4537.16 443.742
-0.323232 -4535.94 458.084
-0.333333 -4535 472.378
-0.343434 -4534.19 486.646
-0.353535 -4533.61 500.863
-0.363636 -4533.13 515.051
-0.373737 -4532.84 529.186
-0.383838 -4532.64 543.289
-0.393939 -4532.59 557.337
-0.40404 -4532.6 571.348
-0.414141 -4532.73 585.303
-0.424242 -4532.91 599.218
-0.434343 -4533.17 613.076
-0.444444 -4533.48 626.89
-0.454545 -4533.84 640.646
-0.464646 -4534.24 654.352
-0.474747 -4534.67 668
-0.484848 -4535.11 681.594
-0.494949 -4535.59 695.128
-0.505051 -4536.07 708.604
-0.515152 -4536.57 722.02
-0.525253 -4537.06 735.37
-0.535354 -4537.57 748.661
-0.545455 -4538.07 761.881
-0.555556 -4538.57 775.04
-0.565657 -4539.07 788.121
-0.575758 -4539.56 801.142
-0.585859 -4540.04 814.079
-0.59596 -4540.52 826.954
-0.606061 -4540.99 839.738
-0.616162 -4541.44 852.461
-0.626263 -4541.89 865.084
-0.636364 -4542.32 877.646
-0.646465 -4542.74 890.1
-0.656566 -4543.15 902.494
-0.666667 -4543.54 914.77
-0.676768 -4543.92 926.987
-0.686869 -4544.27 939.077
-0.69697 -4544.62 951.108
-0.707071 -4544.93 963.002
-0.717172 -4545.24 974.839
-0.727273 -4545.51 986.529
-0.737374 -4545.77 998.162
-0.747475 -4545.98 1009.64
-0.757576 -4546.18 1021.06
-0.767677 -4546.34 1032.31
-0.777778 -4546.48 1043.51
-0.787879 -4546.56 1054.53
-0.79798 -4546.63 1065.5
-0.808081 -4546.64 1076.28
-0.818182 -4546.63 1087.01
-0.828283 -4546.54 1097.54
-0.838384 -4546.45 1108.02
-0.848485 -4546.28 1118.29
-0.858586 -4546.09 1128.52
-0.868687 -4545.83 1138.53
-0.878788 -4545.56 1148.5
-0.888889 -4545.22 1158.23
-0.89899 -4544.87 1167.94
-0.909091 -4544.47 1177.4
-0.919192 -4544.06 1186.84
-0.929293 -4543.63 1196.03
-0.939394 -4543.2 1205.19
-0.949495 -4542.78 1214.11
-0.959596 -4542.37 1223.02
-0.969697 -4542.04 1231.69
-0.979798 -4541.72 1240.36
-0.989899 -4541.59 1248.81
-1 -4541.45 1257.26
