0 -23621.9 -0.00265312
-0.010101 -23513.7 1.34855
-0.020202 -23494.9 2.70801
-0.030303 -23476.9 4.35213
-0.040404 -23459 5.99882
-0.0505051 -23442.5 7.70717
-0.0606061 -23426.2 9.415
-0.0707071 -23411.6 11.1146
-0.0808081 -23397.3 12.8113
-0.0909091 -23384.9 14.4758
-0.10101 -23372.7 16.1363
-0.111111 -23362.4 17.7612
-0.121212 -23352.4 19.3817
-0.131313 -23344.3 20.9698
-0.141414 -23336.4 22.5532
-0.151515 -23330.1 24.1077
-0.161616 -23324.1 25.6569
-0.171717 -23319.6 27.1791
-0.181818 -23315.3 28.6954
-0.191919 -23312.2 30.1855
-0.20202 -23309.3 31.6691
-0.212121 -23307.4 33.127
-0.222222 -23305.8 34.5779
-0.232323 -23304.9 36.0042
-0.242424 -23304.2 37.4232
-0.252525 -23304.1 38.8193
-0.262626 -23304.1 40.2082
-0.272727 -23304.6 41.5764
-0.282828 -23305.2 42.9377
-0.292929 -23306.2 44.281
-0.30303 -23307.2 45.6178
-0.313131 -23308.5 46.9394
-0.323232 -23309.8 48.255
-0.333333 -23311.2 49.558
-0.343434 -23312.7 50.8557
-0.353535 -23314.3 52.143
-0.363636 -23315.8 53.4257
-0.373737 -23317.5 54.7
-0.383838 -23319.1 55.9702
-0.393939 -23320.7 57.2336
-0.40404 -23322.3 58.4934
-0.414141 -23323.9 59.7475
-0.424242 -23325.5 60.9984
-0.434343 -23327 62.2446
-0.444444 -23328.6 63.4877
-0.454545 -23330.1 64.7269
-0.464646 -23331.6 65.9629
-0.474747 -23333 67.1954
-0.484848 -23334.5 68.4249
-0.494949 -23335.9 69.6509
-0.505051 -23337.3 70.8738
-0.515152 -23338.7 72.0934
-0.525253 -23340 73.3094
-0.535354 -23341.4 74.5222
-0.545455 -23342.7 75.7311
-0.555556 -23344 76.9366
-0.565657 -23345.4 78.1376
-0.575758 -23346.7 79.3351
-0.585859 -23348 80.5275
-0.59596 -23349.4 81.7162
-0.606061 -23350.7 82.8989
-0.616162 -23352.1 84.0777
-0.626263 -23353.4 85.2495
-0.636364 -23354.8 86.4172
-0.646465 -23356.2 87.5768
-0.656566 -23357.6 88.7319
-0.666667 -23359.1 89.8775
-0.676768 -23360.5 91.0184
-0.686869 -23362 92.1483
-0.69697 -23363.5 93.273
-0.707071 -23365 94.3848
-0.717172 -23366.6 95.4912
-0.727273 -23368.1 96.5826
-0.737374 -23369.7 97.6682
-0.747475 -23371.3 98.7363
-0.757576 -23373 99.7983
-0.767677 -23374.6 100.84
-0.777778 -23376.2 101.875
-0.787879 -23377.9 102.887
-0.79798 -23379.5 103.893
-0.808081 -23381.2 104.871
-0.818182 -23382.8 105.843
-0.828283 -23384.5 106.785
-0.838384 -23386.1 107.72
-0.848485 -23387.6 108.62
-0.858586 -23389.2 109.515
-0.868687 -23390.7 110.371
-0.878788 -23392.1 111.222
-0.888889 -23393.5 112.031
-0.89899 -23394.8 112.835
-0.909091 -23396 113.594
-0.919192 -23397.2 114.348
-0.929293 -23398.2 115.055
-0.939394 -23399.2 115.758
-0.949495 -23399.9 116.412
-0.959596 -23400.6 117.062
-0.969697 -23401.1 117.66
-0.979798 -23401.5 118.256
-0.989899 -23401.7 118.852
-1 -23401.8 119.449
