0 -4183.05 -0.000544496
-0.010101 -5614.46 -12.634
-0.020202 -5593.82 -25.2848
-0.030303 -5579.04 -38.8208
-0.040404 -5564.46 -52.3647
-0.0505051 -5554.63 -66.0949
-0.0606061 -5545.05 -79.8374
-0.0707071 -5539.2 -93.7707
-0.0808081 -5533.6 -107.717
-0.0909091 -5530.84 -121.808
-0.10101 -5528.32 -135.912
-0.111111 -5527.87 -150.116
-0.121212 -5527.62 -164.331
-0.131313 -5528.82 -178.615
-0.141414 -5530.18 -192.906
-0.151515 -5532.48 -207.244
-0.161616 -5534.88 -221.588
-0.171717 -5537.83 -235.962
-0.181818 -5540.85 -250.339
-0.191919 -5544.12 -264.733
-0.20202 -5547.4 -279.127
-0.212121 -5550.73 -293.525
-0.222222 -5554.03 -307.921
-0.232323 -5557.23 -322.309
-0.242424 -5560.38 -336.692
-0.252525 -5563.34 -351.058
-0.262626 -5566.22 -365.415
-0.272727 -5568.86 -379.746
-0.282828 -5571.41 -394.064
-0.292929 -5573.71 -408.349
-0.30303 -5575.9 -422.618
-0.313131 -5577.84 -436.847
-0.323232 -5579.67 -451.056
-0.333333 -5581.27 -465.221
-0.343434 -5582.76 -479.362
-0.353535 -5584.04 -493.455
-0.363636 -5585.23 -507.52
-0.373737 -5586.24 -521.535
-0.383838 -5587.16 -535.517
-0.393939 -5587.93 -549.446
-0.40404 -5588.62 -563.339
-0.414141 -5589.19 -577.177
-0.424242 -5589.7 -590.974
-0.434343 -5590.11 -604.716
-0.444444 -5590.47 -618.412
-0.454545 -5590.76 -632.051
-0.464646 -5591.01 -645.64
-0.474747 -5591.21 -659.171
-0.484848 -5591.38 -672.647
-0.494949 -5591.51 -686.064
-0.505051 -5591.63 -699.421
-0.515152 -5591.72 -712.718
-0.525253 -5591.8 -725.949
-0.535354 -5591.88 -739.12
-0.545455 -5591.95 -752.22
-0.555556 -5592.02 -765.258
-0.565657 -5592.09 -778.219
-0.575758 -5592.17 -791.119
-0.585859 -5592.25 -803.933
-0.59596 -5592.35 -816.687
-0.606061 -5592.46 -829.349
-0.616162 -5592.58 -841.949
-0.626263 -5592.73 -854.45
-0.636364 -5592.89 -866.89
-0.646465 -5593.07 -879.222
-0.656566 -5593.27 -891.493
-0.666667 -5593.51 -903.648
-0.676768 -5593.75 -915.743
-0.686869 -5594.04 -927.713
-0.69697 -5594.34 -939.624
-0.707071 -5594.69 -951.4
-0.717172 -5595.05 -963.119
-0.727273 -5595.47 -974.693
-0.737374 -5595.9 -986.211
-0.747475 -5596.38 -997.574
-0.757576 -5596.88 -1008.88
-0.767677 -5597.44 -1020.03
-0.777778 -5598.02 -1031.12
-0.787879 -5598.66 -1042.04
-0.79798 -5599.32 -1052.91
-0.808081 -5600.04 -1063.59
-0.818182 -5600.78 -1074.23
-0.828283 -5601.57 -1084.67
-0.838384 -5602.38 -1095.07
-0.848485 -5603.25 -1105.27
-0.858586 -5604.13 -1115.42
-0.868687 -5605.05 -1125.36
-0.878788 -5605.97 -1135.27
-0.888889 -5606.92 -1144.96
-0.89899 -5607.87 -1154.61
-0.909091 -5608.8 -1164.03
-0.919192 -5609.74 -1173.43
-0.929293 -5610.62 -1182.6
-0.939394 -5611.49 -1191.74
-0.949495 -5612.24 -1200.65
-0.959596 -5612.99 -1209.55
-0.969697 -5613.53 -1218.23
-0.979798 -5614.06 -1226.91
-0.989899 -5614.27 -1235.36
-1 -5614.47 -1243.81
