0 -19163 -0.00198022
-0.010101 -18251.5 8.40494
-0.020202 -18246.2 16.8292
-0.030303 -18238.1 26.0154
-0.040404 -18230.1 35.2083
-0.0505051 -18220.6 44.563
-0.0606061 -18211.2 53.924
-0.0707071 -18201.2 63.3856
-0.0808081 -18191.3 72.8518
-0.0909091 -18181.6 82.371
-0.10101 -18171.9 91.893
-0.111111 -18162.8 101.44
-0.121212 -18153.8 110.989
-0.131313 -18145.7 120.547
-0.141414 -18137.7 130.105
-0.151515 -18130.7 139.663
-0.161616 -18123.9 149.22
-0.171717 -18118 158.768
-0.181818 -18112.4 168.314
-0.191919 -18107.7 177.844
-0.20202 -18103.2 187.368
-0.212121 -18099.6 196.872
-0.222222 -18096.3 206.367
-0.232323 -18093.6 215.836
-0.242424 -18091.2 225.296
-0.252525 -18089.4 234.724
-0.262626 -18087.8 244.141
-0.272727 -18086.8 253.524
-0.282828 -18085.9 262.893
-0.292929 -18085.5 272.227
-0.30303 -18085.2 281.546
-0.313131 -18085.2 290.828
-0.323232 -18085.4 300.094
-0.333333 -18085.8 309.323
-0.343434 -18086.3 318.533
-0.353535 -18087 327.707
-0.363636 -18087.7 336.86
-0.373737 -18088.6 345.977
-0.383838 -18089.6 355.072
-0.393939 -18090.6 364.131
-0.40404 -18091.7 373.166
-0.414141 -18092.8 382.164
-0.424242 -18094 391.137
-0.434343 -18095.2 400.073
-0.444444 -18096.4 408.981
-0.454545 -18097.6 417.852
-0.464646 -18098.8 426.693
-0.474747 -18100 435.497
-0.484848 -18101.2 444.267
-0.494949 -18102.4 453.001
-0.505051 -18103.6 461.697
-0.515152 -18104.8 470.357
-0.525253 -18106 478.976
-0.535354 -18107.2 487.558
-0.545455 -18108.4 496.096
-0.555556 -18109.6 504.596
-0.565657 -18110.7 513.048
-0.575758 -18111.9 521.462
-0.585859 -18113.1 529.823
-0.59596 -18114.2 538.146
-0.606061 -18115.4 546.411
-0.616162 -18116.6 554.638
-0.626263 -18117.7 562.802
-0.636364 -18118.9 570.928
-0.646465 -18120.1 578.985
-0.656566 -18121.2 587.004
-0.666667 -18122.4 594.948
-0.676768 -18123.6 602.854
-0.686869 -18124.8 610.678
-0.69697 -18126 618.465
-0.707071 -18127.2 626.163
-0.717172 -18128.4 633.823
-0.727273 -18129.6 641.388
-0.737374 -18130.8 648.916
-0.747475 -18132 656.34
-0.757576 -18133.2 663.727
-0.767677 -18134.3 671.003
-0.777778 -18135.5 678.244
-0.787879 -18136.6 685.363
-0.79798 -18137.8 692.449
-0.808081 -18138.9 699.406
-0.818182 -18140 706.33
-0.828283 -18141 713.116
-0.838384 -18142 719.872
-0.848485 -18142.9 726.48
-0.858586 -18143.9 733.06
-0.868687 -18144.7 739.484
-0.878788 -18145.5 745.883
-0.888889 -18146.2 752.118
-0.89899 -18146.9 758.33
-0.909091 -18147.4 764.372
-0.919192 -18148 770.394
-0.929293 -18148.4 776.24
-0.939394 -18148.8 782.071
-0.949495 -18149 787.724
-0.959596 -18149.2 793.367
-0.969697 -18149.4 798.84
-0.979798 -18149.5 804.306
-0.989899 -18149.5 809.648
-1 -18149.5 814.986
