0 -17999.6 -0.00167938
-0.010101 -18899.5 -7.68883
-0.020202 -18873.5 -15.3828
-0.030303 -18851.9 -23.4938
-0.040404 -18830.5 -31.6083
-0.0505051 -18813.3 -39.8096
-0.0606061 -18796.3 -48.0195
-0.0707071 -18783 -56.3641
-0.0808081 -18770 -64.719
-0.0909091 -18760.2 -73.1934
-0.10101 -18750.6 -81.678
-0.111111 -18743.7 -90.2544
-0.121212 -18737.2 -98.84
-0.131313 -18732.7 -107.493
-0.141414 -18728.6 -116.155
-0.151515 -18726.1 -124.867
-0.161616 -18723.9 -133.586
-0.171717 -18723 -142.343
-0.181818 -18722.2 -151.105
-0.191919 -18722.5 -159.896
-0.20202 -18722.8 -168.691
-0.212121 -18723.9 -177.505
-0.222222 -18725.1 -186.323
-0.232323 -18726.7 -195.151
-0.242424 -18728.4 -203.98
-0.252525 -18730.3 -212.812
-0.262626 -18732.3 -221.643
-0.272727 -18734.4 -230.469
-0.282828 -18736.5 -239.291
-0.292929 -18738.7 -248.102
-0.30303 -18740.8 -256.907
-0.313131 -18742.9 -265.694
-0.323232 -18745 -274.472
-0.333333 -18747 -283.228
-0.343434 -18749 -291.97
-0.353535 -18750.9 -300.688
-0.363636 -18752.7 -309.389
-0.373737 -18754.4 -318.061
-0.383838 -18756.1 -326.714
-0.393939 -18757.6 -335.336
-0.40404 -18759.1 -343.935
-0.414141 -18760.5 -352.501
-0.424242 -18761.9 -361.041
-0.434343 -18763.2 -369.546
-0.444444 -18764.4 -378.023
-0.454545 -18765.6 -386.464
-0.464646 -18766.7 -394.872
-0.474747 -18767.8 -403.244
-0.484848 -18768.8 -411.58
-0.494949 -18769.8 -419.879
-0.505051 -18770.8 -428.139
-0.515152 -18771.7 -436.36
-0.525253 -18772.7 -444.539
-0.535354 -18773.6 -452.68
-0.545455 -18774.5 -460.775
-0.555556 -18775.4 -468.83
-0.565657 -18776.3 -476.836
-0.575758 -18777.2 -484.802
-0.585859 -18778.1 -492.715
-0.59596 -18779 -500.588
-0.606061 -18780 -508.403
-0.616162 -18780.9 -516.179
-0.626263 -18781.9 -523.892
-0.636364 -18782.9 -531.566
-0.646465 -18783.9 -539.172
-0.656566 -18785 -546.741
-0.666667 -18786 -554.236
-0.676768 -18787.1 -561.694
-0.686869 -18788.3 -569.075
-0.69697 -18789.5 -576.418
-0.707071 -18790.7 -583.679
-0.717172 -18791.9 -590.904
-0.727273 -18793.2 -598.041
-0.737374 -18794.5 -605.144
-0.747475 -18795.9 -612.153
-0.757576 -18797.2 -619.13
-0.767677 -18798.7 -626.008
-0.777778 -18800.1 -632.855
-0.787879 -18801.6 -639.599
-0.79798 -18803.1 -646.313
-0.808081 -18804.7 -652.92
-0.818182 -18806.2 -659.499
-0.828283 -18807.8 -665.966
-0.838384 -18809.4 -672.408
-0.848485 -18811 -678.734
-0.858586 -18812.6 -685.037
-0.868687 -18814.1 -691.219
-0.878788 -18815.7 -697.382
-0.888889 -18817.2 -703.421
-0.89899 -18818.7 -709.442
-0.909091 -18820.1 -715.337
-0.919192 -18821.5 -721.217
-0.929293 -18822.7 -726.968
-0.939394 -18824 -732.709
-0.949495 -18824.9 -738.324
-0.959596 -18825.9 -743.931
-0.969697 -18826.6 -749.426
-0.979798 -18827.2 -754.918
-0.989899 -18827.5 -760.259
-1 -18827.7 -765.598
