0 -11060.4 -0.00143083
-0.010101 -9733.83 11.9573
-0.020202 -9740.28 23.9368
-0.030303 -9742.05 36.8718
-0.040404 -9743.69 49.8153
-0.0505051 -9742.05 62.9599
-0.0606061 -9740.27 76.1148
-0.0707071 -9736.34 89.4314
-0.0808081 -9732.29 102.757
-0.0909091 -9726.97 116.19
-0.10101 -9721.58 129.63
-0.111111 -9715.58 143.137
-0.121212 -9709.56 156.649
-0.131313 -9703.4 170.201
-0.141414 -9697.27 183.757
-0.151515 -9691.34 197.335
-0.161616 -9685.49 210.915
-0.171717 -9680.04 224.503
-0.181818 -9674.7 238.091
-0.191919 -9669.89 251.676
-0.20202 -9665.21 265.257
-0.212121 -9661.11 278.826
-0.222222 -9657.17 292.388
-0.232323 -9653.79 305.927
-0.242424 -9650.59 319.458
-0.252525 -9647.92 332.958
-0.262626 -9645.42 346.446
-0.272727 -9643.4 359.898
-0.282828 -9641.54 373.335
-0.292929 -9640.11 386.731
-0.30303 -9638.82 400.108
-0.313131 -9637.89 413.441
-0.323232 -9637.09 426.752
-0.333333 -9636.59 440.017
-0.343434 -9636.2 453.258
-0.353535 -9636.04 466.45
-0.363636 -9635.98 479.614
-0.373737 -9636.1 492.728
-0.383838 -9636.3 505.811
-0.393939 -9636.63 518.844
-0.40404 -9637.03 531.842
-0.414141 -9637.52 544.789
-0.424242 -9638.06 557.698
-0.434343 -9638.67 570.555
-0.444444 -9639.31 583.37
-0.454545 -9640 596.133
-0.464646 -9640.7 608.85
-0.474747 -9641.44 621.513
-0.484848 -9642.19 634.126
-0.494949 -9642.95 646.685
-0.505051 -9643.72 659.19
-0.515152 -9644.49 671.639
-0.525253 -9645.27 684.029
-0.535354 -9646.04 696.364
-0.545455 -9646.82 708.634
-0.555556 -9647.59 720.848
-0.565657 -9648.35 732.991
-0.575758 -9649.12 745.077
-0.585859 -9649.87 757.086
-0.59596 -9650.62 769.039
-0.606061 -9651.36 780.908
-0.616162 -9652.1 792.72
-0.626263 -9652.82 804.44
-0.636364 -9653.54 816.104
-0.646465 -9654.26 827.669
-0.656566 -9654.96 839.177
-0.666667 -9655.66 850.577
-0.676768 -9656.35 861.921
-0.686869 -9657.02 873.149
-0.69697 -9657.69 884.321
-0.707071 -9658.34 895.367
-0.717172 -9658.98 906.358
-0.727273 -9659.6 917.214
-0.737374 -9660.21 928.016
-0.747475 -9660.79 938.671
-0.757576 -9661.35 949.276
-0.767677 -9661.88 959.722
-0.777778 -9662.4 970.119
-0.787879 -9662.87 980.348
-0.79798 -9663.32 990.53
-0.808081 -9663.72 1000.53
-0.818182 -9664.1 1010.49
-0.828283 -9664.41 1020.26
-0.838384 -9664.71 1029.98
-0.848485 -9664.93 1039.5
-0.858586 -9665.13 1048.99
-0.868687 -9665.24 1058.26
-0.878788 -9665.35 1067.5
-0.888889 -9665.36 1076.52
-0.89899 -9665.36 1085.5
-0.909091 -9665.28 1094.26
-0.919192 -9665.19 1102.99
-0.929293 -9665.03 1111.49
-0.939394 -9664.87 1119.96
-0.949495 -9664.67 1128.2
-0.959596 -9664.47 1136.43
-0.969697 -9664.28 1144.43
-0.979798 -9664.09 1152.43
-0.989899 -9664.01 1160.23
-1 -9663.92 1168.02
