0 9598.71 0.00119242
-0.010101 8232.1 -12.2844
-0.020202 8240.27 -24.5906
-0.030303 8243.54 -37.8659
-0.040404 8246.65 -51.1496
-0.0505051 8246.26 -64.6385
-0.0606061 8245.71 -78.1381
-0.0707071 8242.79 -91.8072
-0.0808081 8239.74 -105.486
-0.0909091 8235.21 -119.28
-0.10101 8230.59 -133.081
-0.111111 8225.18 -146.956
-0.121212 8219.73 -160.836
-0.131313 8214 -174.762
-0.141414 8208.28 -188.692
-0.151515 8202.63 -202.648
-0.161616 8197.03 -216.606
-0.171717 8191.75 -230.576
-0.181818 8186.56 -244.546
-0.191919 8181.82 -258.516
-0.20202 8177.2 -272.483
-0.212121 8173.1 -286.439
-0.222222 8169.15 -300.389
-0.232323 8165.72 -314.318
-0.242424 8162.46 -328.238
-0.252525 8159.7 -342.13
-0.262626 8157.11 -356.009
-0.272727 8154.98 -369.853
-0.282828 8153.01 -383.681
-0.292929 8151.45 -397.469
-0.30303 8150.04 -411.239
-0.313131 8148.98 -424.964
-0.323232 8148.05 -438.666
-0.333333 8147.42 -452.322
-0.343434 8146.9 -465.953
-0.353535 8146.61 -479.534
-0.363636 8146.43 -493.087
-0.373737 8146.43 -506.589
-0.383838 8146.51 -520.06
-0.393939 8146.73 -533.478
-0.40404 8147.01 -546.861
-0.414141 8147.4 -560.191
-0.424242 8147.83 -573.482
-0.434343 8148.34 -586.72
-0.444444 8148.88 -599.914
-0.454545 8149.48 -613.054
-0.464646 8150.09 -626.147
-0.474747 8150.74 -639.184
-0.484848 8151.4 -652.17
-0.494949 8152.08 -665.1
-0.505051 8152.77 -677.974
-0.515152 8153.47 -690.791
-0.525253 8154.16 -703.546
-0.535354 8154.86 -716.245
-0.545455 8155.56 -728.876
-0.555556 8156.25 -741.449
-0.565657 8156.94 -753.949
-0.575758 8157.63 -766.391
-0.585859 8158.3 -778.754
-0.59596 8158.97 -791.058
-0.606061 8159.64 -803.275
-0.616162 8160.29 -815.433
-0.626263 8160.94 -827.497
-0.636364 8161.58 -839.504
-0.646465 8162.2 -851.407
-0.656566 8162.82 -863.252
-0.666667 8163.43 -874.986
-0.676768 8164.03 -886.663
-0.686869 8164.61 -898.219
-0.69697 8165.18 -909.718
-0.707071 8165.74 -921.088
-0.717172 8166.28 -932.401
-0.727273 8166.8 -943.575
-0.737374 8167.3 -954.694
-0.747475 8167.77 -965.662
-0.757576 8168.23 -976.577
-0.767677 8168.65 -987.331
-0.777778 8169.06 -998.034
-0.787879 8169.41 -1008.56
-0.79798 8169.75 -1019.05
-0.808081 8170.03 -1029.34
-0.818182 8170.3 -1039.6
-0.828283 8170.49 -1049.65
-0.838384 8170.67 -1059.67
-0.848485 8170.77 -1069.47
-0.858586 8170.86 -1079.24
-0.868687 8170.86 -1088.8
-0.878788 8170.85 -1098.31
-0.888889 8170.76 -1107.6
-0.89899 8170.65 -1116.86
-0.909091 8170.47 -1125.89
-0.919192 8170.29 -1134.89
-0.929293 8170.04 -1143.64
-0.939394 8169.8 -1152.38
-0.949495 8169.53 -1160.88
-0.959596 8169.26 -1169.36
-0.969697 8169.03 -1177.62
-0.979798 8168.8 -1185.87
-0.989899 8168.7 -1193.91
-1 8168.61 -1201.96
