0 3648.65 0.000472784
-0.010101 5087.12 12.7065
-0.020202 5066.85 25.4301
-0.030303 5052.44 39.0484
-0.040404 5038.23 52.6744
-0.0505051 5028.76 66.4887
-0.0606061 5019.52 80.3152
-0.0707071 5013.99 94.3328
-0.0808081 5008.71 108.363
-0.0909091 5006.23 122.538
-0.10101 5003.98 136.725
-0.111111 5003.77 151.013
-0.121212 5003.75 165.31
-0.131313 5005.15 179.676
-0.141414 5006.69 194.05
-0.151515 5009.14 208.469
-0.161616 5011.69 222.894
-0.171717 5014.76 237.349
-0.181818 5017.88 251.806
-0.191919 5021.24 266.279
-0.20202 5024.59 280.753
-0.212121 5027.98 295.229
-0.222222 5031.33 309.704
-0.232323 5034.57 324.17
-0.242424 5037.74 338.631
-0.252525 5040.71 353.074
-0.262626 5043.6 367.507
-0.272727 5046.24 381.914
-0.282828 5048.78 396.308
-0.292929 5051.07 410.668
-0.30303 5053.24 425.011
-0.313131 5055.16 439.315
-0.323232 5056.96 453.598
-0.333333 5058.53 467.837
-0.343434 5060 482.051
-0.353535 5061.25 496.217
-0.363636 5062.41 510.355
-0.373737 5063.38 524.442
-0.383838 5064.26 538.496
-0.393939 5065 552.497
-0.40404 5065.66 566.461
-0.414141 5066.19 580.37
-0.424242 5066.67 594.238
-0.434343 5067.05 608.05
-0.444444 5067.37 621.817
-0.454545 5067.63 635.525
-0.464646 5067.84 649.184
-0.474747 5068.01 662.784
-0.484848 5068.15 676.33
-0.494949 5068.25 689.815
-0.505051 5068.33 703.241
-0.515152 5068.4 716.606
-0.525253 5068.45 729.906
-0.535354 5068.49 743.144
-0.545455 5068.53 756.311
-0.555556 5068.57 769.417
-0.565657 5068.61 782.444
-0.575758 5068.66 795.41
-0.585859 5068.72 808.291
-0.59596 5068.78 821.11
-0.606061 5068.86 833.837
-0.616162 5068.96 846.503
-0.626263 5069.07 859.068
-0.636364 5069.2 871.572
-0.646465 5069.35 883.968
-0.656566 5069.52 896.303
-0.666667 5069.72 908.521
-0.676768 5069.94 920.678
-0.686869 5070.19 932.71
-0.69697 5070.46 944.682
-0.707071 5070.77 956.519
-0.717172 5071.1 968.298
-0.727273 5071.48 979.932
-0.737374 5071.87 991.509
-0.747475 5072.32 1002.93
-0.757576 5072.79 1014.3
-0.767677 5073.31 1025.5
-0.777778 5073.86 1036.65
-0.787879 5074.46 1047.62
-0.79798 5075.08 1058.55
-0.808081 5075.77 1069.29
-0.818182 5076.47 1079.98
-0.828283 5077.23 1090.47
-0.838384 5078 1100.93
-0.848485 5078.84 1111.17
-0.858586 5079.68 1121.38
-0.868687 5080.57 1131.37
-0.878788 5081.46 1141.32
-0.888889 5082.38 1151.06
-0.89899 5083.3 1160.76
-0.909091 5084.21 1170.23
-0.919192 5085.13 1179.67
-0.929293 5085.98 1188.88
-0.939394 5086.84 1198.06
-0.949495 5087.58 1207.02
-0.959596 5088.31 1215.95
-0.969697 5088.84 1224.67
-0.979798 5089.36 1233.39
-0.989899 5089.57 1241.88
-1 5089.76 1250.37
