0 -21483.1 -0.00184353
-0.010101 -22034.1 -4.53484
-0.020202 -22009.2 -9.06934
-0.030303 -21987.7 -13.7641
-0.040404 -21966.3 -18.4602
-0.0505051 -21948.2 -23.1887
-0.0606061 -21930.4 -27.9231
-0.0707071 -21915.7 -32.7498
-0.0808081 -21901.2 -37.5846
-0.0909091 -21889.7 -42.5114
-0.10101 -21878.4 -47.4465
-0.111111 -21869.7 -52.4568
-0.121212 -21861.3 -57.475
-0.131313 -21855.1 -62.5511
-0.141414 -21849.1 -67.6345
-0.151515 -21845 -72.7629
-0.161616 -21841.1 -77.8981
-0.171717 -21838.6 -83.0692
-0.181818 -21836.4 -88.2466
-0.191919 -21835.3 -93.453
-0.20202 -21834.4 -98.6651
-0.212121 -21834.3 -103.9
-0.222222 -21834.4 -109.14
-0.232323 -21835.1 -114.397
-0.242424 -21835.9 -119.658
-0.252525 -21837.2 -124.93
-0.262626 -21838.5 -130.204
-0.272727 -21840.1 -135.483
-0.282828 -21841.8 -140.762
-0.292929 -21843.6 -146.042
-0.30303 -21845.4 -151.319
-0.313131 -21847.3 -156.592
-0.323232 -21849.2 -161.86
-0.333333 -21851.1 -167.12
-0.343434 -21853 -172.372
-0.353535 -21854.9 -177.612
-0.363636 -21856.7 -182.844
-0.373737 -21858.5 -188.059
-0.383838 -21860.3 -193.264
-0.393939 -21862 -198.45
-0.40404 -21863.6 -203.623
-0.414141 -21865.2 -208.776
-0.424242 -21866.8 -213.914
-0.434343 -21868.2 -219.031
-0.444444 -21869.7 -224.13
-0.454545 -21871.1 -229.206
-0.464646 -21872.4 -234.263
-0.474747 -21873.7 -239.297
-0.484848 -21875 -244.308
-0.494949 -21876.2 -249.296
-0.505051 -21877.4 -254.26
-0.515152 -21878.6 -259.2
-0.525253 -21879.8 -264.113
-0.535354 -21880.9 -269.002
-0.545455 -21882.1 -273.862
-0.555556 -21883.2 -278.698
-0.565657 -21884.3 -283.502
-0.575758 -21885.5 -288.282
-0.585859 -21886.6 -293.029
-0.59596 -21887.8 -297.751
-0.606061 -21888.9 -302.437
-0.616162 -21890.1 -307.098
-0.626263 -21891.3 -311.721
-0.636364 -21892.5 -316.32
-0.646465 -21893.8 -320.878
-0.656566 -21895 -325.412
-0.666667 -21896.3 -329.902
-0.676768 -21897.7 -334.369
-0.686869 -21899 -338.789
-0.69697 -21900.4 -343.187
-0.707071 -21901.8 -347.535
-0.717172 -21903.3 -351.862
-0.727273 -21904.8 -356.137
-0.737374 -21906.3 -360.391
-0.747475 -21907.8 -364.591
-0.757576 -21909.4 -368.772
-0.767677 -21911 -372.896
-0.777778 -21912.6 -377.002
-0.787879 -21914.3 -381.049
-0.79798 -21915.9 -385.079
-0.808081 -21917.6 -389.049
-0.818182 -21919.3 -393.004
-0.828283 -21921 -396.897
-0.838384 -21922.7 -400.776
-0.848485 -21924.4 -404.592
-0.858586 -21926.1 -408.395
-0.868687 -21927.8 -412.134
-0.878788 -21929.4 -415.863
-0.888889 -21930.9 -419.526
-0.89899 -21932.5 -423.18
-0.909091 -21933.9 -426.768
-0.919192 -21935.3 -430.349
-0.929293 -21936.5 -433.864
-0.939394 -21937.7 -437.374
-0.949495 -21938.6 -440.82
-0.959596 -21939.6 -444.262
-0.969697 -21940.2 -447.652
-0.979798 -21940.8 -451.04
-0.989899 -21941 -454.329
-1 -21941.2 -457.616
