0 15105.2 0.00178481
-0.010101 13935.4 -10.6284
-0.020202 13936.6 -21.2784
-0.030303 13933.9 -32.8202
-0.040404 13931.1 -44.37
-0.0505051 13925.8 -56.1088
-0.0606061 13920.4 -67.8565
-0.0707071 13913.6 -79.7424
-0.0808081 13906.7 -91.6359
-0.0909091 13899.2 -103.615
-0.10101 13891.7 -115.599
-0.111111 13884.1 -127.633
-0.121212 13876.6 -139.671
-0.131313 13869.3 -151.737
-0.141414 13862.2 -163.804
-0.151515 13855.6 -175.885
-0.161616 13849.1 -187.966
-0.171717 13843.4 -200.048
-0.181818 13837.7 -212.129
-0.191919 13832.9 -224.201
-0.20202 13828.2 -236.269
-0.212121 13824.2 -248.32
-0.222222 13820.4 -260.364
-0.232323 13817.3 -272.383
-0.242424 13814.4 -284.393
-0.252525 13812 -296.372
-0.262626 13809.9 -308.338
-0.272727 13808.3 -320.269
-0.282828 13806.8 -332.184
-0.292929 13805.8 -344.061
-0.30303 13804.9 -355.92
-0.313131 13804.4 -367.737
-0.323232 13804 -379.534
-0.333333 13804 -391.289
-0.343434 13804 -403.021
-0.353535 13804.2 -414.708
-0.363636 13804.5 -426.371
-0.373737 13805 -437.988
-0.383838 13805.6 -449.578
-0.393939 13806.2 -461.123
-0.40404 13807 -472.637
-0.414141 13807.8 -484.106
-0.424242 13808.6 -495.541
-0.434343 13809.5 -506.93
-0.444444 13810.4 -518.282
-0.454545 13811.3 -529.588
-0.464646 13812.3 -540.853
-0.474747 13813.3 -552.072
-0.484848 13814.3 -563.246
-0.494949 13815.3 -574.374
-0.505051 13816.3 -585.453
-0.515152 13817.2 -596.484
-0.525253 13818.2 -607.463
-0.535354 13819.2 -618.393
-0.545455 13820.2 -629.266
-0.555556 13821.2 -640.091
-0.565657 13822.2 -650.853
-0.575758 13823.1 -661.565
-0.585859 13824.1 -672.21
-0.59596 13825.1 -682.805
-0.606061 13826 -693.326
-0.616162 13827 -703.797
-0.626263 13827.9 -714.188
-0.636364 13828.9 -724.528
-0.646465 13829.8 -734.781
-0.656566 13830.7 -744.985
-0.666667 13831.7 -755.093
-0.676768 13832.6 -765.152
-0.686869 13833.6 -775.107
-0.69697 13834.5 -785.013
-0.707071 13835.4 -794.808
-0.717172 13836.3 -804.554
-0.727273 13837.2 -814.179
-0.737374 13838.1 -823.758
-0.747475 13839 -833.205
-0.757576 13839.9 -842.607
-0.767677 13840.7 -851.868
-0.777778 13841.5 -861.085
-0.787879 13842.3 -870.151
-0.79798 13843.1 -879.175
-0.808081 13843.8 -888.038
-0.818182 13844.6 -896.86
-0.828283 13845.2 -905.511
-0.838384 13845.8 -914.125
-0.848485 13846.4 -922.556
-0.858586 13846.9 -930.954
-0.868687 13847.4 -939.159
-0.878788 13847.8 -947.334
-0.888889 13848.2 -955.308
-0.89899 13848.5 -963.254
-0.909091 13848.7 -970.991
-0.919192 13848.9 -978.706
-0.929293 13849 -986.205
-0.939394 13849.1 -993.687
-0.949495 13849.1 -1000.95
-0.959596 13849.1 -1008.21
-0.969697 13849 -1015.26
-0.979798 13848.9 -1022.3
-0.989899 13848.9 -1029.17
-1 13848.9 -1036.04
