0 7846.72 0.000825444
-0.010101 9207.88 11.9509
-0.020202 9184.96 23.9166
-0.030303 9167.83 36.6888
-0.040404 9150.89 49.4681
-0.0505051 9138.76 62.4168
-0.0606061 9126.89 75.3774
-0.0707071 9118.91 88.523
-0.0808081 9111.19 101.681
-0.0909091 9106.53 114.985
-0.10101 9102.13 128.3
-0.111111 9100.04 141.719
-0.121212 9098.19 155.148
-0.131313 9098.02 168.648
-0.141414 9098.05 182.157
-0.151515 9099.26 195.715
-0.161616 9100.6 209.28
-0.171717 9102.71 222.877
-0.181818 9104.92 236.479
-0.191919 9107.57 250.101
-0.20202 9110.27 263.724
-0.212121 9113.17 277.355
-0.222222 9116.08 290.985
-0.232323 9119.02 304.612
-0.242424 9121.94 318.234
-0.252525 9124.78 331.844
-0.262626 9127.56 345.446
-0.272727 9130.19 359.027
-0.282828 9132.75 372.596
-0.292929 9135.11 386.136
-0.30303 9137.38 399.661
-0.313131 9139.45 413.151
-0.323232 9141.43 426.622
-0.333333 9143.2 440.053
-0.343434 9144.88 453.462
-0.353535 9146.37 466.826
-0.363636 9147.77 480.164
-0.373737 9149 493.454
-0.383838 9150.15 506.714
-0.393939 9151.15 519.923
-0.40404 9152.08 533.099
-0.414141 9152.89 546.222
-0.424242 9153.63 559.307
-0.434343 9154.29 572.339
-0.444444 9154.88 585.328
-0.454545 9155.4 598.262
-0.464646 9155.88 611.148
-0.474747 9156.31 623.979
-0.484848 9156.71 636.758
-0.494949 9157.07 649.48
-0.505051 9157.4 662.145
-0.515152 9157.72 674.753
-0.525253 9158.02 687.298
-0.535354 9158.31 699.785
-0.545455 9158.59 712.204
-0.555556 9158.87 724.565
-0.565657 9159.16 736.852
-0.575758 9159.45 749.081
-0.585859 9159.75 761.228
-0.59596 9160.05 773.318
-0.606061 9160.38 785.319
-0.616162 9160.72 797.263
-0.626263 9161.08 809.111
-0.636364 9161.45 820.901
-0.646465 9161.86 832.589
-0.656566 9162.28 844.22
-0.666667 9162.74 855.739
-0.676768 9163.21 867.202
-0.686869 9163.73 878.546
-0.69697 9164.26 889.834
-0.707071 9164.84 900.994
-0.717172 9165.44 912.099
-0.727273 9166.1 923.068
-0.737374 9166.77 933.984
-0.747475 9167.49 944.754
-0.757576 9168.24 955.472
-0.767677 9169.04 966.036
-0.777778 9169.87 976.55
-0.787879 9170.75 986.9
-0.79798 9171.65 997.203
-0.808081 9172.61 1007.33
-0.818182 9173.59 1017.42
-0.828283 9174.62 1027.32
-0.838384 9175.66 1037.19
-0.848485 9176.75 1046.86
-0.858586 9177.84 1056.49
-0.868687 9178.97 1065.93
-0.878788 9180.1 1075.33
-0.888889 9181.23 1084.52
-0.89899 9182.36 1093.69
-0.909091 9183.45 1102.64
-0.919192 9184.54 1111.57
-0.929293 9185.55 1120.28
-0.939394 9186.55 1128.97
-0.949495 9187.39 1137.44
-0.959596 9188.23 1145.9
-0.969697 9188.82 1154.17
-0.979798 9189.41 1162.42
-0.989899 9189.63 1170.47
-1 9189.85 1178.51
