0 -4969.85 -0.000680377
-0.010101 -3522.55 12.928
-0.020202 -3535.6 25.8771
-0.030303 -3543.2 39.8045
-0.040404 -3550.63 53.7406
-0.0505051 -3553.95 67.8825
-0.0606061 -3557.08 82.0362
-0.0707071 -3557.23 96.3734
-0.0808081 -3557.2 110.722
-0.0909091 -3555.14 125.2
-0.10101 -3552.93 139.688
-0.111111 -3549.43 154.262
-0.121212 -3545.83 168.843
-0.131313 -3541.51 183.48
-0.141414 -3537.14 198.121
-0.151515 -3532.48 212.798
-0.161616 -3527.81 227.477
-0.171717 -3523.16 242.175
-0.181818 -3518.54 256.874
-0.191919 -3514.14 271.579
-0.20202 -3509.81 286.281
-0.212121 -3505.82 300.977
-0.222222 -3501.94 315.668
-0.232323 -3498.45 330.343
-0.242424 -3495.09 345.008
-0.252525 -3492.14 359.648
-0.262626 -3489.33 374.276
-0.272727 -3486.92 388.871
-0.282828 -3484.66 403.45
-0.292929 -3482.76 417.99
-0.30303 -3481.01 432.511
-0.313131 -3479.58 446.987
-0.323232 -3478.28 461.441
-0.333333 -3477.27 475.847
-0.343434 -3476.37 490.227
-0.353535 -3475.71 504.556
-0.363636 -3475.15 518.855
-0.373737 -3474.77 533.102
-0.383838 -3474.49 547.315
-0.393939 -3474.36 561.473
-0.40404 -3474.3 575.595
-0.414141 -3474.35 589.661
-0.424242 -3474.46 603.685
-0.434343 -3474.65 617.652
-0.444444 -3474.88 631.574
-0.454545 -3475.18 645.438
-0.464646 -3475.5 659.252
-0.474747 -3475.86 673.008
-0.484848 -3476.25 686.708
-0.494949 -3476.66 700.349
-0.505051 -3477.08 713.93
-0.515152 -3477.52 727.451
-0.525253 -3477.96 740.906
-0.535354 -3478.4 754.301
-0.545455 -3478.85 767.624
-0.555556 -3479.29 780.886
-0.565657 -3479.73 794.069
-0.575758 -3480.16 807.192
-0.585859 -3480.59 820.229
-0.59596 -3481 833.204
-0.606061 -3481.41 846.088
-0.616162 -3481.81 858.909
-0.626263 -3482.19 871.63
-0.636364 -3482.57 884.29
-0.646465 -3482.92 896.84
-0.656566 -3483.27 909.329
-0.666667 -3483.59 921.701
-0.676768 -3483.91 934.012
-0.686869 -3484.19 946.195
-0.69697 -3484.47 958.319
-0.707071 -3484.72 970.306
-0.717172 -3484.95 982.234
-0.727273 -3485.15 994.014
-0.737374 -3485.33 1005.74
-0.747475 -3485.48 1017.3
-0.757576 -3485.6 1028.81
-0.767677 -3485.68 1040.15
-0.777778 -3485.75 1051.44
-0.787879 -3485.75 1062.54
-0.79798 -3485.74 1073.6
-0.808081 -3485.67 1084.46
-0.818182 -3485.58 1095.27
-0.828283 -3485.42 1105.88
-0.838384 -3485.24 1116.45
-0.848485 -3484.99 1126.8
-0.858586 -3484.73 1137.12
-0.868687 -3484.4 1147.2
-0.878788 -3484.05 1157.25
-0.888889 -3483.65 1167.07
-0.89899 -3483.23 1176.85
-0.909091 -3482.76 1186.39
-0.919192 -3482.3 1195.91
-0.929293 -3481.81 1205.17
-0.939394 -3481.33 1214.42
-0.949495 -3480.87 1223.41
-0.959596 -3480.42 1232.39
-0.969697 -3480.07 1241.14
-0.979798 -3479.72 1249.89
-0.989899 -3479.57 1258.41
-1 -3479.43 1266.93
