0 -17085.2 -0.00201555
-0.010101 -16024.6 9.69584
-0.020202 -16022.7 19.4126
-0.030303 -16017.6 29.9683
-0.040404 -16012.3 40.5314
-0.0505051 -16005.1 51.2718
-0.0606061 -15997.8 62.02
-0.0707071 -15989.5 72.8896
-0.0808081 -15981.2 83.7653
-0.0909091 -15972.6 94.7116
-0.10101 -15964 105.662
-0.111111 -15955.7 116.651
-0.121212 -15947.4 127.642
-0.131313 -15939.7 138.653
-0.141414 -15932.1 149.665
-0.151515 -15925.3 160.683
-0.161616 -15918.6 171.7
-0.171717 -15912.7 182.715
-0.181818 -15907.1 193.726
-0.191919 -15902.2 204.726
-0.20202 -15897.6 215.721
-0.212121 -15893.8 226.697
-0.222222 -15890.1 237.665
-0.232323 -15887.2 248.607
-0.242424 -15884.5 259.539
-0.252525 -15882.4 270.439
-0.262626 -15880.5 281.328
-0.272727 -15879.1 292.181
-0.282828 -15877.9 303.02
-0.292929 -15877.1 313.821
-0.30303 -15876.5 324.605
-0.313131 -15876.3 335.35
-0.323232 -15876.1 346.076
-0.333333 -15876.3 356.761
-0.343434 -15876.5 367.426
-0.353535 -15876.9 378.049
-0.363636 -15877.5 388.649
-0.373737 -15878.1 399.208
-0.383838 -15878.9 409.742
-0.393939 -15879.7 420.234
-0.40404 -15880.6 430.698
-0.414141 -15881.6 441.121
-0.424242 -15882.6 451.513
-0.434343 -15883.6 461.864
-0.444444 -15884.7 472.181
-0.454545 -15885.7 482.456
-0.464646 -15886.8 492.695
-0.474747 -15887.9 502.891
-0.484848 -15889 513.048
-0.494949 -15890.1 523.162
-0.505051 -15891.2 533.233
-0.515152 -15892.3 543.26
-0.525253 -15893.4 553.24
-0.535354 -15894.5 563.176
-0.545455 -15895.5 573.061
-0.555556 -15896.6 582.902
-0.565657 -15897.7 592.686
-0.575758 -15898.8 602.426
-0.585859 -15899.8 612.104
-0.59596 -15900.9 621.738
-0.606061 -15901.9 631.304
-0.616162 -15903 640.826
-0.626263 -15904.1 650.274
-0.636364 -15905.1 659.677
-0.646465 -15906.2 669.001
-0.656566 -15907.2 678.28
-0.666667 -15908.3 687.473
-0.676768 -15909.3 696.62
-0.686869 -15910.4 705.674
-0.69697 -15911.5 714.683
-0.707071 -15912.5 723.59
-0.717172 -15913.6 732.454
-0.727273 -15914.6 741.207
-0.737374 -15915.6 749.917
-0.747475 -15916.7 758.508
-0.757576 -15917.7 767.058
-0.767677 -15918.7 775.478
-0.777778 -15919.7 783.858
-0.787879 -15920.7 792.1
-0.79798 -15921.6 800.303
-0.808081 -15922.5 808.358
-0.818182 -15923.4 816.377
-0.828283 -15924.2 824.237
-0.838384 -15925 832.063
-0.848485 -15925.8 839.722
-0.858586 -15926.5 847.349
-0.868687 -15927.1 854.798
-0.878788 -15927.7 862.22
-0.888889 -15928.2 869.455
-0.89899 -15928.7 876.665
-0.909091 -15929.1 883.682
-0.919192 -15929.4 890.677
-0.929293 -15929.7 897.474
-0.939394 -15929.9 904.253
-0.949495 -15930 910.833
-0.959596 -15930.1 917.401
-0.969697 -15930.2 923.779
-0.979798 -15930.2 930.15
-0.989899 -15930.2 936.371
-1 -15930.2 942.589
