0 -22294.6 -0.00167553
-0.010101 -22718.7 -3.39437
-0.020202 -22694.7 -6.78692
-0.030303 -22673.5 -10.2506
-0.040404 -22652.4 -13.7149
-0.0505051 -22634.4 -17.1927
-0.0606061 -22616.5 -20.6755
-0.0707071 -22601.6 -24.2348
-0.0808081 -22586.9 -27.8012
-0.0909091 -22575 -31.4489
-0.10101 -22563.4 -35.1042
-0.111111 -22554.2 -38.8277
-0.121212 -22545.3 -42.5585
-0.131313 -22538.6 -46.343
-0.141414 -22532.1 -50.1344
-0.151515 -22527.5 -53.9682
-0.161616 -22523.1 -57.8086
-0.171717 -22520.1 -61.6837
-0.181818 -22517.4 -65.5651
-0.191919 -22515.9 -69.4754
-0.20202 -22514.6 -73.3917
-0.212121 -22514.1 -77.3319
-0.222222 -22513.9 -81.2775
-0.232323 -22514.2 -85.242
-0.242424 -22514.8 -89.2109
-0.252525 -22515.8 -93.1938
-0.262626 -22516.9 -97.1797
-0.272727 -22518.2 -101.174
-0.282828 -22519.7 -105.17
-0.292929 -22521.4 -109.17
-0.30303 -22523.1 -113.17
-0.313131 -22524.9 -117.169
-0.323232 -22526.7 -121.165
-0.333333 -22528.5 -125.157
-0.343434 -22530.4 -129.145
-0.353535 -22532.2 -133.124
-0.363636 -22534.1 -137.097
-0.373737 -22535.8 -141.06
-0.383838 -22537.6 -145.014
-0.393939 -22539.3 -148.955
-0.40404 -22541 -152.886
-0.414141 -22542.6 -156.802
-0.424242 -22544.2 -160.706
-0.434343 -22545.7 -164.594
-0.444444 -22547.2 -168.468
-0.454545 -22548.6 -172.325
-0.464646 -22550 -176.167
-0.474747 -22551.3 -179.99
-0.484848 -22552.7 -183.796
-0.494949 -22554 -187.584
-0.505051 -22555.2 -191.353
-0.515152 -22556.5 -195.103
-0.525253 -22557.7 -198.833
-0.535354 -22558.9 -202.543
-0.545455 -22560.1 -206.231
-0.555556 -22561.3 -209.9
-0.565657 -22562.5 -213.544
-0.575758 -22563.7 -217.169
-0.585859 -22564.9 -220.768
-0.59596 -22566.1 -224.349
-0.606061 -22567.4 -227.901
-0.616162 -22568.6 -231.434
-0.626263 -22569.8 -234.937
-0.636364 -22571.1 -238.422
-0.646465 -22572.4 -241.875
-0.656566 -22573.7 -245.309
-0.666667 -22575.1 -248.71
-0.676768 -22576.5 -252.094
-0.686869 -22577.9 -255.441
-0.69697 -22579.3 -258.772
-0.707071 -22580.8 -262.065
-0.717172 -22582.2 -265.342
-0.727273 -22583.8 -268.58
-0.737374 -22585.3 -271.802
-0.747475 -22586.9 -274.984
-0.757576 -22588.5 -278.152
-0.767677 -22590.2 -281.278
-0.777778 -22591.8 -284.39
-0.787879 -22593.5 -287.46
-0.79798 -22595.2 -290.518
-0.808081 -22596.9 -293.532
-0.818182 -22598.6 -296.535
-0.828283 -22600.3 -299.495
-0.838384 -22602.1 -302.444
-0.848485 -22603.8 -305.349
-0.858586 -22605.4 -308.246
-0.868687 -22607.1 -311.098
-0.878788 -22608.7 -313.943
-0.888889 -22610.2 -316.744
-0.89899 -22611.8 -319.538
-0.909091 -22613.1 -322.289
-0.919192 -22614.5 -325.034
-0.929293 -22615.7 -327.736
-0.939394 -22616.9 -330.434
-0.949495 -22617.8 -333.091
-0.959596 -22618.7 -335.745
-0.969697 -22619.3 -338.368
-0.979798 -22619.9 -340.989
-0.989899 -22620.1 -343.531
-1 -22620.3 -346.071
