0 -23101 -0.00227394
-0.010101 -22727.5 3.70328
-0.020202 -22712.3 7.42004
-0.030303 -22696.9 11.5838
-0.040404 -22681.4 15.7514
-0.0505051 -22666.5 20.0109
-0.0606061 -22651.8 24.2718
-0.0707071 -22638.1 28.5554
-0.0808081 -22624.6 32.8382
-0.0909091 -22612.5 37.1115
-0.10101 -22600.7 41.3826
-0.111111 -22590.4 45.6335
-0.121212 -22580.3 49.8813
-0.131313 -22571.8 54.1067
-0.141414 -22563.5 58.3284
-0.151515 -22556.7 62.5276
-0.161616 -22550.2 66.7223
-0.171717 -22545.1 70.8937
-0.181818 -22540.1 75.0597
-0.191919 -22536.4 79.201
-0.20202 -22532.9 83.3359
-0.212121 -22530.3 87.4448
-0.222222 -22528 91.5463
-0.232323 -22526.5 95.6212
-0.242424 -22525.2 99.6878
-0.252525 -22524.6 103.728
-0.262626 -22524.1 107.759
-0.272727 -22524.1 111.765
-0.282828 -22524.3 115.761
-0.292929 -22524.8 119.733
-0.30303 -22525.4 123.696
-0.313131 -22526.3 127.636
-0.323232 -22527.3 131.567
-0.333333 -22528.5 135.477
-0.343434 -22529.7 139.378
-0.353535 -22531 143.26
-0.363636 -22532.4 147.131
-0.373737 -22533.9 150.986
-0.383838 -22535.4 154.83
-0.393939 -22536.9 158.659
-0.40404 -22538.4 162.477
-0.414141 -22539.9 166.28
-0.424242 -22541.4 170.072
-0.434343 -22542.9 173.849
-0.444444 -22544.4 177.616
-0.454545 -22545.9 181.368
-0.464646 -22547.4 185.108
-0.474747 -22548.8 188.835
-0.484848 -22550.3 192.548
-0.494949 -22551.7 196.248
-0.505051 -22553.1 199.934
-0.515152 -22554.5 203.606
-0.525253 -22555.9 207.263
-0.535354 -22557.2 210.906
-0.545455 -22558.6 214.532
-0.555556 -22560 218.144
-0.565657 -22561.3 221.738
-0.575758 -22562.6 225.318
-0.585859 -22564 228.877
-0.59596 -22565.4 232.422
-0.606061 -22566.7 235.945
-0.616162 -22568.1 239.453
-0.626263 -22569.5 242.936
-0.636364 -22570.8 246.404
-0.646465 -22572.2 249.845
-0.656566 -22573.7 253.271
-0.666667 -22575.1 256.667
-0.676768 -22576.5 260.047
-0.686869 -22578 263.394
-0.69697 -22579.5 266.726
-0.707071 -22581 270.02
-0.717172 -22582.5 273.299
-0.727273 -22584 276.537
-0.737374 -22585.6 279.759
-0.747475 -22587.1 282.936
-0.757576 -22588.7 286.097
-0.767677 -22590.2 289.208
-0.777778 -22591.8 292.303
-0.787879 -22593.4 295.344
-0.79798 -22594.9 298.369
-0.808081 -22596.5 301.334
-0.818182 -22598 304.284
-0.828283 -22599.5 307.168
-0.838384 -22601 310.037
-0.848485 -22602.5 312.835
-0.858586 -22603.9 315.62
-0.868687 -22605.2 318.328
-0.878788 -22606.5 321.023
-0.888889 -22607.7 323.636
-0.89899 -22608.9 326.238
-0.909091 -22610 328.753
-0.919192 -22611 331.259
-0.929293 -22611.8 333.674
-0.939394 -22612.7 336.081
-0.949495 -22613.3 338.396
-0.959596 -22613.9 340.705
-0.969697 -22614.2 342.923
-0.979798 -22614.6 345.136
-0.989899 -22614.7 347.307
-1 -22614.8 349.476
