0 22379.5 0.00230568
-0.010101 21846.2 -5.10086
-0.020202 21833.5 -10.2173
-0.030303 21819.9 -15.8813
-0.040404 21806.3 -21.5502
-0.0505051 21792.8 -27.3361
-0.0606061 21779.3 -33.1252
-0.0707071 21766.5 -38.9628
-0.0808081 21753.8 -44.8013
-0.0909091 21742.2 -50.6509
-0.10101 21730.7 -56.4999
-0.111111 21720.6 -62.3436
-0.121212 21710.7 -68.1858
-0.131313 21702.2 -74.0162
-0.141414 21693.9 -79.8443
-0.151515 21686.9 -85.6573
-0.161616 21680.2 -91.4668
-0.171717 21674.8 -97.2582
-0.181818 21669.6 -103.045
-0.191919 21665.5 -108.81
-0.20202 21661.7 -114.569
-0.212121 21658.8 -120.303
-0.222222 21656.2 -126.03
-0.232323 21654.3 -131.73
-0.242424 21652.7 -137.422
-0.252525 21651.7 -143.085
-0.262626 21650.9 -148.738
-0.272727 21650.7 -154.364
-0.282828 21650.5 -159.978
-0.292929 21650.8 -165.565
-0.30303 21651.2 -171.14
-0.313131 21651.8 -176.689
-0.323232 21652.6 -182.225
-0.333333 21653.6 -187.736
-0.343434 21654.6 -193.234
-0.353535 21655.8 -198.708
-0.363636 21657 -204.169
-0.373737 21658.3 -209.607
-0.383838 21659.7 -215.031
-0.393939 21661.1 -220.432
-0.40404 21662.5 -225.819
-0.414141 21663.9 -231.184
-0.424242 21665.3 -236.534
-0.434343 21666.8 -241.863
-0.444444 21668.2 -247.175
-0.454545 21669.6 -252.466
-0.464646 21671 -257.739
-0.474747 21672.4 -262.992
-0.484848 21673.8 -268.225
-0.494949 21675.2 -273.437
-0.505051 21676.6 -278.628
-0.515152 21677.9 -283.798
-0.525253 21679.2 -288.945
-0.535354 21680.6 -294.071
-0.545455 21681.9 -299.172
-0.555556 21683.2 -304.251
-0.565657 21684.5 -309.303
-0.575758 21685.8 -314.333
-0.585859 21687.1 -319.333
-0.59596 21688.4 -324.311
-0.606061 21689.7 -329.256
-0.616162 21691.1 -334.178
-0.626263 21692.4 -339.064
-0.636364 21693.7 -343.928
-0.646465 21695.1 -348.752
-0.656566 21696.4 -353.553
-0.666667 21697.8 -358.31
-0.676768 21699.2 -363.045
-0.686869 21700.6 -367.731
-0.69697 21702 -372.395
-0.707071 21703.4 -377.006
-0.717172 21704.8 -381.594
-0.727273 21706.3 -386.125
-0.737374 21707.7 -390.633
-0.747475 21709.2 -395.077
-0.757576 21710.7 -399.5
-0.767677 21712.1 -403.853
-0.777778 21713.6 -408.184
-0.787879 21715.1 -412.441
-0.79798 21716.5 -416.676
-0.808081 21718 -420.829
-0.818182 21719.4 -424.962
-0.828283 21720.8 -429.007
-0.838384 21722.2 -433.032
-0.848485 21723.5 -436.962
-0.858586 21724.8 -440.875
-0.868687 21726 -444.686
-0.878788 21727.2 -448.481
-0.888889 21728.2 -452.168
-0.89899 21729.3 -455.841
-0.909091 21730.2 -459.401
-0.919192 21731.1 -462.948
-0.929293 21731.8 -466.379
-0.939394 21732.5 -469.799
-0.949495 21733.1 -473.101
-0.959596 21733.6 -476.396
-0.969697 21733.9 -479.575
-0.979798 21734.2 -482.749
-0.989899 21734.2 -485.857
-1 21734.3 -488.964
