0 -1754.17 -0.000232466
-0.010101 -287.091 13.0486
-0.020202 -303.117 26.1171
-0.030303 -313.442 40.1479
-0.040404 -323.583 54.1871
-0.0505051 -329.308 68.4292
-0.0606061 -334.822 82.6834
-0.0707071 -337.034 97.1273
-0.0808081 -339.04 111.583
-0.0909091 -338.681 126.177
-0.10101 -338.145 140.782
-0.111111 -336.007 155.48
-0.121212 -333.734 170.186
-0.131313 -330.464 184.954
-0.141414 -327.107 199.728
-0.151515 -323.215 214.542
-0.161616 -319.285 229.36
-0.171717 -315.161 244.202
-0.181818 -311.045 259.045
-0.191919 -306.973 273.898
-0.20202 -302.951 288.75
-0.212121 -299.128 303.599
-0.222222 -295.388 318.444
-0.232323 -291.94 333.275
-0.242424 -288.599 348.099
-0.252525 -285.594 362.9
-0.262626 -282.712 377.69
-0.272727 -280.176 392.449
-0.282828 -277.77 407.193
-0.292929 -275.698 421.899
-0.30303 -273.756 436.587
-0.313131 -272.118 451.231
-0.323232 -270.607 465.854
-0.333333 -269.363 480.429
-0.343434 -268.236 494.978
-0.353535 -267.336 509.477
-0.363636 -266.542 523.946
-0.373737 -265.935 538.362
-0.383838 -265.419 552.744
-0.393939 -265.052 567.072
-0.40404 -264.763 581.362
-0.414141 -264.59 595.596
-0.424242 -264.48 609.788
-0.434343 -264.456 623.922
-0.444444 -264.482 638.01
-0.454545 -264.57 652.039
-0.464646 -264.695 666.017
-0.474747 -264.863 679.936
-0.484848 -265.056 693.799
-0.494949 -265.276 707.602
-0.505051 -265.512 721.343
-0.515152 -265.764 735.024
-0.525253 -266.023 748.637
-0.535354 -266.289 762.189
-0.545455 -266.556 775.668
-0.555556 -266.823 789.085
-0.565657 -267.085 802.422
-0.575758 -267.342 815.697
-0.585859 -267.59 828.886
-0.59596 -267.831 842.012
-0.606061 -268.058 855.044
-0.616162 -268.275 868.013
-0.626263 -268.475 880.88
-0.636364 -268.663 893.685
-0.646465 -268.83 906.38
-0.656566 -268.985 919.012
-0.666667 -269.115 931.525
-0.676768 -269.231 943.977
-0.686869 -269.318 956.3
-0.69697 -269.39 968.562
-0.707071 -269.427 980.685
-0.717172 -269.45 992.749
-0.727273 -269.431 1004.66
-0.737374 -269.397 1016.52
-0.747475 -269.316 1028.22
-0.757576 -269.219 1039.86
-0.767677 -269.068 1051.33
-0.777778 -268.901 1062.75
-0.787879 -268.674 1073.98
-0.79798 -268.43 1085.17
-0.808081 -268.122 1096.16
-0.818182 -267.797 1107.1
-0.828283 -267.404 1117.84
-0.838384 -266.997 1128.53
-0.848485 -266.521 1139.01
-0.858586 -266.033 1149.45
-0.868687 -265.482 1159.67
-0.878788 -264.922 1169.84
-0.888889 -264.312 1179.79
-0.89899 -263.695 1189.7
-0.909091 -263.052 1199.37
-0.919192 -262.407 1209.01
-0.929293 -261.772 1218.4
-0.939394 -261.138 1227.77
-0.949495 -260.568 1236.9
-0.959596 -260.002 1246.01
-0.969697 -259.575 1254.89
-0.979798 -259.153 1263.77
-0.989899 -258.984 1272.42
-1 -258.819 1281.06
