0 -16521.4 -0.00168523
-0.010101 -17523.7 -8.62277
-0.020202 -17497.7 -17.2523
-0.030303 -17476.5 -26.3782
-0.040404 -17455.5 -35.5083
-0.0505051 -17438.8 -44.742
-0.0606061 -17422.4 -53.9851
-0.0707071 -17409.8 -63.3747
-0.0808081 -17397.5 -72.7753
-0.0909091 -17388.4 -82.3026
-0.10101 -17379.6 -91.8404
-0.111111 -17373.4 -101.474
-0.121212 -17367.6 -111.117
-0.131313 -17363.8 -120.831
-0.141414 -17360.4 -130.552
-0.151515 -17358.5 -140.325
-0.161616 -17356.9 -150.105
-0.171717 -17356.5 -159.922
-0.181818 -17356.3 -169.745
-0.191919 -17357 -179.595
-0.20202 -17357.8 -189.449
-0.212121 -17359.2 -199.321
-0.222222 -17360.7 -209.195
-0.232323 -17362.6 -219.078
-0.242424 -17364.5 -228.96
-0.252525 -17366.7 -238.843
-0.262626 -17368.8 -248.723
-0.272727 -17371.1 -258.596
-0.282828 -17373.3 -268.463
-0.292929 -17375.6 -278.316
-0.30303 -17377.8 -288.16
-0.313131 -17379.9 -297.983
-0.323232 -17382 -307.795
-0.333333 -17384 -317.581
-0.343434 -17386 -327.353
-0.353535 -17387.8 -337.094
-0.363636 -17389.6 -346.818
-0.373737 -17391.3 -356.508
-0.383838 -17392.9 -366.177
-0.393939 -17394.4 -375.811
-0.40404 -17395.8 -385.419
-0.414141 -17397.1 -394.99
-0.424242 -17398.4 -404.533
-0.434343 -17399.6 -414.036
-0.444444 -17400.8 -423.508
-0.454545 -17401.8 -432.939
-0.464646 -17402.9 -442.336
-0.474747 -17403.8 -451.69
-0.484848 -17404.8 -461.006
-0.494949 -17405.7 -470.28
-0.505051 -17406.6 -479.511
-0.515152 -17407.4 -488.699
-0.525253 -17408.2 -497.841
-0.535354 -17409.1 -506.94
-0.545455 -17409.9 -515.988
-0.555556 -17410.7 -524.992
-0.565657 -17411.5 -533.941
-0.575758 -17412.3 -542.847
-0.585859 -17413.1 -551.692
-0.59596 -17413.9 -560.494
-0.606061 -17414.8 -569.232
-0.616162 -17415.7 -577.926
-0.626263 -17416.5 -586.549
-0.636364 -17417.4 -595.13
-0.646465 -17418.4 -603.636
-0.656566 -17419.3 -612.099
-0.666667 -17420.3 -620.48
-0.676768 -17421.3 -628.82
-0.686869 -17422.4 -637.073
-0.69697 -17423.5 -645.286
-0.707071 -17424.6 -653.405
-0.717172 -17425.7 -661.485
-0.727273 -17426.9 -669.466
-0.737374 -17428.1 -677.408
-0.747475 -17429.4 -685.246
-0.757576 -17430.7 -693.047
-0.767677 -17432.1 -700.737
-0.777778 -17433.4 -708.392
-0.787879 -17434.8 -715.93
-0.79798 -17436.3 -723.436
-0.808081 -17437.7 -730.819
-0.818182 -17439.2 -738.172
-0.828283 -17440.7 -745.397
-0.838384 -17442.3 -752.594
-0.848485 -17443.8 -759.658
-0.858586 -17445.3 -766.697
-0.868687 -17446.8 -773.599
-0.878788 -17448.4 -780.478
-0.888889 -17449.8 -787.214
-0.89899 -17451.3 -793.932
-0.909091 -17452.7 -800.504
-0.919192 -17454 -807.06
-0.929293 -17455.3 -813.468
-0.939394 -17456.5 -819.863
-0.949495 -17457.4 -826.114
-0.959596 -17458.4 -832.355
-0.969697 -17459.1 -838.468
-0.979798 -17459.7 -844.575
-0.989899 -17460 -850.518
-1 -17460.2 -856.457
