0 6546.21 0.000819174
-0.010101 5119.1 -12.772
-0.020202 5130.58 -25.5654
-0.030303 5136.76 -39.3389
-0.040404 5142.78 -53.121
-0.0505051 5144.87 -67.1102
-0.0606061 5146.78 -81.1108
-0.0707071 5145.9 -95.2915
-0.0808081 5144.86 -109.483
-0.0909091 5141.96 -123.801
-0.10101 5138.94 -138.127
-0.111111 5134.78 -152.536
-0.121212 5130.54 -166.952
-0.131313 5125.73 -181.42
-0.141414 5120.89 -195.893
-0.151515 5115.87 -210.399
-0.161616 5110.88 -224.907
-0.171717 5105.99 -239.432
-0.181818 5101.16 -253.958
-0.191919 5096.62 -268.487
-0.20202 5092.18 -283.014
-0.212121 5088.13 -297.534
-0.222222 5084.21 -312.048
-0.232323 5080.73 -326.544
-0.242424 5077.38 -341.031
-0.252525 5074.48 -355.492
-0.262626 5071.74 -369.941
-0.272727 5069.41 -384.355
-0.282828 5067.24 -398.754
-0.292929 5065.44 -413.114
-0.30303 5063.8 -427.454
-0.313131 5062.49 -441.75
-0.323232 5061.31 -456.023
-0.333333 5060.42 -470.248
-0.343434 5059.64 -484.448
-0.353535 5059.1 -498.597
-0.363636 5058.67 -512.717
-0.373737 5058.42 -526.785
-0.383838 5058.26 -540.819
-0.393939 5058.24 -554.8
-0.40404 5058.3 -568.743
-0.414141 5058.46 -582.632
-0.424242 5058.68 -596.48
-0.434343 5058.98 -610.272
-0.444444 5059.32 -624.019
-0.454545 5059.72 -637.709
-0.464646 5060.14 -651.35
-0.474747 5060.6 -664.932
-0.484848 5061.08 -678.461
-0.494949 5061.59 -691.932
-0.505051 5062.1 -705.343
-0.515152 5062.62 -718.695
-0.525253 5063.15 -731.982
-0.535354 5063.69 -745.21
-0.545455 5064.22 -758.367
-0.555556 5064.75 -771.464
-0.565657 5065.27 -784.484
-0.575758 5065.79 -797.443
-0.585859 5066.3 -810.319
-0.59596 5066.81 -823.134
-0.606061 5067.3 -835.857
-0.616162 5067.79 -848.52
-0.626263 5068.26 -861.084
-0.636364 5068.73 -873.587
-0.646465 5069.18 -885.983
-0.656566 5069.62 -898.319
-0.666667 5070.04 -910.538
-0.676768 5070.45 -922.698
-0.686869 5070.84 -934.732
-0.69697 5071.22 -946.706
-0.707071 5071.57 -958.546
-0.717172 5071.9 -970.327
-0.727273 5072.21 -981.963
-0.737374 5072.5 -993.541
-0.747475 5072.76 -1004.96
-0.757576 5073 -1016.33
-0.767677 5073.19 -1027.53
-0.777778 5073.37 -1038.68
-0.787879 5073.49 -1049.65
-0.79798 5073.6 -1060.56
-0.808081 5073.64 -1071.29
-0.818182 5073.67 -1081.97
-0.828283 5073.63 -1092.45
-0.838384 5073.57 -1102.89
-0.848485 5073.44 -1113.11
-0.858586 5073.3 -1123.29
-0.868687 5073.07 -1133.25
-0.878788 5072.84 -1143.17
-0.888889 5072.53 -1152.86
-0.89899 5072.22 -1162.52
-0.909091 5071.85 -1171.93
-0.919192 5071.47 -1181.32
-0.929293 5071.07 -1190.47
-0.939394 5070.66 -1199.59
-0.949495 5070.27 -1208.46
-0.959596 5069.88 -1217.32
-0.969697 5069.56 -1225.95
-0.979798 5069.25 -1234.57
-0.989899 5069.12 -1242.98
-1 5068.99 -1251.39
