0 -19776.9 -0.00204231
-0.010101 -18919.1 7.93767
-0.020202 -18912.6 15.8942
-0.030303 -18903.6 24.5837
-0.040404 -18894.7 33.2798
-0.0505051 -18884.5 42.1316
-0.0606061 -18874.4 50.9894
-0.0707071 -18863.9 59.9404
-0.0808081 -18853.5 68.8954
-0.0909091 -18843.4 77.8973
-0.10101 -18833.4 86.9014
-0.111111 -18824.1 95.9263
-0.121212 -18814.9 104.952
-0.131313 -18806.7 113.984
-0.141414 -18798.6 123.016
-0.151515 -18791.6 132.046
-0.161616 -18784.7 141.073
-0.171717 -18778.9 150.092
-0.181818 -18773.3 159.106
-0.191919 -18768.7 168.105
-0.20202 -18764.3 177.098
-0.212121 -18760.8 186.069
-0.222222 -18757.5 195.032
-0.232323 -18755 203.969
-0.242424 -18752.7 212.896
-0.252525 -18751 221.792
-0.262626 -18749.5 230.677
-0.272727 -18748.6 239.529
-0.282828 -18747.8 248.368
-0.292929 -18747.5 257.172
-0.30303 -18747.3 265.962
-0.313131 -18747.4 274.717
-0.323232 -18747.7 283.455
-0.333333 -18748.2 292.158
-0.343434 -18748.8 300.844
-0.353535 -18749.6 309.495
-0.363636 -18750.4 318.126
-0.373737 -18751.4 326.723
-0.383838 -18752.4 335.299
-0.393939 -18753.5 343.841
-0.40404 -18754.6 352.36
-0.414141 -18755.8 360.845
-0.424242 -18757 369.305
-0.434343 -18758.2 377.732
-0.444444 -18759.5 386.131
-0.454545 -18760.7 394.497
-0.464646 -18762 402.833
-0.474747 -18763.2 411.135
-0.484848 -18764.5 419.406
-0.494949 -18765.7 427.641
-0.505051 -18767 435.843
-0.515152 -18768.2 444.009
-0.525253 -18769.4 452.138
-0.535354 -18770.6 460.231
-0.545455 -18771.8 468.283
-0.555556 -18773 476.3
-0.565657 -18774.2 484.272
-0.575758 -18775.4 492.207
-0.585859 -18776.6 500.094
-0.59596 -18777.8 507.944
-0.606061 -18779 515.74
-0.616162 -18780.2 523.5
-0.626263 -18781.4 531.201
-0.636364 -18782.6 538.866
-0.646465 -18783.8 546.466
-0.656566 -18785 554.03
-0.666667 -18786.2 561.524
-0.676768 -18787.5 568.982
-0.686869 -18788.7 576.363
-0.69697 -18789.9 583.708
-0.707071 -18791.2 590.97
-0.717172 -18792.4 598.197
-0.727273 -18793.7 605.333
-0.737374 -18794.9 612.434
-0.747475 -18796.1 619.437
-0.757576 -18797.4 626.405
-0.767677 -18798.6 633.268
-0.777778 -18799.8 640.097
-0.787879 -18801 646.813
-0.79798 -18802.2 653.496
-0.808081 -18803.4 660.056
-0.818182 -18804.5 666.586
-0.828283 -18805.6 672.984
-0.838384 -18806.7 679.353
-0.848485 -18807.7 685.583
-0.858586 -18808.7 691.785
-0.868687 -18809.6 697.84
-0.878788 -18810.4 703.87
-0.888889 -18811.2 709.744
-0.89899 -18812 715.597
-0.909091 -18812.6 721.287
-0.919192 -18813.2 726.959
-0.929293 -18813.6 732.463
-0.939394 -18814.1 737.952
-0.949495 -18814.3 743.272
-0.959596 -18814.6 748.582
-0.969697 -18814.8 753.73
-0.979798 -18814.9 758.871
-0.989899 -18814.9 763.895
-1 -18815 768.918
