0 -22918.7 -0.00215037
-0.010101 -23212.2 -2.22734
-0.020202 -23189.3 -4.45011
-0.030303 -23168.7 -6.654
-0.040404 -23148.1 -8.85765
-0.0505051 -23130.3 -11.0558
-0.0606061 -23112.5 -13.2577
-0.0707071 -23097.5 -15.5198
-0.0808081 -23082.8 -17.7879
-0.0909091 -23070.6 -20.1259
-0.10101 -23058.6 -22.4706
-0.111111 -23049.1 -24.8761
-0.121212 -23039.8 -27.2882
-0.131313 -23032.6 -29.7493
-0.141414 -23025.7 -32.2168
-0.151515 -23020.6 -34.7238
-0.161616 -23015.7 -37.2371
-0.171717 -23012.3 -39.7836
-0.181818 -23009.2 -42.3364
-0.191919 -23007.2 -44.9178
-0.20202 -23005.5 -47.5054
-0.212121 -23004.7 -50.1177
-0.222222 -23004 -52.7358
-0.232323 -23004.1 -55.3746
-0.242424 -23004.3 -58.0186
-0.252525 -23005 -60.679
-0.262626 -23005.9 -63.3435
-0.272727 -23007.1 -66.0199
-0.282828 -23008.3 -68.6992
-0.292929 -23009.8 -71.386
-0.30303 -23011.4 -74.0742
-0.313131 -23013.1 -76.7657
-0.323232 -23014.8 -79.4571
-0.333333 -23016.6 -82.148
-0.343434 -23018.3 -84.8371
-0.353535 -23020.1 -87.5227
-0.363636 -23021.9 -90.2048
-0.373737 -23023.7 -92.8807
-0.383838 -23025.4 -95.5516
-0.393939 -23027.1 -98.2141
-0.40404 -23028.8 -100.87
-0.414141 -23030.4 -103.516
-0.424242 -23032 -106.154
-0.434343 -23033.6 -108.781
-0.444444 -23035.1 -111.398
-0.454545 -23036.6 -114.003
-0.464646 -23038 -116.597
-0.474747 -23039.4 -119.179
-0.484848 -23040.8 -121.748
-0.494949 -23042.1 -124.304
-0.505051 -23043.4 -126.847
-0.515152 -23044.7 -129.376
-0.525253 -23046 -131.891
-0.535354 -23047.3 -134.391
-0.545455 -23048.5 -136.876
-0.555556 -23049.8 -139.347
-0.565657 -23051 -141.801
-0.575758 -23052.2 -144.242
-0.585859 -23053.5 -146.663
-0.59596 -23054.8 -149.072
-0.606061 -23056 -151.46
-0.616162 -23057.3 -153.836
-0.626263 -23058.6 -156.19
-0.636364 -23059.9 -158.532
-0.646465 -23061.3 -160.851
-0.656566 -23062.6 -163.158
-0.666667 -23064 -165.441
-0.676768 -23065.4 -167.713
-0.686869 -23066.9 -169.96
-0.69697 -23068.3 -172.196
-0.707071 -23069.8 -174.407
-0.717172 -23071.4 -176.606
-0.727273 -23072.9 -178.78
-0.737374 -23074.5 -180.944
-0.747475 -23076.1 -183.082
-0.757576 -23077.7 -185.21
-0.767677 -23079.4 -187.312
-0.777778 -23081.1 -189.405
-0.787879 -23082.8 -191.472
-0.79798 -23084.5 -193.532
-0.808081 -23086.2 -195.565
-0.818182 -23087.9 -197.592
-0.828283 -23089.6 -199.593
-0.838384 -23091.3 -201.589
-0.848485 -23093 -203.559
-0.858586 -23094.7 -205.525
-0.868687 -23096.3 -207.467
-0.878788 -23097.9 -209.405
-0.888889 -23099.4 -211.32
-0.89899 -23100.9 -213.231
-0.909091 -23102.3 -215.121
-0.919192 -23103.6 -217.008
-0.929293 -23104.8 -218.874
-0.939394 -23105.9 -220.738
-0.949495 -23106.8 -222.584
-0.959596 -23107.7 -224.429
-0.969697 -23108.2 -226.263
-0.979798 -23108.8 -228.096
-0.989899 -23109 -229.869
-1 -23109.2 -231.641
