0 23260.5 0.00191256
-0.010101 23454.5 1.33894
-0.020202 23432.5 2.67242
-0.030303 23412.4 3.91965
-0.040404 23392.4 5.16605
-0.0505051 23374.7 6.39244
-0.0606061 23357.2 7.62183
-0.0707071 23342.2 8.89838
-0.0808081 23327.4 10.1802
-0.0909091 23315.1 11.5226
-0.10101 23303 12.8711
-0.111111 23293.2 14.2741
-0.121212 23283.7 15.6833
-0.131313 23276.2 17.1372
-0.141414 23269 18.5972
-0.151515 23263.5 20.0941
-0.161616 23258.4 21.597
-0.171717 23254.6 23.1316
-0.181818 23251.2 24.6723
-0.191919 23248.9 26.2411
-0.20202 23246.9 27.8161
-0.212121 23245.8 29.416
-0.222222 23244.9 31.0221
-0.232323 23244.7 32.6498
-0.242424 23244.7 34.2832
-0.252525 23245.3 35.9346
-0.262626 23245.9 37.5909
-0.272727 23246.9 39.2613
-0.282828 23248 40.9356
-0.292929 23249.4 42.6199
-0.30303 23250.8 44.3069
-0.313131 23252.4 46.0001
-0.323232 23254.1 47.6947
-0.333333 23255.8 49.3921
-0.343434 23257.5 51.0894
-0.353535 23259.2 52.7865
-0.363636 23261 54.4822
-0.373737 23262.7 56.1752
-0.383838 23264.4 57.8655
-0.393939 23266.1 59.5511
-0.40404 23267.8 61.2327
-0.414141 23269.4 62.9081
-0.424242 23271 64.5782
-0.434343 23272.6 66.2411
-0.444444 23274.1 67.8975
-0.454545 23275.6 69.5458
-0.464646 23277.1 71.1866
-0.474747 23278.5 72.8187
-0.484848 23279.9 74.4424
-0.494949 23281.3 76.057
-0.505051 23282.6 77.6621
-0.515152 23283.9 79.258
-0.525253 23285.3 80.8436
-0.535354 23286.6 82.4198
-0.545455 23287.8 83.9849
-0.555556 23289.1 85.5405
-0.565657 23290.4 87.0843
-0.575758 23291.7 88.6187
-0.585859 23292.9 90.1404
-0.59596 23294.2 91.6529
-0.606061 23295.5 93.1521
-0.616162 23296.8 94.6423
-0.626263 23298.2 96.1184
-0.636364 23299.5 97.5859
-0.646465 23300.9 99.0386
-0.656566 23302.3 100.483
-0.666667 23303.7 101.912
-0.676768 23305.1 103.334
-0.686869 23306.6 104.74
-0.69697 23308.1 106.139
-0.707071 23309.6 107.521
-0.717172 23311.1 108.898
-0.727273 23312.7 110.258
-0.737374 23314.3 111.612
-0.747475 23315.9 112.951
-0.757576 23317.5 114.285
-0.767677 23319.2 115.603
-0.777778 23320.9 116.917
-0.787879 23322.6 118.217
-0.79798 23324.3 119.513
-0.808081 23326 120.796
-0.818182 23327.7 122.075
-0.828283 23329.4 123.343
-0.838384 23331.1 124.609
-0.848485 23332.8 125.864
-0.858586 23334.5 127.117
-0.868687 23336 128.362
-0.878788 23337.6 129.605
-0.888889 23339.1 130.841
-0.89899 23340.6 132.077
-0.909091 23341.9 133.306
-0.919192 23343.2 134.535
-0.929293 23344.3 135.761
-0.939394 23345.4 136.985
-0.949495 23346.3 138.209
-0.959596 23347.1 139.432
-0.969697 23347.7 140.66
-0.979798 23348.2 141.889
-0.989899 23348.4 143.072
-1 23348.6 144.254
