0 10829.9 0.00125262
-0.010101 12102.9 11.1199
-0.020202 12078.5 22.252
-0.030303 12059.7 34.1066
-0.040404 12041 45.9675
-0.0505051 12027.2 57.9799
-0.0606061 12013.6 70.0035
-0.0707071 12004 82.2035
-0.0808081 11994.6 94.4159
-0.0909091 11988.4 106.771
-0.10101 11982.5 119.137
-0.111111 11979 131.606
-0.121212 11975.8 144.085
-0.131313 11974.5 156.637
-0.141414 11973.4 169.198
-0.151515 11973.6 181.809
-0.161616 11974 194.428
-0.171717 11975.4 207.081
-0.181818 11976.8 219.739
-0.191919 11978.9 232.42
-0.20202 11981 245.103
-0.212121 11983.5 257.797
-0.222222 11986 270.491
-0.232323 11988.7 283.186
-0.242424 11991.3 295.878
-0.252525 11994 308.561
-0.262626 11996.7 321.238
-0.272727 11999.2 333.897
-0.282828 12001.7 346.547
-0.292929 12004.1 359.171
-0.30303 12006.4 371.783
-0.313131 12008.5 384.363
-0.323232 12010.6 396.927
-0.333333 12012.5 409.454
-0.343434 12014.3 421.96
-0.353535 12015.9 434.426
-0.363636 12017.5 446.868
-0.373737 12018.9 459.266
-0.383838 12020.2 471.636
-0.393939 12021.4 483.959
-0.40404 12022.5 496.251
-0.414141 12023.5 508.494
-0.424242 12024.4 520.701
-0.434343 12025.3 532.858
-0.444444 12026 544.975
-0.454545 12026.8 557.041
-0.464646 12027.4 569.062
-0.474747 12028 581.031
-0.484848 12028.6 592.951
-0.494949 12029.2 604.818
-0.505051 12029.7 616.632
-0.515152 12030.2 628.391
-0.525253 12030.7 640.092
-0.535354 12031.1 651.739
-0.545455 12031.6 663.322
-0.555556 12032.1 674.85
-0.565657 12032.5 686.309
-0.575758 12033 697.712
-0.585859 12033.5 709.041
-0.59596 12033.9 720.314
-0.606061 12034.4 731.505
-0.616162 12035 742.642
-0.626263 12035.5 753.689
-0.636364 12036 764.683
-0.646465 12036.6 775.58
-0.656566 12037.2 786.424
-0.666667 12037.9 797.164
-0.676768 12038.5 807.851
-0.686869 12039.2 818.427
-0.69697 12040 828.951
-0.707071 12040.7 839.356
-0.717172 12041.5 849.71
-0.727273 12042.4 859.936
-0.737374 12043.2 870.113
-0.747475 12044.1 880.155
-0.757576 12045.1 890.149
-0.767677 12046.1 899.999
-0.777778 12047.1 909.803
-0.787879 12048.2 919.455
-0.79798 12049.3 929.064
-0.808081 12050.4 938.513
-0.818182 12051.6 947.921
-0.828283 12052.8 957.16
-0.838384 12054 966.362
-0.848485 12055.3 975.388
-0.858586 12056.5 984.38
-0.868687 12057.8 993.188
-0.878788 12059.1 1001.97
-0.888889 12060.3 1010.55
-0.89899 12061.6 1019.12
-0.909091 12062.8 1027.48
-0.919192 12064 1035.82
-0.929293 12065.1 1043.97
-0.939394 12066.2 1052.09
-0.949495 12067.1 1060.02
-0.959596 12068 1067.94
-0.969697 12068.6 1075.67
-0.979798 12069.2 1083.4
-0.989899 12069.5 1090.93
-1 12069.7 1098.45
