0 -22294.6 -0.00167554
-0.010101 -22718.7 -3.39221
-0.020202 -22694.7 -6.78261
-0.030303 -22673.5 -10.2445
-0.040404 -22652.4 -13.7071
-0.0505051 -22634.4 -17.1837
-0.0606061 -22616.5 -20.6653
-0.0707071 -22601.6 -24.224
-0.0808081 -22586.9 -27.7899
-0.0909091 -22575 -31.4375
-0.10101 -22563.4 -35.0928
-0.111111 -22554.2 -38.8167
-0.121212 -22545.3 -42.548
-0.131313 -22538.6 -46.3334
-0.141414 -22532.1 -50.1257
-0.151515 -22527.4 -53.9609
-0.161616 -22523 -57.8027
-0.171717 -22520.1 -61.6795
-0.181818 -22517.4 -65.5628
-0.191919 -22515.9 -69.4752
-0.20202 -22514.5 -73.3937
-0.212121 -22514.1 -77.3364
-0.222222 -22513.8 -81.2845
-0.232323 -22514.2 -85.2518
-0.242424 -22514.7 -89.2236
-0.252525 -22515.7 -93.2094
-0.262626 -22516.8 -97.1984
-0.272727 -22518.2 -101.196
-0.282828 -22519.7 -105.196
-0.292929 -22521.3 -109.199
-0.30303 -22523 -113.202
-0.313131 -22524.8 -117.205
-0.323232 -22526.6 -121.205
-0.333333 -22528.5 -125.2
-0.343434 -22530.3 -129.192
-0.353535 -22532.2 -133.175
-0.363636 -22534 -137.152
-0.373737 -22535.8 -141.118
-0.383838 -22537.5 -145.076
-0.393939 -22539.2 -149.021
-0.40404 -22540.9 -152.956
-0.414141 -22542.5 -156.876
-0.424242 -22544.1 -160.784
-0.434343 -22545.6 -164.676
-0.444444 -22547.1 -168.554
-0.454545 -22548.5 -172.415
-0.464646 -22549.9 -176.261
-0.474747 -22551.3 -180.088
-0.484848 -22552.6 -183.898
-0.494949 -22553.9 -187.69
-0.505051 -22555.2 -191.463
-0.515152 -22556.4 -195.217
-0.525253 -22557.6 -198.95
-0.535354 -22558.8 -202.664
-0.545455 -22560.1 -206.355
-0.555556 -22561.2 -210.028
-0.565657 -22562.4 -213.676
-0.575758 -22563.6 -217.305
-0.585859 -22564.8 -220.908
-0.59596 -22566 -224.491
-0.606061 -22567.3 -228.047
-0.616162 -22568.5 -231.584
-0.626263 -22569.8 -235.09
-0.636364 -22571 -238.579
-0.646465 -22572.3 -242.035
-0.656566 -22573.6 -245.473
-0.666667 -22575 -248.877
-0.676768 -22576.4 -252.264
-0.686869 -22577.8 -255.615
-0.69697 -22579.2 -258.949
-0.707071 -22580.7 -262.245
-0.717172 -22582.2 -265.525
-0.727273 -22583.7 -268.767
-0.737374 -22585.2 -271.992
-0.747475 -22586.8 -275.178
-0.757576 -22588.4 -278.348
-0.767677 -22590.1 -281.478
-0.777778 -22591.7 -284.593
-0.787879 -22593.4 -287.666
-0.79798 -22595.1 -290.727
-0.808081 -22596.8 -293.745
-0.818182 -22598.5 -296.751
-0.828283 -22600.3 -299.714
-0.838384 -22602 -302.666
-0.848485 -22603.7 -305.575
-0.858586 -22605.4 -308.475
-0.868687 -22607 -311.331
-0.878788 -22608.6 -314.179
-0.888889 -22610.1 -316.983
-0.89899 -22611.7 -319.781
-0.909091 -22613.1 -322.535
-0.919192 -22614.4 -325.284
-0.929293 -22615.6 -327.989
-0.939394 -22616.8 -330.691
-0.949495 -22617.7 -333.352
-0.959596 -22618.6 -336.01
-0.969697 -22619.2 -338.636
-0.979798 -22619.8 -341.262
-0.989899 -22620 -343.807
-1 -22620.2 -346.351
