0 16904.5 0.00172305
-0.010101 17881.9 8.3978
-0.020202 17855.9 16.8019
-0.030303 17834.6 25.6826
-0.040404 17813.5 34.5674
-0.0505051 17796.7 43.5511
-0.0606061 17780.1 52.544
-0.0707071 17767.3 61.6802
-0.0808081 17754.8 70.8272
-0.0909091 17745.5 80.0987
-0.10101 17736.5 89.3807
-0.111111 17730.2 98.7573
-0.121212 17724.2 108.143
-0.131313 17720.2 117.598
-0.141414 17716.6 127.062
-0.151515 17714.6 136.576
-0.161616 17712.8 146.097
-0.171717 17712.3 155.656
-0.181818 17712 165.22
-0.191919 17712.5 174.811
-0.20202 17713.2 184.407
-0.212121 17714.5 194.02
-0.222222 17716 203.635
-0.232323 17717.8 213.26
-0.242424 17719.7 222.884
-0.252525 17721.8 232.51
-0.262626 17723.9 242.132
-0.272727 17726.1 251.749
-0.282828 17728.3 261.359
-0.292929 17730.5 270.956
-0.30303 17732.7 280.545
-0.313131 17734.9 290.114
-0.323232 17737 299.672
-0.333333 17739 309.205
-0.343434 17741 318.723
-0.353535 17742.8 328.213
-0.363636 17744.6 337.685
-0.373737 17746.3 347.125
-0.383838 17747.9 356.544
-0.393939 17749.4 365.928
-0.40404 17750.9 375.288
-0.414141 17752.2 384.612
-0.424242 17753.5 393.907
-0.434343 17754.7 403.165
-0.444444 17755.9 412.391
-0.454545 17757 421.579
-0.464646 17758.1 430.731
-0.474747 17759.1 439.844
-0.484848 17760 448.918
-0.494949 17761 457.951
-0.505051 17761.9 466.943
-0.515152 17762.7 475.893
-0.525253 17763.6 484.797
-0.535354 17764.4 493.659
-0.545455 17765.3 502.472
-0.555556 17766.1 511.242
-0.565657 17766.9 519.958
-0.575758 17767.8 528.632
-0.585859 17768.6 537.247
-0.59596 17769.5 545.82
-0.606061 17770.3 554.33
-0.616162 17771.2 562.797
-0.626263 17772.1 571.196
-0.636364 17773.1 579.553
-0.646465 17774 587.836
-0.656566 17775 596.078
-0.666667 17776 604.241
-0.676768 17777.1 612.363
-0.686869 17778.1 620.401
-0.69697 17779.2 628.398
-0.707071 17780.4 636.306
-0.717172 17781.6 644.174
-0.727273 17782.8 651.946
-0.737374 17784 659.681
-0.747475 17785.3 667.314
-0.757576 17786.6 674.911
-0.767677 17788 682.401
-0.777778 17789.4 689.856
-0.787879 17790.8 697.198
-0.79798 17792.3 704.508
-0.808081 17793.8 711.699
-0.818182 17795.3 718.86
-0.828283 17796.8 725.898
-0.838384 17798.3 732.908
-0.848485 17799.9 739.789
-0.858586 17801.4 746.646
-0.868687 17803 753.369
-0.878788 17804.5 760.07
-0.888889 17806 766.634
-0.89899 17807.5 773.178
-0.909091 17808.8 779.582
-0.919192 17810.2 785.97
-0.929293 17811.4 792.215
-0.939394 17812.6 798.448
-0.949495 17813.6 804.54
-0.959596 17814.6 810.623
-0.969697 17815.3 816.582
-0.979798 17815.9 822.535
-0.989899 17816.1 828.329
-1 17816.4 834.119
