0 -21009.1 -0.00188334
-0.010101 -21621.9 -5.09132
-0.020202 -21596.7 -10.1831
-0.030303 -21575.1 -15.4793
-0.040404 -21553.5 -20.7772
-0.0505051 -21535.5 -26.1168
-0.0606061 -21517.7 -31.4628
-0.0707071 -21503.2 -36.9087
-0.0808081 -21488.9 -42.3631
-0.0909091 -21477.6 -47.9146
-0.10101 -21466.6 -53.4748
-0.111111 -21458.1 -59.1133
-0.121212 -21450 -64.76
-0.131313 -21444 -70.4666
-0.141414 -21438.3 -76.1807
-0.151515 -21434.4 -81.9409
-0.161616 -21430.8 -87.708
-0.171717 -21428.6 -93.5114
-0.181818 -21426.6 -99.3211
-0.191919 -21425.7 -105.16
-0.20202 -21425 -111.004
-0.212121 -21425.1 -116.871
-0.222222 -21425.4 -122.742
-0.232323 -21426.3 -128.629
-0.242424 -21427.2 -134.52
-0.252525 -21428.6 -140.42
-0.262626 -21430.1 -146.322
-0.272727 -21431.8 -152.228
-0.282828 -21433.5 -158.133
-0.292929 -21435.4 -164.036
-0.30303 -21437.3 -169.936
-0.313131 -21439.2 -175.83
-0.323232 -21441.2 -181.718
-0.333333 -21443.1 -187.595
-0.343434 -21445 -193.464
-0.353535 -21446.9 -199.319
-0.363636 -21448.8 -205.163
-0.373737 -21450.6 -210.989
-0.383838 -21452.3 -216.803
-0.393939 -21454 -222.596
-0.40404 -21455.6 -228.374
-0.414141 -21457.2 -234.131
-0.424242 -21458.7 -239.87
-0.434343 -21460.1 -245.585
-0.444444 -21461.6 -251.28
-0.454545 -21462.9 -256.951
-0.464646 -21464.2 -262.6
-0.474747 -21465.5 -268.223
-0.484848 -21466.7 -273.822
-0.494949 -21467.9 -279.395
-0.505051 -21469.1 -284.941
-0.515152 -21470.3 -290.461
-0.525253 -21471.4 -295.951
-0.535354 -21472.5 -301.414
-0.545455 -21473.6 -306.845
-0.555556 -21474.7 -312.25
-0.565657 -21475.8 -317.62
-0.575758 -21476.9 -322.962
-0.585859 -21478 -328.268
-0.59596 -21479.2 -333.546
-0.606061 -21480.3 -338.785
-0.616162 -21481.4 -343.997
-0.626263 -21482.6 -349.165
-0.636364 -21483.8 -354.307
-0.646465 -21485 -359.403
-0.656566 -21486.2 -364.473
-0.666667 -21487.5 -369.493
-0.676768 -21488.8 -374.488
-0.686869 -21490.1 -379.431
-0.69697 -21491.5 -384.349
-0.707071 -21492.9 -389.212
-0.717172 -21494.3 -394.05
-0.727273 -21495.8 -398.831
-0.737374 -21497.2 -403.588
-0.747475 -21498.8 -408.284
-0.757576 -21500.3 -412.958
-0.767677 -21501.9 -417.568
-0.777778 -21503.5 -422.158
-0.787879 -21505.1 -426.682
-0.79798 -21506.8 -431.186
-0.808081 -21508.5 -435.622
-0.818182 -21510.2 -440.04
-0.828283 -21511.8 -444.388
-0.838384 -21513.5 -448.719
-0.848485 -21515.2 -452.979
-0.858586 -21516.9 -457.224
-0.868687 -21518.5 -461.395
-0.878788 -21520.2 -465.553
-0.888889 -21521.7 -469.637
-0.89899 -21523.3 -473.709
-0.909091 -21524.7 -477.705
-0.919192 -21526.1 -481.693
-0.929293 -21527.3 -485.604
-0.939394 -21528.5 -489.508
-0.949495 -21529.5 -493.338
-0.959596 -21530.4 -497.163
-0.969697 -21531 -500.926
-0.979798 -21531.7 -504.687
-0.989899 -21531.9 -508.339
-1 -21532.1 -511.989
