0 -22199.6 -0.00249509
-0.010101 -21635 5.3761
-0.020202 -21622.9 10.7685
-0.030303 -21609.7 16.7269
-0.040404 -21596.5 22.6902
-0.0505051 -21583.2 28.7742
-0.0606061 -21570 34.8616
-0.0707071 -21557.4 41.0013
-0.0808081 -21544.8 47.1423
-0.0909091 -21533.4 53.2972
-0.10101 -21522 59.4518
-0.111111 -21511.9 65.6033
-0.121212 -21502.1 71.7533
-0.131313 -21493.5 77.8929
-0.141414 -21485.2 84.0303
-0.151515 -21478.3 90.1535
-0.161616 -21471.5 96.2733
-0.171717 -21466 102.375
-0.181818 -21460.8 108.473
-0.191919 -21456.7 114.549
-0.20202 -21452.8 120.619
-0.212121 -21449.8 126.664
-0.222222 -21447.1 132.702
-0.232323 -21445.2 138.713
-0.242424 -21443.5 144.714
-0.252525 -21442.5 150.688
-0.262626 -21441.6 156.651
-0.272727 -21441.3 162.585
-0.282828 -21441.1 168.508
-0.292929 -21441.3 174.403
-0.30303 -21441.6 180.285
-0.313131 -21442.2 186.14
-0.323232 -21442.9 191.983
-0.333333 -21443.9 197.799
-0.343434 -21444.9 203.602
-0.353535 -21446 209.379
-0.363636 -21447.2 215.142
-0.373737 -21448.5 220.882
-0.383838 -21449.8 226.606
-0.393939 -21451.2 232.307
-0.40404 -21452.6 237.993
-0.414141 -21454 243.655
-0.424242 -21455.4 249.302
-0.434343 -21456.8 254.926
-0.444444 -21458.2 260.532
-0.454545 -21459.6 266.116
-0.464646 -21461 271.681
-0.474747 -21462.4 277.224
-0.484848 -21463.8 282.746
-0.494949 -21465.2 288.247
-0.505051 -21466.5 293.724
-0.515152 -21467.8 299.18
-0.525253 -21469.2 304.611
-0.535354 -21470.5 310.02
-0.545455 -21471.8 315.401
-0.555556 -21473.1 320.76
-0.565657 -21474.4 326.09
-0.575758 -21475.7 331.397
-0.585859 -21477 336.672
-0.59596 -21478.3 341.923
-0.606061 -21479.6 347.139
-0.616162 -21480.9 352.332
-0.626263 -21482.2 357.486
-0.636364 -21483.6 362.616
-0.646465 -21484.9 367.704
-0.656566 -21486.2 372.769
-0.666667 -21487.6 377.786
-0.676768 -21489 382.78
-0.686869 -21490.4 387.723
-0.69697 -21491.8 392.642
-0.707071 -21493.2 397.506
-0.717172 -21494.6 402.345
-0.727273 -21496 407.123
-0.737374 -21497.5 411.878
-0.747475 -21498.9 416.566
-0.757576 -21500.4 421.231
-0.767677 -21501.8 425.823
-0.777778 -21503.3 430.392
-0.787879 -21504.7 434.882
-0.79798 -21506.1 439.35
-0.808081 -21507.6 443.732
-0.818182 -21509 448.093
-0.828283 -21510.3 452.361
-0.838384 -21511.7 456.609
-0.848485 -21513 460.757
-0.858586 -21514.2 464.887
-0.868687 -21515.4 468.911
-0.878788 -21516.6 472.918
-0.888889 -21517.6 476.812
-0.89899 -21518.7 480.692
-0.909091 -21519.5 484.453
-0.919192 -21520.4 488.202
-0.929293 -21521.1 491.828
-0.939394 -21521.8 495.444
-0.949495 -21522.3 498.937
-0.959596 -21522.8 502.421
-0.969697 -21523.1 505.786
-0.979798 -21523.3 509.145
-0.989899 -21523.4 512.434
-1 -21523.5 515.722
