0 -5244.98 -0.000625296
-0.010101 -6660.01 -12.4714
-0.020202 -6638.66 -24.9591
-0.030303 -6623.17 -38.3118
-0.040404 -6607.88 -51.6721
-0.0505051 -6597.37 -65.2144
-0.0606061 -6587.1 -78.7688
-0.0707071 -6580.62 -92.5129
-0.0808081 -6574.4 -106.27
-0.0909091 -6571.09 -120.172
-0.10101 -6568.02 -134.087
-0.111111 -6567.1 -148.103
-0.121212 -6566.39 -162.13
-0.131313 -6567.2 -176.227
-0.141414 -6568.18 -190.331
-0.151515 -6570.17 -204.483
-0.161616 -6572.28 -218.642
-0.171717 -6575 -232.83
-0.181818 -6577.79 -247.023
-0.191919 -6580.89 -261.233
-0.20202 -6584.01 -275.444
-0.212121 -6587.23 -289.659
-0.222222 -6590.43 -303.873
-0.232323 -6593.56 -318.081
-0.242424 -6596.65 -332.284
-0.252525 -6599.59 -346.47
-0.262626 -6602.45 -360.648
-0.272727 -6605.09 -374.802
-0.282828 -6607.65 -388.942
-0.292929 -6609.97 -403.051
-0.30303 -6612.19 -417.144
-0.313131 -6614.17 -431.199
-0.323232 -6616.05 -445.233
-0.333333 -6617.7 -459.225
-0.343434 -6619.25 -473.193
-0.353535 -6620.6 -487.114
-0.363636 -6621.85 -501.007
-0.373737 -6622.93 -514.85
-0.383838 -6623.91 -528.662
-0.393939 -6624.75 -542.421
-0.40404 -6625.51 -556.145
-0.414141 -6626.16 -569.814
-0.424242 -6626.73 -583.444
-0.434343 -6627.22 -597.018
-0.444444 -6627.64 -610.547
-0.454545 -6628 -624.019
-0.464646 -6628.32 -637.443
-0.474747 -6628.58 -650.808
-0.484848 -6628.82 -664.119
-0.494949 -6629.02 -677.372
-0.505051 -6629.2 -690.566
-0.515152 -6629.35 -703.7
-0.525253 -6629.5 -716.769
-0.535354 -6629.63 -729.779
-0.545455 -6629.77 -742.718
-0.555556 -6629.9 -755.596
-0.565657 -6630.03 -768.398
-0.575758 -6630.17 -781.139
-0.585859 -6630.32 -793.796
-0.59596 -6630.47 -806.393
-0.606061 -6630.65 -818.898
-0.616162 -6630.83 -831.343
-0.626263 -6631.04 -843.69
-0.636364 -6631.26 -855.976
-0.646465 -6631.51 -868.156
-0.656566 -6631.77 -880.276
-0.666667 -6632.07 -892.281
-0.676768 -6632.39 -904.227
-0.686869 -6632.74 -916.048
-0.69697 -6633.11 -927.812
-0.707071 -6633.52 -939.443
-0.717172 -6633.96 -951.016
-0.727273 -6634.44 -962.447
-0.737374 -6634.94 -973.823
-0.747475 -6635.49 -985.046
-0.757576 -6636.07 -996.216
-0.767677 -6636.7 -1007.22
-0.777778 -6637.35 -1018.18
-0.787879 -6638.06 -1028.96
-0.79798 -6638.79 -1039.7
-0.808081 -6639.58 -1050.25
-0.818182 -6640.39 -1060.76
-0.828283 -6641.25 -1071.08
-0.838384 -6642.13 -1081.35
-0.848485 -6643.07 -1091.42
-0.858586 -6644.01 -1101.45
-0.868687 -6644.99 -1111.28
-0.878788 -6645.97 -1121.07
-0.888889 -6646.98 -1130.64
-0.89899 -6647.98 -1140.18
-0.909091 -6648.97 -1149.49
-0.919192 -6649.95 -1158.78
-0.929293 -6650.87 -1167.84
-0.939394 -6651.78 -1176.87
-0.949495 -6652.56 -1185.68
-0.959596 -6653.33 -1194.48
-0.969697 -6653.89 -1203.06
-0.979798 -6654.44 -1211.64
-0.989899 -6654.65 -1220
-1 -6654.86 -1228.35
