0 9598.71 0.00119242
-0.010101 8232.1 -12.2849
-0.020202 8240.27 -24.5916
-0.030303 8243.54 -37.8673
-0.040404 8246.65 -51.1515
-0.0505051 8246.26 -64.6406
-0.0606061 8245.71 -78.1405
-0.0707071 8242.79 -91.8098
-0.0808081 8239.74 -105.489
-0.0909091 8235.2 -119.283
-0.10101 8230.58 -133.084
-0.111111 8225.17 -146.959
-0.121212 8219.72 -160.839
-0.131313 8213.99 -174.765
-0.141414 8208.27 -188.694
-0.151515 8202.62 -202.65
-0.161616 8197.03 -216.608
-0.171717 8191.74 -230.578
-0.181818 8186.55 -244.548
-0.191919 8181.81 -258.517
-0.20202 8177.2 -272.483
-0.212121 8173.09 -286.439
-0.222222 8169.14 -300.388
-0.232323 8165.71 -314.317
-0.242424 8162.45 -328.236
-0.252525 8159.69 -342.127
-0.262626 8157.1 -356.006
-0.272727 8154.97 -369.849
-0.282828 8153 -383.676
-0.292929 8151.44 -397.464
-0.30303 8150.03 -411.232
-0.313131 8148.97 -424.956
-0.323232 8148.04 -438.658
-0.333333 8147.4 -452.313
-0.343434 8146.88 -465.943
-0.353535 8146.6 -479.523
-0.363636 8146.41 -493.075
-0.373737 8146.41 -506.576
-0.383838 8146.49 -520.046
-0.393939 8146.71 -533.463
-0.40404 8146.99 -546.845
-0.414141 8147.38 -560.174
-0.424242 8147.82 -573.464
-0.434343 8148.32 -586.701
-0.444444 8148.87 -599.894
-0.454545 8149.46 -613.033
-0.464646 8150.08 -626.125
-0.474747 8150.72 -639.161
-0.484848 8151.39 -652.146
-0.494949 8152.07 -665.075
-0.505051 8152.75 -677.948
-0.515152 8153.45 -690.764
-0.525253 8154.14 -703.518
-0.535354 8154.84 -716.216
-0.545455 8155.54 -728.846
-0.555556 8156.23 -741.418
-0.565657 8156.92 -753.917
-0.575758 8157.6 -766.359
-0.585859 8158.28 -778.72
-0.59596 8158.95 -791.023
-0.606061 8159.61 -803.239
-0.616162 8160.27 -815.397
-0.626263 8160.91 -827.46
-0.636364 8161.55 -839.465
-0.646465 8162.18 -851.368
-0.656566 8162.8 -863.212
-0.666667 8163.41 -874.945
-0.676768 8164 -886.621
-0.686869 8164.59 -898.177
-0.69697 8165.16 -909.675
-0.707071 8165.71 -921.044
-0.717172 8166.25 -932.357
-0.727273 8166.77 -943.529
-0.737374 8167.28 -954.648
-0.747475 8167.75 -965.615
-0.757576 8168.21 -976.53
-0.767677 8168.63 -987.283
-0.777778 8169.03 -997.985
-0.787879 8169.39 -1008.51
-0.79798 8169.73 -1019
-0.808081 8170.01 -1029.29
-0.818182 8170.27 -1039.54
-0.828283 8170.47 -1049.6
-0.838384 8170.64 -1059.61
-0.848485 8170.74 -1069.42
-0.858586 8170.83 -1079.19
-0.868687 8170.83 -1088.74
-0.878788 8170.82 -1098.26
-0.888889 8170.73 -1107.55
-0.89899 8170.62 -1116.8
-0.909091 8170.45 -1125.83
-0.919192 8170.26 -1134.83
-0.929293 8170.02 -1143.58
-0.939394 8169.77 -1152.32
-0.949495 8169.51 -1160.82
-0.959596 8169.24 -1169.3
-0.969697 8169.01 -1177.56
-0.979798 8168.78 -1185.8
-0.989899 8168.68 -1193.85
-1 8168.58 -1201.89
