0 2574.37 0.000298314
-0.010101 4024.69 12.8297
-0.020202 4005.19 25.6773
-0.030303 3991.54 39.4368
-0.040404 3978.1 53.2042
-0.0505051 3969.34 67.1636
-0.0606061 3960.81 81.1351
-0.0707071 3955.93 95.2982
-0.0808081 3951.29 109.474
-0.0909091 3949.37 123.794
-0.10101 3947.67 138.125
-0.111111 3947.94 152.556
-0.121212 3948.38 166.996
-0.131313 3950.16 181.503
-0.141414 3952.08 196.018
-0.151515 3954.83 210.578
-0.161616 3957.67 225.143
-0.171717 3960.97 239.736
-0.181818 3964.3 254.332
-0.191919 3967.82 268.942
-0.20202 3971.32 283.553
-0.212121 3974.81 298.165
-0.222222 3978.25 312.775
-0.232323 3981.55 327.376
-0.242424 3984.77 341.97
-0.252525 3987.76 356.545
-0.262626 3990.66 371.111
-0.272727 3993.29 385.649
-0.282828 3995.82 400.173
-0.292929 3998.07 414.663
-0.30303 4000.2 429.135
-0.313131 4002.07 443.568
-0.323232 4003.83 457.978
-0.333333 4005.34 472.344
-0.343434 4006.74 486.685
-0.353535 4007.93 500.977
-0.363636 4009.02 515.24
-0.373737 4009.92 529.452
-0.383838 4010.74 543.63
-0.393939 4011.4 557.755
-0.40404 4011.99 571.843
-0.414141 4012.46 585.875
-0.424242 4012.86 599.866
-0.434343 4013.17 613.8
-0.444444 4013.42 627.689
-0.454545 4013.61 641.519
-0.464646 4013.76 655.299
-0.474747 4013.86 669.019
-0.484848 4013.93 682.685
-0.494949 4013.97 696.29
-0.505051 4013.99 709.835
-0.515152 4013.99 723.319
-0.525253 4013.98 736.737
-0.535354 4013.96 750.094
-0.545455 4013.94 763.378
-0.555556 4013.92 776.601
-0.565657 4013.9 789.745
-0.575758 4013.88 802.827
-0.585859 4013.88 815.823
-0.59596 4013.88 828.757
-0.606061 4013.9 841.598
-0.616162 4013.93 854.378
-0.626263 4013.99 867.056
-0.636364 4014.05 879.672
-0.646465 4014.14 892.18
-0.656566 4014.24 904.626
-0.666667 4014.38 916.954
-0.676768 4014.53 929.221
-0.686869 4014.72 941.361
-0.69697 4014.92 953.442
-0.707071 4015.16 965.386
-0.717172 4015.42 977.271
-0.727273 4015.73 989.01
-0.737374 4016.05 1000.69
-0.747475 4016.43 1012.22
-0.757576 4016.82 1023.69
-0.767677 4017.27 1034.99
-0.777778 4017.74 1046.24
-0.787879 4018.27 1057.31
-0.79798 4018.82 1068.33
-0.808081 4019.43 1079.17
-0.818182 4020.06 1089.95
-0.828283 4020.75 1100.54
-0.838384 4021.46 1111.08
-0.848485 4022.22 1121.42
-0.858586 4023 1131.72
-0.868687 4023.82 1141.79
-0.878788 4024.65 1151.84
-0.888889 4025.51 1161.65
-0.89899 4026.38 1171.43
-0.909091 4027.24 1180.98
-0.919192 4028.1 1190.5
-0.929293 4028.92 1199.79
-0.939394 4029.73 1209.05
-0.949495 4030.44 1218.07
-0.959596 4031.14 1227.08
-0.969697 4031.65 1235.87
-0.979798 4032.16 1244.65
-0.989899 4032.35 1253.21
-1 4032.55 1261.77
