0 1494.67 0.000194663
-0.010101 2953.79 12.9267
-0.020202 2935.11 25.8717
-0.030303 2922.25 39.744
-0.040404 2909.6 53.6244
-0.0505051 2901.57 67.6996
-0.0606061 2893.78 81.7871
-0.0707071 2889.55 96.0659
-0.0808081 2885.56 110.357
-0.0909091 2884.21 124.791
-0.10101 2883.07 139.237
-0.111111 2883.8 153.78
-0.121212 2884.71 168.332
-0.131313 2886.87 182.951
-0.141414 2889.16 197.576
-0.151515 2892.21 212.245
-0.161616 2895.33 226.919
-0.171717 2898.85 241.62
-0.181818 2902.39 256.323
-0.191919 2906.05 271.039
-0.20202 2909.7 285.756
-0.212121 2913.29 300.472
-0.222222 2916.82 315.186
-0.232323 2920.16 329.889
-0.242424 2923.42 344.586
-0.252525 2926.43 359.262
-0.262626 2929.33 373.928
-0.272727 2931.95 388.566
-0.282828 2934.46 403.19
-0.292929 2936.67 417.778
-0.30303 2938.76 432.348
-0.313131 2940.58 446.877
-0.323232 2942.28 461.385
-0.333333 2943.73 475.847
-0.343434 2945.07 490.283
-0.353535 2946.19 504.67
-0.363636 2947.21 519.028
-0.373737 2948.04 533.333
-0.383838 2948.78 547.606
-0.393939 2949.38 561.824
-0.40404 2949.89 576.005
-0.414141 2950.28 590.13
-0.424242 2950.61 604.214
-0.434343 2950.85 618.24
-0.444444 2951.04 632.22
-0.454545 2951.16 646.142
-0.464646 2951.24 660.013
-0.474747 2951.28 673.825
-0.484848 2951.28 687.581
-0.494949 2951.26 701.277
-0.505051 2951.21 714.911
-0.515152 2951.15 728.485
-0.525253 2951.08 741.993
-0.535354 2951 755.439
-0.545455 2950.91 768.812
-0.555556 2950.83 782.123
-0.565657 2950.75 795.355
-0.575758 2950.68 808.525
-0.585859 2950.61 821.609
-0.59596 2950.55 834.63
-0.606061 2950.51 847.558
-0.616162 2950.48 860.423
-0.626263 2950.47 873.187
-0.636364 2950.47 885.889
-0.646465 2950.5 898.481
-0.656566 2950.54 911.012
-0.666667 2950.61 923.423
-0.676768 2950.69 935.774
-0.686869 2950.81 947.997
-0.69697 2950.94 960.159
-0.707071 2951.12 972.184
-0.717172 2951.31 984.15
-0.727273 2951.54 995.968
-0.737374 2951.8 1007.73
-0.747475 2952.1 1019.33
-0.757576 2952.42 1030.88
-0.767677 2952.8 1042.26
-0.777778 2953.19 1053.58
-0.787879 2953.65 1064.73
-0.79798 2954.12 1075.83
-0.808081 2954.66 1086.73
-0.818182 2955.21 1097.59
-0.828283 2955.83 1108.25
-0.838384 2956.47 1118.86
-0.848485 2957.16 1129.26
-0.858586 2957.87 1139.63
-0.868687 2958.62 1149.77
-0.878788 2959.39 1159.87
-0.888889 2960.19 1169.75
-0.89899 2960.99 1179.59
-0.909091 2961.8 1189.2
-0.919192 2962.61 1198.78
-0.929293 2963.39 1208.12
-0.939394 2964.16 1217.44
-0.949495 2964.83 1226.51
-0.959596 2965.5 1235.57
-0.969697 2965.99 1244.41
-0.979798 2966.48 1253.24
-0.989899 2966.67 1261.85
-1 2966.86 1270.45
