0 15320.8 0.00163177
-0.010101 16394.4 9.27629
-0.020202 16368.6 18.5606
-0.030303 16347.8 28.3981
-0.040404 16327.2 38.2404
-0.0505051 16311.1 48.1982
-0.0606061 16295.2 58.1659
-0.0707071 16283.2 68.2882
-0.0808081 16271.4 78.4219
-0.0909091 16262.9 88.6868
-0.10101 16254.7 98.9626
-0.111111 16249.2 109.337
-0.121212 16243.9 119.72
-0.131313 16240.7 130.175
-0.141414 16237.7 140.639
-0.151515 16236.4 151.153
-0.161616 16235.2 161.675
-0.171717 16235.2 172.234
-0.181818 16235.4 182.799
-0.191919 16236.4 193.39
-0.20202 16237.5 203.985
-0.212121 16239.2 214.595
-0.222222 16241 225.208
-0.232323 16243 235.827
-0.242424 16245.2 246.445
-0.252525 16247.5 257.062
-0.262626 16249.8 267.674
-0.272727 16252.1 278.278
-0.282828 16254.4 288.874
-0.292929 16256.7 299.453
-0.30303 16259 310.023
-0.313131 16261.1 320.569
-0.323232 16263.2 331.103
-0.333333 16265.2 341.608
-0.343434 16267.2 352.097
-0.353535 16269 362.553
-0.363636 16270.7 372.989
-0.373737 16272.3 383.39
-0.383838 16273.9 393.767
-0.393939 16275.3 404.106
-0.40404 16276.7 414.419
-0.414141 16277.9 424.69
-0.424242 16279.1 434.932
-0.434343 16280.3 445.131
-0.444444 16281.3 455.297
-0.454545 16282.3 465.419
-0.464646 16283.3 475.504
-0.474747 16284.2 485.544
-0.484848 16285 495.543
-0.494949 16285.9 505.496
-0.505051 16286.7 515.404
-0.515152 16287.4 525.267
-0.525253 16288.2 535.079
-0.535354 16288.9 544.846
-0.545455 16289.7 554.558
-0.555556 16290.4 564.224
-0.565657 16291.2 573.831
-0.575758 16291.9 583.391
-0.585859 16292.6 592.887
-0.59596 16293.4 602.337
-0.606061 16294.2 611.717
-0.616162 16295 621.051
-0.626263 16295.8 630.309
-0.636364 16296.6 639.522
-0.646465 16297.4 648.654
-0.656566 16298.3 657.74
-0.666667 16299.2 666.74
-0.676768 16300.2 675.695
-0.686869 16301.2 684.556
-0.69697 16302.2 693.374
-0.707071 16303.2 702.091
-0.717172 16304.3 710.766
-0.727273 16305.4 719.335
-0.737374 16306.6 727.863
-0.747475 16307.8 736.278
-0.757576 16309 744.653
-0.767677 16310.3 752.908
-0.777778 16311.5 761.126
-0.787879 16312.9 769.218
-0.79798 16314.3 777.275
-0.808081 16315.7 785.199
-0.818182 16317.1 793.09
-0.828283 16318.5 800.843
-0.838384 16320 808.566
-0.848485 16321.5 816.144
-0.858586 16323 823.695
-0.868687 16324.4 831.096
-0.878788 16325.9 838.473
-0.888889 16327.4 845.695
-0.89899 16328.8 852.897
-0.909091 16330.1 859.939
-0.919192 16331.5 866.964
-0.929293 16332.7 873.828
-0.939394 16333.8 880.678
-0.949495 16334.8 887.37
-0.959596 16335.8 894.051
-0.969697 16336.4 900.591
-0.979798 16337.1 907.125
-0.989899 16337.3 913.485
-1 16337.6 919.842
