0 -7065.15 -0.000882688
-0.010101 -5646.27 12.7081
-0.020202 -5657.21 25.4378
-0.030303 -5662.91 39.1469
-0.040404 -5668.45 52.8647
-0.0505051 -5670.13 66.7892
-0.0606061 -5671.63 80.7251
-0.0707071 -5670.41 94.8394
-0.0808081 -5669.03 108.964
-0.0909091 -5665.86 123.213
-0.10101 -5662.56 137.471
-0.111111 -5658.19 151.81
-0.121212 -5653.74 166.155
-0.131313 -5648.77 180.552
-0.141414 -5643.77 194.953
-0.151515 -5638.64 209.386
-0.161616 -5633.54 223.821
-0.171717 -5628.58 238.272
-0.181818 -5623.68 252.724
-0.191919 -5619.1 267.178
-0.20202 -5614.63 281.63
-0.212121 -5610.57 296.074
-0.222222 -5606.63 310.512
-0.232323 -5603.15 324.932
-0.242424 -5599.82 339.343
-0.252525 -5596.94 353.727
-0.262626 -5594.21 368.099
-0.272727 -5591.92 382.436
-0.282828 -5589.77 396.757
-0.292929 -5588.02 411.039
-0.30303 -5586.41 425.302
-0.313131 -5585.14 439.52
-0.323232 -5584 453.715
-0.333333 -5583.15 467.863
-0.343434 -5582.42 481.985
-0.353535 -5581.92 496.057
-0.363636 -5581.52 510.099
-0.373737 -5581.31 524.089
-0.383838 -5581.19 538.046
-0.393939 -5581.22 551.95
-0.40404 -5581.31 565.817
-0.414141 -5581.51 579.629
-0.424242 -5581.77 593.4
-0.434343 -5582.1 607.116
-0.444444 -5582.47 620.787
-0.454545 -5582.9 634.401
-0.464646 -5583.36 647.967
-0.474747 -5583.85 661.475
-0.484848 -5584.37 674.929
-0.494949 -5584.9 688.325
-0.505051 -5585.44 701.662
-0.515152 -5585.99 714.94
-0.525253 -5586.55 728.155
-0.535354 -5587.11 741.309
-0.545455 -5587.67 754.394
-0.555556 -5588.23 767.419
-0.565657 -5588.78 780.367
-0.575758 -5589.33 793.255
-0.585859 -5589.87 806.06
-0.59596 -5590.4 818.804
-0.606061 -5590.93 831.458
-0.616162 -5591.44 844.052
-0.626263 -5591.94 856.547
-0.636364 -5592.44 868.981
-0.646465 -5592.92 881.309
-0.656566 -5593.39 893.577
-0.666667 -5593.84 905.729
-0.676768 -5594.28 917.822
-0.686869 -5594.7 929.79
-0.69697 -5595.11 941.699
-0.707071 -5595.5 953.474
-0.717172 -5595.87 965.19
-0.727273 -5596.21 976.762
-0.737374 -5596.54 988.277
-0.747475 -5596.83 999.636
-0.757576 -5597.11 1010.94
-0.767677 -5597.34 1022.08
-0.777778 -5597.56 1033.16
-0.787879 -5597.72 1044.07
-0.79798 -5597.87 1054.93
-0.808081 -5597.95 1065.6
-0.818182 -5598.02 1076.22
-0.828283 -5598.02 1086.64
-0.838384 -5598 1097.01
-0.848485 -5597.9 1107.18
-0.858586 -5597.8 1117.3
-0.868687 -5597.61 1127.2
-0.878788 -5597.41 1137.07
-0.888889 -5597.14 1146.7
-0.89899 -5596.86 1156.3
-0.909091 -5596.53 1165.67
-0.919192 -5596.18 1175
-0.929293 -5595.8 1184.09
-0.939394 -5595.42 1193.15
-0.949495 -5595.05 1201.98
-0.959596 -5594.68 1210.78
-0.969697 -5594.37 1219.36
-0.979798 -5594.08 1227.93
-0.989899 -5593.95 1236.28
-1 -5593.83 1244.63
