0 130.057 3.37702e-05
-0.010101 -1336.51 -13.017
-0.020202 -1319.11 -26.0531
-0.030303 -1307.5 -40.0365
-0.040404 -1296.07 -54.0282
-0.0505051 -1289.18 -68.2195
-0.0606061 -1282.51 -82.423
-0.0707071 -1279.28 -96.8179
-0.0808081 -1276.27 -111.225
-0.0909091 -1275.77 -125.773
-0.10101 -1275.47 -140.332
-0.111111 -1276.91 -154.988
-0.121212 -1278.5 -169.652
-0.131313 -1281.22 -184.38
-0.141414 -1284.05 -199.115
-0.151515 -1287.53 -213.892
-0.161616 -1291.06 -228.674
-0.171717 -1294.89 -243.481
-0.181818 -1298.73 -258.29
-0.191919 -1302.61 -273.11
-0.20202 -1306.45 -287.93
-0.212121 -1310.16 -302.75
-0.222222 -1313.8 -317.565
-0.232323 -1317.21 -332.369
-0.242424 -1320.52 -347.166
-0.252525 -1323.53 -361.941
-0.262626 -1326.43 -376.706
-0.272727 -1329.01 -391.441
-0.282828 -1331.47 -406.161
-0.292929 -1333.62 -420.845
-0.30303 -1335.64 -435.511
-0.313131 -1337.37 -450.134
-0.323232 -1338.98 -464.736
-0.333333 -1340.33 -479.291
-0.343434 -1341.56 -493.82
-0.353535 -1342.57 -508.3
-0.363636 -1343.48 -522.75
-0.373737 -1344.2 -537.147
-0.383838 -1344.83 -551.511
-0.393939 -1345.31 -565.82
-0.40404 -1345.71 -580.092
-0.414141 -1346 -594.308
-0.424242 -1346.22 -608.481
-0.434343 -1346.35 -622.598
-0.444444 -1346.43 -636.668
-0.454545 -1346.45 -650.679
-0.464646 -1346.42 -664.639
-0.474747 -1346.36 -678.54
-0.484848 -1346.26 -692.385
-0.494949 -1346.14 -706.17
-0.505051 -1346 -719.893
-0.515152 -1345.84 -733.555
-0.525253 -1345.67 -747.151
-0.535354 -1345.5 -760.684
-0.545455 -1345.32 -774.145
-0.555556 -1345.15 -787.544
-0.565657 -1344.97 -800.863
-0.575758 -1344.81 -814.119
-0.585859 -1344.65 -827.289
-0.59596 -1344.5 -840.397
-0.606061 -1344.36 -853.41
-0.616162 -1344.24 -866.361
-0.626263 -1344.13 -879.21
-0.636364 -1344.04 -891.996
-0.646465 -1343.97 -904.672
-0.656566 -1343.91 -917.287
-0.666667 -1343.88 -929.781
-0.676768 -1343.86 -942.215
-0.686869 -1343.88 -954.519
-0.69697 -1343.91 -966.763
-0.707071 -1343.98 -978.869
-0.717172 -1344.06 -990.915
-0.727273 -1344.19 -1002.81
-0.737374 -1344.33 -1014.65
-0.747475 -1344.52 -1026.33
-0.757576 -1344.73 -1037.96
-0.767677 -1345 -1049.41
-0.777778 -1345.28 -1060.81
-0.787879 -1345.62 -1072.03
-0.79798 -1345.98 -1083.2
-0.808081 -1346.41 -1094.18
-0.818182 -1346.85 -1105.11
-0.828283 -1347.35 -1115.84
-0.838384 -1347.87 -1126.52
-0.848485 -1348.46 -1136.99
-0.858586 -1349.06 -1147.42
-0.868687 -1349.71 -1157.62
-0.878788 -1350.38 -1167.79
-0.888889 -1351.08 -1177.73
-0.89899 -1351.8 -1187.63
-0.909091 -1352.52 -1197.29
-0.919192 -1353.25 -1206.93
-0.929293 -1353.96 -1216.32
-0.939394 -1354.66 -1225.69
-0.949495 -1355.29 -1234.82
-0.959596 -1355.91 -1243.93
-0.969697 -1356.37 -1252.81
-0.979798 -1356.82 -1261.69
-0.989899 -1357 -1270.34
-1 -1357.18 -1278.99
