0 11781.5 0.00136474
-0.010101 13019.6 10.7969
-0.020202 12994.8 21.6051
-0.030303 12975.5 33.1044
-0.040404 12956.4 44.6098
-0.0505051 12942.1 56.2595
-0.0606061 12928 67.9203
-0.0707071 12917.8 79.7533
-0.0808081 12907.9 91.5986
-0.0909091 12901.2 103.584
-0.10101 12894.8 115.581
-0.111111 12890.9 127.68
-0.121212 12887.3 139.789
-0.131313 12885.6 151.971
-0.141414 12884.1 164.161
-0.151515 12884 176.402
-0.161616 12884.1 188.649
-0.171717 12885.2 200.933
-0.181818 12886.4 213.221
-0.191919 12888.3 225.532
-0.20202 12890.2 237.846
-0.212121 12892.6 250.171
-0.222222 12894.9 262.497
-0.232323 12897.5 274.825
-0.242424 12900 287.15
-0.252525 12902.7 299.468
-0.262626 12905.2 311.779
-0.272727 12907.8 324.075
-0.282828 12910.3 336.361
-0.292929 12912.6 348.624
-0.30303 12914.9 360.874
-0.313131 12917.1 373.095
-0.323232 12919.2 385.299
-0.333333 12921.1 397.468
-0.343434 12922.9 409.618
-0.353535 12924.6 421.728
-0.363636 12926.2 433.815
-0.373737 12927.6 445.859
-0.383838 12929 457.876
-0.393939 12930.2 469.849
-0.40404 12931.4 481.79
-0.414141 12932.5 493.684
-0.424242 12933.5 505.543
-0.434343 12934.4 517.353
-0.444444 12935.2 529.124
-0.454545 12936 540.846
-0.464646 12936.7 552.524
-0.474747 12937.4 564.152
-0.484848 12938 575.732
-0.494949 12938.6 587.26
-0.505051 12939.2 598.736
-0.515152 12939.8 610.159
-0.525253 12940.3 621.526
-0.535354 12940.8 632.839
-0.545455 12941.4 644.091
-0.555556 12941.9 655.289
-0.565657 12942.4 666.42
-0.575758 12942.9 677.497
-0.585859 12943.4 688.5
-0.59596 12944 699.451
-0.606061 12944.5 710.321
-0.616162 12945.1 721.138
-0.626263 12945.7 731.869
-0.636364 12946.3 742.547
-0.646465 12947 753.132
-0.656566 12947.6 763.664
-0.666667 12948.3 774.096
-0.676768 12949.1 784.476
-0.686869 12949.8 794.748
-0.69697 12950.6 804.97
-0.707071 12951.4 815.076
-0.717172 12952.3 825.132
-0.727273 12953.2 835.065
-0.737374 12954.1 844.95
-0.747475 12955.1 854.703
-0.757576 12956.1 864.41
-0.767677 12957.1 873.978
-0.777778 12958.2 883.501
-0.787879 12959.4 892.877
-0.79798 12960.5 902.211
-0.808081 12961.7 911.389
-0.818182 12962.9 920.528
-0.828283 12964.2 929.504
-0.838384 12965.5 938.445
-0.848485 12966.8 947.214
-0.858586 12968.1 955.951
-0.868687 12969.4 964.51
-0.878788 12970.7 973.04
-0.888889 12972 981.386
-0.89899 12973.3 989.706
-0.909091 12974.6 997.837
-0.919192 12975.8 1005.95
-0.929293 12976.9 1013.86
-0.939394 12978 1021.76
-0.949495 12979 1029.47
-0.959596 12979.9 1037.17
-0.969697 12980.5 1044.7
-0.979798 12981.1 1052.21
-0.989899 12981.4 1059.53
-1 12981.6 1066.85
