0 1494.67 0.000175305
-0.010101 2953.79 12.925
-0.020202 2935.1 25.8684
-0.030303 2922.25 39.7394
-0.040404 2909.59 53.6184
-0.0505051 2901.57 67.6928
-0.0606061 2893.77 81.7794
-0.0707071 2889.55 96.0578
-0.0808081 2885.55 110.349
-0.0909091 2884.2 124.783
-0.10101 2883.06 139.228
-0.111111 2883.79 153.772
-0.121212 2884.7 168.324
-0.131313 2886.86 182.943
-0.141414 2889.14 197.57
-0.151515 2892.19 212.24
-0.161616 2895.31 226.915
-0.171717 2898.83 241.616
-0.181818 2902.37 256.321
-0.191919 2906.03 271.039
-0.20202 2909.68 285.757
-0.212121 2913.26 300.475
-0.222222 2916.79 315.191
-0.232323 2920.13 329.896
-0.242424 2923.39 344.595
-0.252525 2926.4 359.273
-0.262626 2929.3 373.942
-0.272727 2931.92 388.582
-0.282828 2934.42 403.208
-0.292929 2936.63 417.799
-0.30303 2938.73 432.372
-0.313131 2940.54 446.903
-0.323232 2942.24 461.414
-0.333333 2943.69 475.878
-0.343434 2945.03 490.317
-0.353535 2946.15 504.707
-0.363636 2947.17 519.068
-0.373737 2948 533.376
-0.383838 2948.74 547.652
-0.393939 2949.33 561.873
-0.40404 2949.84 576.057
-0.414141 2950.24 590.185
-0.424242 2950.57 604.272
-0.434343 2950.81 618.301
-0.444444 2950.99 632.284
-0.454545 2951.11 646.209
-0.464646 2951.19 660.083
-0.474747 2951.23 673.897
-0.484848 2951.23 687.656
-0.494949 2951.2 701.355
-0.505051 2951.16 714.993
-0.515152 2951.1 728.57
-0.525253 2951.02 742.08
-0.535354 2950.94 755.529
-0.545455 2950.86 768.905
-0.555556 2950.77 782.219
-0.565657 2950.69 795.454
-0.575758 2950.62 808.626
-0.585859 2950.55 821.713
-0.59596 2950.5 834.737
-0.606061 2950.45 847.667
-0.616162 2950.42 860.535
-0.626263 2950.41 873.302
-0.636364 2950.41 886.006
-0.646465 2950.44 898.601
-0.656566 2950.48 911.134
-0.666667 2950.54 923.548
-0.676768 2950.63 935.901
-0.686869 2950.75 948.126
-0.69697 2950.88 960.291
-0.707071 2951.05 972.318
-0.717172 2951.24 984.287
-0.727273 2951.48 996.107
-0.737374 2951.73 1007.87
-0.747475 2952.03 1019.48
-0.757576 2952.35 1031.03
-0.767677 2952.73 1042.41
-0.777778 2953.13 1053.73
-0.787879 2953.58 1064.88
-0.79798 2954.06 1075.98
-0.808081 2954.59 1086.89
-0.818182 2955.15 1097.75
-0.828283 2955.76 1108.41
-0.838384 2956.4 1119.03
-0.848485 2957.09 1129.43
-0.858586 2957.8 1139.79
-0.868687 2958.55 1149.94
-0.878788 2959.32 1160.05
-0.888889 2960.12 1169.93
-0.89899 2960.92 1179.77
-0.909091 2961.73 1189.38
-0.919192 2962.54 1198.97
-0.929293 2963.32 1208.31
-0.939394 2964.09 1217.63
-0.949495 2964.76 1226.7
-0.959596 2965.43 1235.77
-0.969697 2965.92 1244.61
-0.979798 2966.41 1253.44
-0.989899 2966.6 1262.05
-1 2966.79 1270.66
