0 22780.6 0.00143786
-0.010101 23107 2.51987
-0.020202 23083.8 5.03703
-0.030303 23063 7.55811
-0.040404 23042.3 10.0792
-0.0505051 23024.4 12.5996
-0.0606061 23006.6 15.1241
-0.0707071 22991.6 17.7129
-0.0808081 22976.9 20.3081
-0.0909091 22964.7 22.976
-0.10101 22952.9 25.6508
-0.111111 22943.4 28.3882
-0.121212 22934.2 31.1325
-0.131313 22927.1 33.9268
-0.141414 22920.3 36.7276
-0.151515 22915.3 39.5687
-0.161616 22910.5 42.4161
-0.171717 22907.3 45.2971
-0.181818 22904.2 48.1843
-0.191919 22902.4 51.1002
-0.20202 22900.7 54.0222
-0.212121 22900 56.9687
-0.222222 22899.5 59.9209
-0.232323 22899.6 62.8932
-0.242424 22899.9 65.8706
-0.252525 22900.7 68.8636
-0.262626 22901.6 71.8606
-0.272727 22902.9 74.8685
-0.282828 22904.2 77.8791
-0.292929 22905.7 80.8961
-0.30303 22907.3 83.9141
-0.313131 22909 86.9343
-0.323232 22910.8 89.9538
-0.333333 22912.6 92.9718
-0.343434 22914.4 95.9874
-0.353535 22916.2 98.9981
-0.363636 22918 102.005
-0.373737 22919.7 105.004
-0.383838 22921.5 107.997
-0.393939 22923.2 110.981
-0.40404 22924.9 113.957
-0.414141 22926.5 116.922
-0.424242 22928.1 119.878
-0.434343 22929.6 122.822
-0.444444 22931.1 125.755
-0.454545 22932.6 128.674
-0.464646 22934 131.582
-0.474747 22935.4 134.475
-0.484848 22936.8 137.355
-0.494949 22938.1 140.22
-0.505051 22939.4 143.071
-0.515152 22940.7 145.906
-0.525253 22942 148.726
-0.535354 22943.2 151.53
-0.545455 22944.5 154.317
-0.555556 22945.7 157.088
-0.565657 22946.9 159.841
-0.575758 22948.2 162.579
-0.585859 22949.4 165.296
-0.59596 22950.6 167.998
-0.606061 22951.9 170.678
-0.616162 22953.2 173.344
-0.626263 22954.5 175.986
-0.636364 22955.8 178.615
-0.646465 22957.1 181.218
-0.656566 22958.5 183.808
-0.666667 22959.8 186.371
-0.676768 22961.2 188.921
-0.686869 22962.7 191.444
-0.69697 22964.1 193.955
-0.707071 22965.6 196.436
-0.717172 22967.1 198.906
-0.727273 22968.7 201.347
-0.737374 22970.3 203.776
-0.747475 22971.9 206.175
-0.757576 22973.5 208.563
-0.767677 22975.2 210.922
-0.777778 22976.8 213.27
-0.787879 22978.5 215.588
-0.79798 22980.2 217.898
-0.808081 22982 220.176
-0.818182 22983.7 222.448
-0.828283 22985.4 224.689
-0.838384 22987.1 226.923
-0.848485 22988.8 229.127
-0.858586 22990.5 231.326
-0.868687 22992.1 233.496
-0.878788 22993.7 235.66
-0.888889 22995.2 237.797
-0.89899 22996.7 239.929
-0.909091 22998.1 242.034
-0.919192 22999.4 244.135
-0.929293 23000.6 246.21
-0.939394 23001.7 248.283
-0.949495 23002.6 250.331
-0.959596 23003.5 252.378
-0.969697 23004.1 254.409
-0.979798 23004.7 256.439
-0.989899 23004.9 258.404
-1 23005.1 260.368
