0 -671.876 -9.74207e-05
-0.010101 795.635 13.0347
-0.020202 778.685 26.0889
-0.030303 767.493 40.0957
-0.040404 756.488 54.1109
-0.0505051 749.983 68.3269
-0.0606061 743.695 82.555
-0.0707071 740.805 96.974
-0.0808081 738.129 111.405
-0.0909091 737.917 125.977
-0.10101 737.893 140.559
-0.111111 739.566 155.236
-0.121212 741.387 169.922
-0.131313 744.293 184.671
-0.141414 747.298 199.427
-0.151515 750.916 214.224
-0.161616 754.584 229.026
-0.171717 758.514 243.852
-0.181818 762.446 258.68
-0.191919 766.39 273.519
-0.20202 770.296 288.357
-0.212121 774.046 303.194
-0.222222 777.723 318.027
-0.232323 781.143 332.848
-0.242424 784.465 347.661
-0.252525 787.476 362.453
-0.262626 790.372 377.233
-0.272727 792.939 391.983
-0.282828 795.383 406.719
-0.292929 797.506 421.418
-0.30303 799.503 436.098
-0.313131 801.204 450.736
-0.323232 802.781 465.352
-0.333333 804.096 479.921
-0.343434 805.296 494.464
-0.353535 806.271 508.957
-0.363636 807.141 523.421
-0.373737 807.825 537.831
-0.383838 808.417 552.208
-0.393939 808.86 566.531
-0.40404 809.224 580.816
-0.414141 809.472 595.044
-0.424242 809.655 609.231
-0.434343 809.751 623.36
-0.444444 809.796 637.443
-0.454545 809.777 651.467
-0.464646 809.72 665.44
-0.474747 809.619 679.353
-0.484848 809.492 693.211
-0.494949 809.335 707.008
-0.505051 809.163 720.744
-0.515152 808.973 734.419
-0.525253 808.776 748.026
-0.535354 808.571 761.573
-0.545455 808.365 775.046
-0.555556 808.159 788.457
-0.565657 807.957 801.788
-0.575758 807.76 815.057
-0.585859 807.572 828.239
-0.59596 807.392 841.359
-0.606061 807.227 854.385
-0.616162 807.071 867.348
-0.626263 806.933 880.209
-0.636364 806.808 893.007
-0.646465 806.705 905.695
-0.656566 806.614 918.321
-0.666667 806.551 930.828
-0.676768 806.501 943.273
-0.686869 806.483 955.589
-0.69697 806.479 967.845
-0.707071 806.512 979.962
-0.717172 806.561 992.019
-0.727273 806.651 1003.93
-0.737374 806.759 1015.78
-0.747475 806.914 1027.47
-0.757576 807.086 1039.11
-0.767677 807.313 1050.57
-0.777778 807.557 1061.98
-0.787879 807.861 1073.21
-0.79798 808.181 1084.39
-0.808081 808.567 1095.38
-0.818182 808.969 1106.32
-0.828283 809.438 1117.05
-0.838384 809.921 1127.74
-0.848485 810.471 1138.22
-0.858586 811.033 1148.66
-0.868687 811.654 1158.87
-0.878788 812.284 1169.04
-0.888889 812.959 1178.99
-0.89899 813.639 1188.9
-0.909091 814.339 1198.57
-0.919192 815.041 1208.21
-0.929293 815.724 1217.61
-0.939394 816.405 1226.98
-0.949495 817.011 1236.11
-0.959596 817.612 1245.22
-0.969697 818.063 1254.11
-0.979798 818.507 1262.99
-0.989899 818.684 1271.64
-1 818.856 1280.3
