0 -671.876 -9.7421e-05
-0.010101 795.635 13.035
-0.020202 778.685 26.0894
-0.030303 767.493 40.0965
-0.040404 756.489 54.1119
-0.0505051 749.984 68.328
-0.0606061 743.696 82.5564
-0.0707071 740.806 96.9755
-0.0808081 738.13 111.407
-0.0909091 737.919 125.978
-0.10101 737.896 140.56
-0.111111 739.569 155.238
-0.121212 741.39 169.924
-0.131313 744.296 184.673
-0.141414 747.302 199.429
-0.151515 750.92 214.226
-0.161616 754.588 229.027
-0.171717 758.518 243.853
-0.181818 762.45 258.681
-0.191919 766.395 273.52
-0.20202 770.3 288.358
-0.212121 774.051 303.195
-0.222222 777.728 318.028
-0.232323 781.148 332.848
-0.242424 784.47 347.661
-0.252525 787.482 362.452
-0.262626 790.377 377.232
-0.272727 792.945 391.982
-0.282828 795.389 406.718
-0.292929 797.513 421.416
-0.30303 799.51 436.096
-0.313131 801.211 450.733
-0.323232 802.788 465.349
-0.333333 804.104 479.917
-0.343434 805.303 494.46
-0.353535 806.278 508.953
-0.363636 807.149 523.416
-0.373737 807.833 537.826
-0.383838 808.425 552.203
-0.393939 808.868 566.525
-0.40404 809.233 580.809
-0.414141 809.48 595.037
-0.424242 809.664 609.223
-0.434343 809.76 623.352
-0.444444 809.805 637.434
-0.454545 809.786 651.457
-0.464646 809.73 665.43
-0.474747 809.629 679.343
-0.484848 809.501 693.2
-0.494949 809.345 706.997
-0.505051 809.173 720.732
-0.515152 808.984 734.406
-0.525253 808.786 748.014
-0.535354 808.582 761.559
-0.545455 808.376 775.032
-0.555556 808.17 788.442
-0.565657 807.968 801.773
-0.575758 807.771 815.041
-0.585859 807.583 828.223
-0.59596 807.404 841.342
-0.606061 807.238 854.368
-0.616162 807.082 867.33
-0.626263 806.945 880.19
-0.636364 806.82 892.988
-0.646465 806.717 905.676
-0.656566 806.626 918.301
-0.666667 806.563 930.807
-0.676768 806.513 943.252
-0.686869 806.495 955.568
-0.69697 806.492 967.823
-0.707071 806.525 979.939
-0.717172 806.573 991.996
-0.727273 806.664 1003.9
-0.737374 806.771 1015.75
-0.747475 806.927 1027.45
-0.757576 807.099 1039.08
-0.767677 807.326 1050.55
-0.777778 807.57 1061.96
-0.787879 807.874 1073.19
-0.79798 808.195 1084.36
-0.808081 808.58 1095.35
-0.818182 808.982 1106.29
-0.828283 809.451 1117.02
-0.838384 809.935 1127.71
-0.848485 810.485 1138.19
-0.858586 811.046 1148.63
-0.868687 811.667 1158.84
-0.878788 812.298 1169.01
-0.888889 812.973 1178.96
-0.89899 813.653 1188.87
-0.909091 814.353 1198.53
-0.919192 815.055 1208.18
-0.929293 815.738 1217.57
-0.939394 816.419 1226.95
-0.949495 817.025 1236.08
-0.959596 817.626 1245.19
-0.969697 818.077 1254.08
-0.979798 818.521 1262.95
-0.989899 818.698 1271.61
-1 818.87 1280.26
