0 20755.5 0.00203424
-0.010101 21398.7 5.36665
-0.020202 21373.4 10.7339
-0.030303 21351.7 16.3274
-0.040404 21330.1 21.9228
-0.0505051 21312.1 27.5643
-0.0606061 21294.4 33.2124
-0.0707071 21279.9 38.964
-0.0808081 21265.7 44.7243
-0.0909091 21254.5 50.5841
-0.10101 21243.6 56.4527
-0.111111 21235.3 62.4011
-0.121212 21227.3 68.3578
-0.131313 21221.5 74.3752
-0.141414 21216 80.4002
-0.151515 21212.2 86.4717
-0.161616 21208.7 92.5502
-0.171717 21206.6 98.665
-0.181818 21204.8 104.786
-0.191919 21204 110.936
-0.20202 21203.4 117.092
-0.212121 21203.6 123.269
-0.222222 21204 129.451
-0.232323 21204.9 135.648
-0.242424 21206 141.849
-0.252525 21207.4 148.058
-0.262626 21208.9 154.269
-0.272727 21210.6 160.483
-0.282828 21212.4 166.695
-0.292929 21214.3 172.905
-0.30303 21216.3 179.112
-0.313131 21218.2 185.31
-0.323232 21220.2 191.503
-0.333333 21222.1 197.683
-0.343434 21224.1 203.856
-0.353535 21226 210.012
-0.363636 21227.8 216.157
-0.373737 21229.6 222.283
-0.383838 21231.3 228.396
-0.393939 21233 234.487
-0.40404 21234.6 240.562
-0.414141 21236.2 246.615
-0.424242 21237.7 252.649
-0.434343 21239.1 258.658
-0.444444 21240.5 264.646
-0.454545 21241.9 270.608
-0.464646 21243.2 276.548
-0.474747 21244.4 282.46
-0.484848 21245.6 288.347
-0.494949 21246.8 294.207
-0.505051 21248 300.038
-0.515152 21249.1 305.842
-0.525253 21250.2 311.615
-0.535354 21251.3 317.36
-0.545455 21252.4 323.071
-0.555556 21253.5 328.755
-0.565657 21254.6 334.402
-0.575758 21255.7 340.02
-0.585859 21256.8 345.6
-0.59596 21257.9 351.151
-0.606061 21259 356.66
-0.616162 21260.1 362.142
-0.626263 21261.3 367.577
-0.636364 21262.4 372.986
-0.646465 21263.6 378.345
-0.656566 21264.9 383.677
-0.666667 21266.1 388.958
-0.676768 21267.4 394.212
-0.686869 21268.7 399.411
-0.69697 21270 404.583
-0.707071 21271.4 409.698
-0.717172 21272.8 414.787
-0.727273 21274.3 419.814
-0.737374 21275.7 424.818
-0.747475 21277.3 429.757
-0.757576 21278.8 434.673
-0.767677 21280.4 439.521
-0.777778 21282 444.348
-0.787879 21283.6 449.104
-0.79798 21285.2 453.841
-0.808081 21286.9 458.504
-0.818182 21288.6 463.149
-0.828283 21290.3 467.719
-0.838384 21291.9 472.272
-0.848485 21293.6 476.748
-0.858586 21295.3 481.209
-0.868687 21296.9 485.591
-0.878788 21298.6 489.96
-0.888889 21300.1 494.248
-0.89899 21301.6 498.525
-0.909091 21303.1 502.72
-0.919192 21304.5 506.906
-0.929293 21305.7 511.01
-0.939394 21306.9 515.107
-0.949495 21307.9 519.124
-0.959596 21308.8 523.136
-0.969697 21309.5 527.081
-0.979798 21310.1 531.022
-0.989899 21310.3 534.852
-1 21310.5 538.68
