0 -22918.7 -0.00215037
-0.010101 -23212.2 -2.22742
-0.020202 -23189.3 -4.45028
-0.030303 -23168.7 -6.65424
-0.040404 -23148.1 -8.85797
-0.0505051 -23130.3 -11.0562
-0.0606061 -23112.5 -13.2582
-0.0707071 -23097.5 -15.5203
-0.0808081 -23082.8 -17.7885
-0.0909091 -23070.6 -20.1265
-0.10101 -23058.6 -22.4712
-0.111111 -23049.1 -24.8767
-0.121212 -23039.8 -27.2889
-0.131313 -23032.6 -29.7499
-0.141414 -23025.7 -32.2174
-0.151515 -23020.6 -34.7244
-0.161616 -23015.7 -37.2378
-0.171717 -23012.3 -39.7843
-0.181818 -23009.2 -42.337
-0.191919 -23007.2 -44.9184
-0.20202 -23005.5 -47.506
-0.212121 -23004.7 -50.1182
-0.222222 -23004 -52.7363
-0.232323 -23004.1 -55.3751
-0.242424 -23004.3 -58.019
-0.252525 -23005 -60.6793
-0.262626 -23005.9 -63.3437
-0.272727 -23007.1 -66.0201
-0.282828 -23008.3 -68.6993
-0.292929 -23009.8 -71.386
-0.30303 -23011.4 -74.0742
-0.313131 -23013.1 -76.7656
-0.323232 -23014.8 -79.4568
-0.333333 -23016.6 -82.1477
-0.343434 -23018.3 -84.8367
-0.353535 -23020.1 -87.5222
-0.363636 -23021.9 -90.2042
-0.373737 -23023.7 -92.88
-0.383838 -23025.4 -95.5507
-0.393939 -23027.1 -98.2131
-0.40404 -23028.8 -100.869
-0.414141 -23030.4 -103.515
-0.424242 -23032 -106.153
-0.434343 -23033.6 -108.779
-0.444444 -23035.1 -111.396
-0.454545 -23036.6 -114.001
-0.464646 -23038 -116.595
-0.474747 -23039.4 -119.177
-0.484848 -23040.8 -121.746
-0.494949 -23042.1 -124.302
-0.505051 -23043.4 -126.844
-0.515152 -23044.7 -129.373
-0.525253 -23046 -131.888
-0.535354 -23047.3 -134.388
-0.545455 -23048.5 -136.873
-0.555556 -23049.8 -139.344
-0.565657 -23051 -141.798
-0.575758 -23052.2 -144.238
-0.585859 -23053.5 -146.659
-0.59596 -23054.8 -149.068
-0.606061 -23056 -151.456
-0.616162 -23057.3 -153.831
-0.626263 -23058.6 -156.186
-0.636364 -23059.9 -158.527
-0.646465 -23061.3 -160.846
-0.656566 -23062.6 -163.153
-0.666667 -23064 -165.436
-0.676768 -23065.4 -167.707
-0.686869 -23066.9 -169.954
-0.69697 -23068.3 -172.19
-0.707071 -23069.8 -174.4
-0.717172 -23071.4 -176.6
-0.727273 -23072.9 -178.774
-0.737374 -23074.5 -180.937
-0.747475 -23076.1 -183.075
-0.757576 -23077.7 -185.203
-0.767677 -23079.4 -187.304
-0.777778 -23081.1 -189.398
-0.787879 -23082.8 -191.464
-0.79798 -23084.5 -193.524
-0.808081 -23086.2 -195.557
-0.818182 -23087.9 -197.583
-0.828283 -23089.6 -199.584
-0.838384 -23091.3 -201.58
-0.848485 -23093 -203.55
-0.858586 -23094.7 -205.516
-0.868687 -23096.3 -207.457
-0.878788 -23097.9 -209.395
-0.888889 -23099.4 -211.31
-0.89899 -23100.9 -213.221
-0.909091 -23102.3 -215.11
-0.919192 -23103.6 -216.997
-0.929293 -23104.8 -218.863
-0.939394 -23105.9 -220.727
-0.949495 -23106.8 -222.572
-0.959596 -23107.7 -224.417
-0.969697 -23108.2 -226.25
-0.979798 -23108.8 -228.084
-0.989899 -23109 -229.857
-1 -23109.2 -231.628
