0 -14904.2 -0.00158657
-0.010101 -16000.5 -9.48399
-0.020202 -15974.8 -18.9765
-0.030303 -15954.1 -29.0405
-0.040404 -15933.6 -39.1096
-0.0505051 -15917.7 -49.2981
-0.0606061 -15902 -59.4966
-0.0707071 -15890.2 -69.8524
-0.0808081 -15878.7 -80.2197
-0.0909091 -15870.4 -90.7196
-0.10101 -15862.4 -101.231
-0.111111 -15857.1 -111.841
-0.121212 -15852 -122.46
-0.131313 -15849 -133.152
-0.141414 -15846.2 -143.851
-0.151515 -15845 -154.603
-0.161616 -15844 -165.361
-0.171717 -15844.1 -176.157
-0.181818 -15844.4 -186.958
-0.191919 -15845.5 -197.784
-0.20202 -15846.8 -208.615
-0.212121 -15848.5 -219.461
-0.222222 -15850.4 -230.309
-0.232323 -15852.5 -241.163
-0.242424 -15854.7 -252.016
-0.252525 -15857 -262.866
-0.262626 -15859.4 -273.713
-0.272727 -15861.7 -284.549
-0.282828 -15864.1 -295.378
-0.292929 -15866.4 -306.189
-0.30303 -15868.6 -316.99
-0.313131 -15870.8 -327.767
-0.323232 -15872.9 -338.53
-0.333333 -15874.9 -349.265
-0.343434 -15876.8 -359.982
-0.353535 -15878.6 -370.667
-0.363636 -15880.4 -381.33
-0.373737 -15882 -391.958
-0.383838 -15883.5 -402.561
-0.393939 -15884.9 -413.125
-0.40404 -15886.2 -423.662
-0.414141 -15887.5 -434.158
-0.424242 -15888.7 -444.622
-0.434343 -15889.8 -455.044
-0.444444 -15890.8 -465.431
-0.454545 -15891.8 -475.774
-0.464646 -15892.7 -486.079
-0.474747 -15893.6 -496.338
-0.484848 -15894.4 -506.555
-0.494949 -15895.2 -516.726
-0.505051 -15896 -526.85
-0.515152 -15896.7 -536.928
-0.525253 -15897.5 -546.955
-0.535354 -15898.2 -556.935
-0.545455 -15898.9 -566.86
-0.555556 -15899.6 -576.738
-0.565657 -15900.3 -586.555
-0.575758 -15901 -596.324
-0.585859 -15901.7 -606.028
-0.59596 -15902.5 -615.685
-0.606061 -15903.2 -625.271
-0.616162 -15904 -634.81
-0.626263 -15904.8 -644.272
-0.636364 -15905.6 -653.687
-0.646465 -15906.4 -663.02
-0.656566 -15907.2 -672.306
-0.666667 -15908.1 -681.503
-0.676768 -15909.1 -690.655
-0.686869 -15910 -699.711
-0.69697 -15911 -708.723
-0.707071 -15912 -717.632
-0.717172 -15913.1 -726.498
-0.727273 -15914.2 -735.256
-0.737374 -15915.3 -743.971
-0.747475 -15916.4 -752.571
-0.757576 -15917.6 -761.13
-0.767677 -15918.9 -769.567
-0.777778 -15920.2 -777.966
-0.787879 -15921.5 -786.235
-0.79798 -15922.8 -794.469
-0.808081 -15924.2 -802.566
-0.818182 -15925.6 -810.63
-0.828283 -15927 -818.553
-0.838384 -15928.5 -826.444
-0.848485 -15929.9 -834.187
-0.858586 -15931.4 -841.903
-0.868687 -15932.9 -849.465
-0.878788 -15934.3 -857.002
-0.888889 -15935.7 -864.38
-0.89899 -15937.2 -871.737
-0.909091 -15938.5 -878.931
-0.919192 -15939.8 -886.106
-0.929293 -15941 -893.117
-0.939394 -15942.2 -900.113
-0.949495 -15943.1 -906.947
-0.959596 -15944.1 -913.77
-0.969697 -15944.8 -920.447
-0.979798 -15945.4 -927.119
-0.989899 -15945.6 -933.613
-1 -15945.9 -940.103
