0 22704 0.00223839
-0.010101 22233.9 -4.54533
-0.020202 22220.2 -9.10535
-0.030303 22205.9 -14.175
-0.040404 22191.5 -19.2492
-0.0505051 22177.4 -24.4325
-0.0606061 22163.4 -29.6183
-0.0707071 22150.2 -34.844
-0.0808081 22137.2 -40.0701
-0.0909091 22125.4 -45.3005
-0.10101 22113.8 -50.5298
-0.111111 22103.6 -55.7491
-0.121212 22093.6 -60.9663
-0.131313 22085.1 -66.1686
-0.141414 22076.8 -71.368
-0.151515 22069.9 -76.5501
-0.161616 22063.3 -81.7285
-0.171717 22058 -86.8872
-0.181818 22052.9 -92.041
-0.191919 22048.9 -97.1724
-0.20202 22045.2 -102.298
-0.212121 22042.5 -107.398
-0.222222 22040 -112.491
-0.232323 22038.3 -117.557
-0.242424 22036.8 -122.614
-0.252525 22036 -127.645
-0.262626 22035.3 -132.665
-0.272727 22035.1 -137.659
-0.282828 22035.1 -142.642
-0.292929 22035.5 -147.599
-0.30303 22036 -152.545
-0.313131 22036.7 -157.466
-0.323232 22037.6 -162.376
-0.333333 22038.6 -167.262
-0.343434 22039.7 -172.137
-0.353535 22041 -176.989
-0.363636 22042.3 -181.83
-0.373737 22043.6 -186.649
-0.383838 22045 -191.456
-0.393939 22046.5 -196.243
-0.40404 22047.9 -201.017
-0.414141 22049.4 -205.772
-0.424242 22050.8 -210.513
-0.434343 22052.3 -215.236
-0.444444 22053.8 -219.944
-0.454545 22055.2 -224.633
-0.464646 22056.6 -229.307
-0.474747 22058.1 -233.962
-0.484848 22059.5 -238.601
-0.494949 22060.9 -243.221
-0.505051 22062.2 -247.823
-0.515152 22063.6 -252.407
-0.525253 22064.9 -256.971
-0.535354 22066.3 -261.516
-0.545455 22067.6 -266.039
-0.555556 22068.9 -270.543
-0.565657 22070.2 -275.023
-0.575758 22071.6 -279.484
-0.585859 22072.9 -283.919
-0.59596 22074.2 -288.335
-0.606061 22075.5 -292.721
-0.616162 22076.9 -297.088
-0.626263 22078.2 -301.423
-0.636364 22079.5 -305.738
-0.646465 22080.9 -310.018
-0.656566 22082.3 -314.278
-0.666667 22083.7 -318.499
-0.676768 22085.1 -322.701
-0.686869 22086.5 -326.859
-0.69697 22087.9 -330.998
-0.707071 22089.4 -335.09
-0.717172 22090.8 -339.162
-0.727273 22092.3 -343.182
-0.737374 22093.8 -347.182
-0.747475 22095.3 -351.125
-0.757576 22096.8 -355.049
-0.767677 22098.3 -358.911
-0.777778 22099.8 -362.753
-0.787879 22101.3 -366.528
-0.79798 22102.8 -370.284
-0.808081 22104.3 -373.966
-0.818182 22105.7 -377.63
-0.828283 22107.2 -381.214
-0.838384 22108.6 -384.78
-0.848485 22109.9 -388.261
-0.858586 22111.3 -391.725
-0.868687 22112.6 -395.098
-0.878788 22113.8 -398.455
-0.888889 22114.9 -401.715
-0.89899 22116 -404.961
-0.909091 22117 -408.105
-0.919192 22117.9 -411.237
-0.929293 22118.7 -414.263
-0.939394 22119.5 -417.279
-0.949495 22120 -420.187
-0.959596 22120.6 -423.089
-0.969697 22120.9 -425.884
-0.979798 22121.2 -428.674
-0.989899 22121.3 -431.409
-1 22121.4 -434.142
