0 23600.1 0.00276958
-0.010101 23458.3 -1.64444
-0.020202 23439.9 -3.30044
-0.030303 23422.2 -5.26269
-0.040404 23404.6 -7.22771
-0.0505051 23388.3 -9.25916
-0.0606061 23372.1 -11.2904
-0.0707071 23357.7 -13.3179
-0.0808081 23343.4 -15.343
-0.0909091 23331 -17.3392
-0.10101 23318.8 -19.3317
-0.111111 23308.6 -21.291
-0.121212 23298.5 -23.2462
-0.131313 23290.3 -25.1707
-0.141414 23282.4 -27.0906
-0.151515 23276 -28.9827
-0.161616 23270 -30.8697
-0.171717 23265.3 -32.7304
-0.181818 23260.9 -34.5854
-0.191919 23257.8 -36.4144
-0.20202 23254.8 -38.2371
-0.212121 23252.8 -40.0341
-0.222222 23251.1 -41.8242
-0.232323 23250.1 -43.5895
-0.242424 23249.4 -45.3474
-0.252525 23249.2 -47.082
-0.262626 23249.2 -48.8092
-0.272727 23249.6 -50.5152
-0.282828 23250.2 -52.214
-0.292929 23251.1 -53.894
-0.30303 23252.1 -55.5671
-0.313131 23253.3 -57.2241
-0.323232 23254.5 -58.8748
-0.333333 23256 -60.5118
-0.343434 23257.4 -62.1429
-0.353535 23259 -63.7627
-0.363636 23260.5 -65.3771
-0.373737 23262.1 -66.982
-0.383838 23263.7 -68.582
-0.393939 23265.3 -70.1741
-0.40404 23266.9 -71.7617
-0.414141 23268.5 -73.3425
-0.424242 23270.1 -74.919
-0.434343 23271.6 -76.4896
-0.444444 23273.2 -78.0561
-0.454545 23274.7 -79.6172
-0.464646 23276.2 -81.1742
-0.474747 23277.6 -82.7263
-0.484848 23279.1 -84.274
-0.494949 23280.5 -85.817
-0.505051 23281.9 -87.3554
-0.515152 23283.3 -88.8892
-0.525253 23284.6 -90.4179
-0.535354 23286 -91.942
-0.545455 23287.3 -93.4604
-0.555556 23288.6 -94.9741
-0.565657 23290 -96.4816
-0.575758 23291.3 -97.984
-0.585859 23292.6 -99.4794
-0.59596 23294 -100.97
-0.606061 23295.3 -102.452
-0.616162 23296.7 -103.929
-0.626263 23298.1 -105.396
-0.636364 23299.4 -106.858
-0.646465 23300.8 -108.309
-0.656566 23302.3 -109.755
-0.666667 23303.7 -111.188
-0.676768 23305.1 -112.615
-0.686869 23306.6 -114.028
-0.69697 23308.1 -115.435
-0.707071 23309.6 -116.825
-0.717172 23311.2 -118.209
-0.727273 23312.8 -119.575
-0.737374 23314.3 -120.933
-0.747475 23315.9 -122.27
-0.757576 23317.5 -123.6
-0.767677 23319.2 -124.905
-0.777778 23320.8 -126.203
-0.787879 23322.5 -127.474
-0.79798 23324.1 -128.736
-0.808081 23325.7 -129.968
-0.818182 23327.4 -131.192
-0.828283 23329 -132.381
-0.838384 23330.6 -133.562
-0.848485 23332.1 -134.704
-0.858586 23333.7 -135.839
-0.868687 23335.1 -136.932
-0.878788 23336.6 -138.017
-0.888889 23337.9 -139.055
-0.89899 23339.3 -140.088
-0.909091 23340.4 -141.07
-0.919192 23341.6 -142.047
-0.929293 23342.6 -142.971
-0.939394 23343.5 -143.891
-0.949495 23344.2 -144.756
-0.959596 23344.9 -145.617
-0.969697 23345.4 -146.421
-0.979798 23345.8 -147.223
-0.989899 23346 -148.019
-1 23346.1 -148.815
