0 20068.3 0.00226152
-0.010101 19238 -7.6972
-0.020202 19230.9 -15.4133
-0.030303 19221.5 -23.8475
-0.040404 19212.1 -32.2881
-0.0505051 19201.7 -40.8814
-0.0606061 19191.2 -49.4805
-0.0707071 19180.5 -58.1689
-0.0808081 19169.8 -66.8611
-0.0909091 19159.6 -75.5971
-0.10101 19149.4 -84.3351
-0.111111 19140 -93.0914
-0.121212 19130.7 -101.848
-0.131313 19122.4 -110.61
-0.141414 19114.3 -119.372
-0.151515 19107.3 -128.13
-0.161616 19100.4 -136.886
-0.171717 19094.6 -145.631
-0.181818 19089.1 -154.373
-0.191919 19084.5 -163.098
-0.20202 19080.1 -171.818
-0.212121 19076.7 -180.516
-0.222222 19073.4 -189.205
-0.232323 19071 -197.868
-0.242424 19068.7 -206.522
-0.252525 19067.1 -215.145
-0.262626 19065.7 -223.756
-0.272727 19064.8 -232.336
-0.282828 19064.1 -240.902
-0.292929 19063.8 -249.434
-0.30303 19063.7 -257.952
-0.313131 19063.8 -266.435
-0.323232 19064.1 -274.903
-0.333333 19064.7 -283.336
-0.343434 19065.3 -291.752
-0.353535 19066.1 -300.134
-0.363636 19067 -308.498
-0.373737 19068 -316.827
-0.383838 19069.1 -325.137
-0.393939 19070.2 -333.413
-0.40404 19071.4 -341.667
-0.414141 19072.6 -349.888
-0.424242 19073.8 -358.086
-0.434343 19075.1 -366.25
-0.444444 19076.3 -374.389
-0.454545 19077.6 -382.494
-0.464646 19078.9 -390.572
-0.474747 19080.1 -398.616
-0.484848 19081.4 -406.63
-0.494949 19082.7 -414.611
-0.505051 19083.9 -422.557
-0.515152 19085.1 -430.471
-0.525253 19086.4 -438.348
-0.535354 19087.6 -446.19
-0.545455 19088.8 -453.993
-0.555556 19090.1 -461.762
-0.565657 19091.3 -469.487
-0.575758 19092.5 -477.177
-0.585859 19093.7 -484.82
-0.59596 19094.9 -492.428
-0.606061 19096.1 -499.983
-0.616162 19097.3 -507.504
-0.626263 19098.5 -514.967
-0.636364 19099.7 -522.396
-0.646465 19101 -529.762
-0.656566 19102.2 -537.093
-0.666667 19103.4 -544.356
-0.676768 19104.7 -551.584
-0.686869 19105.9 -558.738
-0.69697 19107.2 -565.857
-0.707071 19108.4 -572.895
-0.717172 19109.7 -579.899
-0.727273 19110.9 -586.816
-0.737374 19112.2 -593.698
-0.747475 19113.5 -600.485
-0.757576 19114.7 -607.239
-0.767677 19116 -613.891
-0.777778 19117.2 -620.51
-0.787879 19118.5 -627.018
-0.79798 19119.7 -633.494
-0.808081 19120.9 -639.852
-0.818182 19122 -646.179
-0.828283 19123.2 -652.379
-0.838384 19124.3 -658.551
-0.848485 19125.3 -664.587
-0.858586 19126.3 -670.597
-0.868687 19127.2 -676.462
-0.878788 19128.2 -682.304
-0.888889 19128.9 -687.994
-0.89899 19129.7 -693.663
-0.909091 19130.4 -699.173
-0.919192 19131 -704.666
-0.929293 19131.5 -709.995
-0.939394 19131.9 -715.31
-0.949495 19132.3 -720.46
-0.959596 19132.6 -725.599
-0.969697 19132.7 -730.581
-0.979798 19132.9 -735.557
-0.989899 19132.9 -740.419
-1 19132.9 -745.279
