0 2294.07 0.000298658
-0.010101 828.37 -13.0449
-0.020202 843.921 -26.1099
-0.030303 853.805 -40.1411
-0.040404 863.506 -54.1809
-0.0505051 868.836 -68.4245
-0.0606061 873.958 -82.6802
-0.0707071 875.829 -97.1249
-0.0808081 877.499 -111.582
-0.0909091 876.855 -126.176
-0.10101 876.039 -140.78
-0.111111 873.671 -155.476
-0.121212 871.174 -170.181
-0.131313 867.724 -184.946
-0.141414 864.194 -199.718
-0.151515 860.167 -214.529
-0.161616 856.11 -229.344
-0.171717 851.892 -244.181
-0.181818 847.688 -259.02
-0.191919 843.555 -273.868
-0.20202 839.478 -288.715
-0.212121 835.622 -303.559
-0.222222 831.853 -318.398
-0.232323 828.394 -333.224
-0.242424 825.045 -348.042
-0.252525 822.046 -362.836
-0.262626 819.173 -377.619
-0.272727 816.656 -392.371
-0.282828 814.27 -407.108
-0.292929 812.225 -421.806
-0.30303 810.312 -436.486
-0.313131 808.708 -451.123
-0.323232 807.23 -465.738
-0.333333 806.023 -480.305
-0.343434 804.933 -494.846
-0.353535 804.072 -509.337
-0.363636 803.316 -523.798
-0.373737 802.748 -538.206
-0.383838 802.271 -552.58
-0.393939 801.943 -566.9
-0.40404 801.692 -581.182
-0.414141 801.556 -595.408
-0.424242 801.482 -609.592
-0.434343 801.495 -623.718
-0.444444 801.556 -637.798
-0.454545 801.679 -651.82
-0.464646 801.837 -665.791
-0.474747 802.038 -679.702
-0.484848 802.264 -693.557
-0.494949 802.516 -707.353
-0.505051 802.784 -721.087
-0.515152 803.067 -734.76
-0.525253 803.357 -748.367
-0.535354 803.653 -761.912
-0.545455 803.95 -775.384
-0.555556 804.247 -788.794
-0.565657 804.539 -802.125
-0.575758 804.827 -815.394
-0.585859 805.105 -828.576
-0.59596 805.376 -841.696
-0.606061 805.633 -854.721
-0.616162 805.881 -867.685
-0.626263 806.112 -880.546
-0.636364 806.332 -893.346
-0.646465 806.531 -906.034
-0.656566 806.718 -918.661
-0.666667 806.88 -931.169
-0.676768 807.03 -943.615
-0.686869 807.15 -955.932
-0.69697 807.257 -968.189
-0.707071 807.329 -980.308
-0.717172 807.387 -992.367
-0.727273 807.405 -1004.28
-0.737374 807.408 -1016.13
-0.747475 807.364 -1027.82
-0.757576 807.304 -1039.46
-0.767677 807.192 -1050.92
-0.777778 807.063 -1062.33
-0.787879 806.874 -1073.56
-0.79798 806.669 -1084.74
-0.808081 806.4 -1095.73
-0.818182 806.114 -1106.67
-0.828283 805.76 -1117.4
-0.838384 805.39 -1128.09
-0.848485 804.952 -1138.56
-0.858586 804.501 -1149
-0.868687 803.986 -1159.21
-0.878788 803.461 -1169.38
-0.888889 802.884 -1179.31
-0.89899 802.3 -1189.22
-0.909091 801.686 -1198.88
-0.919192 801.07 -1208.52
-0.929293 800.459 -1217.9
-0.939394 799.849 -1227.27
-0.949495 799.298 -1236.39
-0.959596 798.75 -1245.49
-0.969697 798.334 -1254.37
-0.979798 797.924 -1263.23
-0.989899 797.759 -1271.87
-1 797.598 -1280.51
