0 12469.8 0.00154317
-0.010101 11189.5 -11.566
-0.020202 11194.2 -23.154
-0.030303 11194.5 -35.6812
-0.040404 11194.7 -48.2168
-0.0505051 11191.8 -60.9512
-0.0606061 11188.8 -73.6955
-0.0707071 11183.9 -86.5951
-0.0808081 11178.9 -99.5035
-0.0909091 11172.8 -112.513
-0.10101 11166.7 -125.529
-0.111111 11160.1 -138.607
-0.121212 11153.5 -151.69
-0.131313 11147 -164.809
-0.141414 11140.5 -177.932
-0.151515 11134.3 -191.074
-0.161616 11128.2 -204.218
-0.171717 11122.7 -217.368
-0.181818 11117.2 -230.517
-0.191919 11112.4 -243.662
-0.20202 11107.6 -256.804
-0.212121 11103.6 -269.931
-0.222222 11099.7 -283.051
-0.232323 11096.4 -296.149
-0.242424 11093.2 -309.237
-0.252525 11090.7 -322.295
-0.262626 11088.3 -335.34
-0.272727 11086.4 -348.35
-0.282828 11084.7 -361.344
-0.292929 11083.4 -374.298
-0.30303 11082.2 -387.234
-0.313131 11081.4 -400.127
-0.323232 11080.8 -412.998
-0.333333 11080.4 -425.823
-0.343434 11080.1 -438.625
-0.353535 11080.1 -451.379
-0.363636 11080.2 -464.106
-0.373737 11080.4 -476.785
-0.383838 11080.7 -489.434
-0.393939 11081.2 -502.034
-0.40404 11081.7 -514.601
-0.414141 11082.3 -527.118
-0.424242 11082.9 -539.598
-0.434343 11083.6 -552.028
-0.444444 11084.4 -564.417
-0.454545 11085.2 -576.756
-0.464646 11086 -589.05
-0.474747 11086.8 -601.293
-0.484848 11087.6 -613.488
-0.494949 11088.4 -625.63
-0.505051 11089.3 -637.72
-0.515152 11090.1 -649.757
-0.525253 11091 -661.737
-0.535354 11091.9 -673.663
-0.545455 11092.7 -685.526
-0.555556 11093.5 -697.336
-0.565657 11094.4 -709.077
-0.575758 11095.2 -720.764
-0.585859 11096 -732.377
-0.59596 11096.9 -743.935
-0.606061 11097.7 -755.411
-0.616162 11098.5 -766.833
-0.626263 11099.3 -778.167
-0.636364 11100.1 -789.446
-0.646465 11100.9 -800.629
-0.656566 11101.7 -811.758
-0.666667 11102.5 -822.783
-0.676768 11103.2 -833.753
-0.686869 11104 -844.611
-0.69697 11104.8 -855.415
-0.707071 11105.5 -866.097
-0.717172 11106.2 -876.727
-0.727273 11107 -887.225
-0.737374 11107.7 -897.671
-0.747475 11108.3 -907.976
-0.757576 11109 -918.231
-0.767677 11109.6 -928.333
-0.777778 11110.3 -938.387
-0.787879 11110.9 -948.278
-0.79798 11111.4 -958.123
-0.808081 11111.9 -967.794
-0.818182 11112.4 -977.421
-0.828283 11112.8 -986.864
-0.838384 11113.3 -996.266
-0.848485 11113.6 -1005.47
-0.858586 11113.9 -1014.64
-0.868687 11114.1 -1023.6
-0.878788 11114.4 -1032.53
-0.888889 11114.5 -1041.25
-0.89899 11114.6 -1049.93
-0.909091 11114.6 -1058.39
-0.919192 11114.6 -1066.83
-0.929293 11114.5 -1075.03
-0.939394 11114.4 -1083.22
-0.949495 11114.3 -1091.18
-0.959596 11114.2 -1099.12
-0.969697 11114 -1106.84
-0.979798 11113.9 -1114.56
-0.989899 11113.8 -1122.09
-1 11113.7 -1129.62
