0 23044.8 0.00247213
-0.010101 23305.3 1.93327
-0.020202 23282.6 3.86091
-0.030303 23262.1 5.74703
-0.040404 23241.8 7.63271
-0.0505051 23224 9.50796
-0.0606061 23206.3 11.3868
-0.0707071 23191.3 13.3214
-0.0808081 23176.5 15.2618
-0.0909091 23164.3 17.269
-0.10101 23152.3 19.2827
-0.111111 23142.6 21.3552
-0.121212 23133.3 23.4342
-0.131313 23126 25.5608
-0.141414 23119 27.6936
-0.151515 23113.7 29.8652
-0.161616 23108.7 32.043
-0.171717 23105.2 34.2536
-0.181818 23102 36.4703
-0.191919 23099.9 38.7156
-0.20202 23098.1 40.967
-0.212121 23097.2 43.2433
-0.222222 23096.5 45.5255
-0.232323 23096.5 47.8288
-0.242424 23096.6 50.1374
-0.252525 23097.3 52.4629
-0.262626 23098 54.7929
-0.272727 23099.2 57.1355
-0.282828 23100.4 59.4813
-0.292929 23101.8 61.8355
-0.30303 23103.4 64.1915
-0.313131 23105 66.5518
-0.323232 23106.7 68.9125
-0.333333 23108.4 71.2738
-0.343434 23110.2 73.6339
-0.353535 23112 75.9916
-0.363636 23113.7 78.3464
-0.373737 23115.5 80.6963
-0.383838 23117.2 83.0418
-0.393939 23118.9 85.3802
-0.40404 23120.6 87.7129
-0.414141 23122.3 90.0369
-0.424242 23123.9 92.3537
-0.434343 23125.4 94.6607
-0.444444 23126.9 96.9591
-0.454545 23128.4 99.2468
-0.464646 23129.9 101.525
-0.474747 23131.3 103.791
-0.484848 23132.6 106.047
-0.494949 23134 108.29
-0.505051 23135.3 110.522
-0.515152 23136.6 112.741
-0.525253 23137.9 114.947
-0.535354 23139.2 117.141
-0.545455 23140.5 119.321
-0.555556 23141.7 121.488
-0.565657 23143 123.64
-0.575758 23144.2 125.779
-0.585859 23145.5 127.902
-0.59596 23146.8 130.013
-0.606061 23148 132.107
-0.616162 23149.3 134.188
-0.626263 23150.6 136.251
-0.636364 23152 138.302
-0.646465 23153.3 140.334
-0.656566 23154.7 142.354
-0.666667 23156.1 144.354
-0.676768 23157.5 146.343
-0.686869 23158.9 148.311
-0.69697 23160.4 150.268
-0.707071 23161.9 152.204
-0.717172 23163.5 154.13
-0.727273 23165 156.034
-0.737374 23166.6 157.929
-0.747475 23168.2 159.801
-0.757576 23169.9 161.665
-0.767677 23171.5 163.507
-0.777778 23173.2 165.341
-0.787879 23174.9 167.153
-0.79798 23176.6 168.958
-0.808081 23178.3 170.742
-0.818182 23180 172.521
-0.828283 23181.7 174.278
-0.838384 23183.5 176.031
-0.848485 23185.1 177.764
-0.858586 23186.8 179.493
-0.868687 23188.4 181.203
-0.878788 23190 182.91
-0.888889 23191.5 184.599
-0.89899 23193 186.286
-0.909091 23194.4 187.956
-0.919192 23195.7 189.624
-0.929293 23196.8 191.277
-0.939394 23197.9 192.929
-0.949495 23198.8 194.568
-0.959596 23199.7 196.206
-0.969697 23200.2 197.838
-0.979798 23200.8 199.471
-0.989899 23201 201.048
-1 23201.2 202.624
