0 22704 0.00223846
-0.010101 22233.9 -4.54567
-0.020202 22220.2 -9.10602
-0.030303 22205.9 -14.176
-0.040404 22191.5 -19.2504
-0.0505051 22177.4 -24.4339
-0.0606061 22163.4 -29.62
-0.0707071 22150.2 -34.8458
-0.0808081 22137.2 -40.0721
-0.0909091 22125.4 -45.3026
-0.10101 22113.8 -50.5319
-0.111111 22103.6 -55.7512
-0.121212 22093.6 -60.9684
-0.131313 22085.1 -66.1706
-0.141414 22076.8 -71.3699
-0.151515 22069.9 -76.5519
-0.161616 22063.3 -81.7302
-0.171717 22058 -86.8887
-0.181818 22052.9 -92.0423
-0.191919 22048.9 -97.1734
-0.20202 22045.2 -102.298
-0.212121 22042.5 -107.398
-0.222222 22040 -112.491
-0.232323 22038.3 -117.557
-0.242424 22036.8 -122.614
-0.252525 22035.9 -127.644
-0.262626 22035.3 -132.664
-0.272727 22035.1 -137.657
-0.282828 22035.1 -142.64
-0.292929 22035.5 -147.596
-0.30303 22035.9 -152.542
-0.313131 22036.7 -157.462
-0.323232 22037.6 -162.372
-0.333333 22038.6 -167.257
-0.343434 22039.7 -172.132
-0.353535 22041 -176.983
-0.363636 22042.3 -181.823
-0.373737 22043.6 -186.642
-0.383838 22045 -191.449
-0.393939 22046.5 -196.235
-0.40404 22047.9 -201.008
-0.414141 22049.4 -205.763
-0.424242 22050.8 -210.503
-0.434343 22052.3 -215.225
-0.444444 22053.8 -219.932
-0.454545 22055.2 -224.621
-0.464646 22056.6 -229.294
-0.474747 22058 -233.949
-0.484848 22059.4 -238.587
-0.494949 22060.8 -243.206
-0.505051 22062.2 -247.808
-0.515152 22063.6 -252.391
-0.525253 22064.9 -256.954
-0.535354 22066.3 -261.498
-0.545455 22067.6 -266.02
-0.555556 22068.9 -270.524
-0.565657 22070.2 -275.003
-0.575758 22071.5 -279.464
-0.585859 22072.9 -283.898
-0.59596 22074.2 -288.313
-0.606061 22075.5 -292.699
-0.616162 22076.8 -297.065
-0.626263 22078.2 -301.399
-0.636364 22079.5 -305.714
-0.646465 22080.9 -309.993
-0.656566 22082.3 -314.252
-0.666667 22083.6 -318.473
-0.676768 22085 -322.674
-0.686869 22086.5 -326.832
-0.69697 22087.9 -330.97
-0.707071 22089.3 -335.061
-0.717172 22090.8 -339.132
-0.727273 22092.3 -343.152
-0.737374 22093.8 -347.151
-0.747475 22095.3 -351.094
-0.757576 22096.8 -355.017
-0.767677 22098.3 -358.879
-0.777778 22099.8 -362.72
-0.787879 22101.3 -366.495
-0.79798 22102.8 -370.25
-0.808081 22104.2 -373.931
-0.818182 22105.7 -377.594
-0.828283 22107.1 -381.178
-0.838384 22108.6 -384.744
-0.848485 22109.9 -388.224
-0.858586 22111.3 -391.688
-0.868687 22112.5 -395.059
-0.878788 22113.8 -398.416
-0.888889 22114.9 -401.675
-0.89899 22116 -404.921
-0.909091 22117 -408.064
-0.919192 22117.9 -411.196
-0.929293 22118.7 -414.221
-0.939394 22119.4 -417.237
-0.949495 22120 -420.144
-0.959596 22120.5 -423.045
-0.969697 22120.9 -425.839
-0.979798 22121.2 -428.629
-0.989899 22121.3 -431.363
-1 22121.4 -434.095
