0 20068.3 0.00226152
-0.010101 19238 -7.69688
-0.020202 19230.9 -15.4127
-0.030303 19221.5 -23.8466
-0.040404 19212.1 -32.2869
-0.0505051 19201.7 -40.88
-0.0606061 19191.2 -49.4789
-0.0707071 19180.5 -58.1672
-0.0808081 19169.8 -66.8592
-0.0909091 19159.6 -75.5951
-0.10101 19149.4 -84.3331
-0.111111 19140 -93.0894
-0.121212 19130.7 -101.846
-0.131313 19122.4 -110.608
-0.141414 19114.3 -119.37
-0.151515 19107.3 -128.128
-0.161616 19100.4 -136.884
-0.171717 19094.6 -145.63
-0.181818 19089.1 -154.372
-0.191919 19084.5 -163.097
-0.20202 19080.1 -171.817
-0.212121 19076.7 -180.515
-0.222222 19073.4 -189.205
-0.232323 19071 -197.868
-0.242424 19068.7 -206.522
-0.252525 19067.1 -215.145
-0.262626 19065.7 -223.757
-0.272727 19064.8 -232.337
-0.282828 19064.1 -240.903
-0.292929 19063.8 -249.436
-0.30303 19063.7 -257.954
-0.313131 19063.9 -266.438
-0.323232 19064.2 -274.906
-0.333333 19064.7 -283.34
-0.343434 19065.3 -291.756
-0.353535 19066.1 -300.139
-0.363636 19067 -308.503
-0.373737 19068 -316.833
-0.383838 19069.1 -325.143
-0.393939 19070.2 -333.42
-0.40404 19071.4 -341.675
-0.414141 19072.6 -349.896
-0.424242 19073.8 -358.094
-0.434343 19075.1 -366.259
-0.444444 19076.3 -374.399
-0.454545 19077.6 -382.505
-0.464646 19078.9 -390.583
-0.474747 19080.1 -398.628
-0.484848 19081.4 -406.642
-0.494949 19082.7 -414.623
-0.505051 19083.9 -422.571
-0.515152 19085.2 -430.485
-0.525253 19086.4 -438.362
-0.535354 19087.6 -446.206
-0.545455 19088.8 -454.009
-0.555556 19090.1 -461.779
-0.565657 19091.3 -469.504
-0.575758 19092.5 -477.195
-0.585859 19093.7 -484.838
-0.59596 19094.9 -492.447
-0.606061 19096.1 -500.003
-0.616162 19097.3 -507.524
-0.626263 19098.5 -514.988
-0.636364 19099.7 -522.418
-0.646465 19101 -529.784
-0.656566 19102.2 -537.116
-0.666667 19103.4 -544.38
-0.676768 19104.7 -551.608
-0.686869 19105.9 -558.763
-0.69697 19107.2 -565.882
-0.707071 19108.4 -572.921
-0.717172 19109.7 -579.926
-0.727273 19111 -586.843
-0.737374 19112.2 -593.726
-0.747475 19113.5 -600.514
-0.757576 19114.8 -607.269
-0.767677 19116 -613.921
-0.777778 19117.3 -620.54
-0.787879 19118.5 -627.049
-0.79798 19119.7 -633.526
-0.808081 19120.9 -639.884
-0.818182 19122.1 -646.212
-0.828283 19123.2 -652.413
-0.838384 19124.3 -658.585
-0.848485 19125.3 -664.622
-0.858586 19126.3 -670.632
-0.868687 19127.3 -676.498
-0.878788 19128.2 -682.34
-0.888889 19129 -688.031
-0.89899 19129.7 -693.701
-0.909091 19130.4 -699.212
-0.919192 19131 -704.705
-0.929293 19131.5 -710.035
-0.939394 19132 -715.35
-0.949495 19132.3 -720.501
-0.959596 19132.6 -725.641
-0.969697 19132.7 -730.624
-0.979798 19132.9 -735.6
-0.989899 19132.9 -740.463
-1 19133 -745.324
