0 -6295.88 -0.000754661
-0.010101 -7691.55 -12.2827
-0.020202 -7669.55 -24.581
-0.030303 -7653.37 -37.7223
-0.040404 -7637.39 -50.8709
-0.0505051 -7626.22 -64.1967
-0.0606061 -7615.29 -77.5346
-0.0707071 -7608.2 -91.0605
-0.0808081 -7601.37 -104.599
-0.0909091 -7597.52 -118.284
-0.10101 -7593.91 -131.98
-0.111111 -7592.52 -145.779
-0.121212 -7591.35 -159.588
-0.131313 -7591.77 -173.468
-0.141414 -7592.37 -187.356
-0.151515 -7594.05 -201.293
-0.161616 -7595.86 -215.235
-0.171717 -7598.34 -229.21
-0.181818 -7600.9 -243.188
-0.191919 -7603.82 -257.184
-0.20202 -7606.78 -271.182
-0.212121 -7609.87 -285.185
-0.222222 -7612.96 -299.188
-0.232323 -7616.03 -313.185
-0.242424 -7619.06 -327.178
-0.252525 -7621.95 -341.155
-0.262626 -7624.79 -355.125
-0.272727 -7627.43 -369.071
-0.282828 -7629.99 -383.005
-0.292929 -7632.33 -396.908
-0.30303 -7634.58 -410.795
-0.313131 -7636.6 -424.646
-0.323232 -7638.52 -438.477
-0.333333 -7640.22 -452.266
-0.343434 -7641.83 -466.031
-0.353535 -7643.24 -479.751
-0.363636 -7644.55 -493.444
-0.373737 -7645.69 -507.087
-0.383838 -7646.74 -520.699
-0.393939 -7647.65 -534.26
-0.40404 -7648.47 -547.786
-0.414141 -7649.19 -561.258
-0.424242 -7649.83 -574.69
-0.434343 -7650.38 -588.068
-0.444444 -7650.88 -601.402
-0.454545 -7651.3 -614.68
-0.464646 -7651.68 -627.909
-0.474747 -7652.02 -641.082
-0.484848 -7652.31 -654.2
-0.494949 -7652.58 -667.262
-0.505051 -7652.82 -680.264
-0.515152 -7653.04 -693.208
-0.525253 -7653.25 -706.088
-0.535354 -7653.45 -718.909
-0.545455 -7653.64 -731.66
-0.555556 -7653.83 -744.351
-0.565657 -7654.03 -756.967
-0.575758 -7654.23 -769.522
-0.585859 -7654.44 -781.996
-0.59596 -7654.65 -794.409
-0.606061 -7654.89 -806.732
-0.616162 -7655.13 -818.996
-0.626263 -7655.4 -831.162
-0.636364 -7655.69 -843.269
-0.646465 -7656 -855.271
-0.656566 -7656.33 -867.214
-0.666667 -7656.69 -879.044
-0.676768 -7657.07 -890.815
-0.686869 -7657.49 -902.464
-0.69697 -7657.92 -914.056
-0.707071 -7658.41 -925.516
-0.717172 -7658.91 -936.921
-0.727273 -7659.46 -948.185
-0.737374 -7660.03 -959.394
-0.747475 -7660.65 -970.453
-0.757576 -7661.29 -981.46
-0.767677 -7662 -992.307
-0.777778 -7662.72 -1003.1
-0.787879 -7663.5 -1013.73
-0.79798 -7664.3 -1024.31
-0.808081 -7665.16 -1034.71
-0.818182 -7666.03 -1045.07
-0.828283 -7666.97 -1055.23
-0.838384 -7667.91 -1065.36
-0.848485 -7668.91 -1075.29
-0.858586 -7669.91 -1085.18
-0.868687 -7670.95 -1094.86
-0.878788 -7672 -1104.51
-0.888889 -7673.05 -1113.94
-0.89899 -7674.11 -1123.35
-0.909091 -7675.14 -1132.53
-0.919192 -7676.17 -1141.69
-0.929293 -7677.12 -1150.62
-0.939394 -7678.07 -1159.54
-0.949495 -7678.88 -1168.23
-0.959596 -7679.68 -1176.9
-0.969697 -7680.25 -1185.37
-0.979798 -7680.81 -1193.84
-0.989899 -7681.03 -1202.08
-1 -7681.24 -1210.32
