0 -12926.8 -0.00159859
-0.010101 -11663.3 11.4247
-0.020202 -11667.4 22.8714
-0.030303 -11667.2 35.2507
-0.040404 -11666.9 47.6382
-0.0505051 -11663.6 60.2231
-0.0606061 -11660.2 72.8178
-0.0707071 -11655 85.5651
-0.0808081 -11649.6 98.321
-0.0909091 -11643.3 111.175
-0.10101 -11636.9 124.036
-0.111111 -11630.2 136.957
-0.121212 -11623.5 149.882
-0.131313 -11616.8 162.843
-0.141414 -11610.2 175.806
-0.151515 -11603.9 188.789
-0.161616 -11597.8 201.772
-0.171717 -11592.2 214.761
-0.181818 -11586.7 227.749
-0.191919 -11581.8 240.732
-0.20202 -11577.1 253.711
-0.212121 -11573 266.675
-0.222222 -11569.1 279.633
-0.232323 -11565.9 292.567
-0.242424 -11562.8 305.492
-0.252525 -11560.2 318.387
-0.262626 -11557.9 331.269
-0.272727 -11556 344.115
-0.282828 -11554.3 356.946
-0.292929 -11553.1 369.737
-0.30303 -11552 382.509
-0.313131 -11551.2 395.238
-0.323232 -11550.6 407.947
-0.333333 -11550.3 420.61
-0.343434 -11550.1 433.249
-0.353535 -11550.1 445.841
-0.363636 -11550.2 458.407
-0.373737 -11550.5 470.925
-0.383838 -11550.9 483.413
-0.393939 -11551.4 495.853
-0.40404 -11551.9 508.259
-0.414141 -11552.5 520.617
-0.424242 -11553.2 532.938
-0.434343 -11553.9 545.21
-0.444444 -11554.7 557.442
-0.454545 -11555.5 569.624
-0.464646 -11556.3 581.762
-0.474747 -11557.2 593.849
-0.484848 -11558 605.889
-0.494949 -11558.9 617.877
-0.505051 -11559.8 629.813
-0.515152 -11560.7 641.697
-0.525253 -11561.5 653.524
-0.535354 -11562.4 665.299
-0.545455 -11563.3 677.012
-0.555556 -11564.2 688.672
-0.565657 -11565 700.264
-0.575758 -11565.9 711.803
-0.585859 -11566.7 723.268
-0.59596 -11567.6 734.679
-0.606061 -11568.4 746.011
-0.616162 -11569.3 757.288
-0.626263 -11570.1 768.478
-0.636364 -11570.9 779.615
-0.646465 -11571.7 790.656
-0.656566 -11572.5 801.644
-0.666667 -11573.4 812.529
-0.676768 -11574.2 823.361
-0.686869 -11574.9 834.081
-0.69697 -11575.7 844.748
-0.707071 -11576.5 855.295
-0.717172 -11577.3 865.79
-0.727273 -11578 876.155
-0.737374 -11578.8 886.47
-0.747475 -11579.5 896.643
-0.757576 -11580.2 906.768
-0.767677 -11580.9 916.742
-0.777778 -11581.5 926.669
-0.787879 -11582.1 936.434
-0.79798 -11582.7 946.153
-0.808081 -11583.3 955.701
-0.818182 -11583.8 965.206
-0.828283 -11584.3 974.527
-0.838384 -11584.7 983.809
-0.848485 -11585.1 992.896
-0.858586 -11585.5 1001.95
-0.868687 -11585.7 1010.79
-0.878788 -11586 1019.61
-0.888889 -11586.1 1028.21
-0.89899 -11586.3 1036.78
-0.909091 -11586.3 1045.13
-0.919192 -11586.3 1053.45
-0.929293 -11586.3 1061.55
-0.939394 -11586.3 1069.63
-0.949495 -11586.1 1077.48
-0.959596 -11586 1085.32
-0.969697 -11585.9 1092.94
-0.979798 -11585.8 1100.55
-0.989899 -11585.7 1107.98
-1 -11585.6 1115.41
