0 2294.07 0.000298658
-0.010101 828.37 -13.0449
-0.020202 843.921 -26.11
-0.030303 853.805 -40.1414
-0.040404 863.506 -54.1812
-0.0505051 868.836 -68.4248
-0.0606061 873.958 -82.6806
-0.0707071 875.829 -97.1254
-0.0808081 877.499 -111.582
-0.0909091 876.855 -126.176
-0.10101 876.039 -140.78
-0.111111 873.671 -155.477
-0.121212 871.173 -170.181
-0.131313 867.724 -184.947
-0.141414 864.193 -199.719
-0.151515 860.167 -214.529
-0.161616 856.11 -229.344
-0.171717 851.891 -244.181
-0.181818 847.688 -259.021
-0.191919 843.555 -273.868
-0.20202 839.477 -288.715
-0.212121 835.621 -303.559
-0.222222 831.852 -318.399
-0.232323 828.393 -333.224
-0.242424 825.044 -348.042
-0.252525 822.046 -362.836
-0.262626 819.172 -377.619
-0.272727 816.655 -392.371
-0.282828 814.27 -407.108
-0.292929 812.224 -421.806
-0.30303 810.311 -436.486
-0.313131 808.707 -451.123
-0.323232 807.23 -465.738
-0.333333 806.022 -480.305
-0.343434 804.933 -494.846
-0.353535 804.071 -509.337
-0.363636 803.315 -523.798
-0.373737 802.747 -538.205
-0.383838 802.27 -552.58
-0.393939 801.942 -566.899
-0.40404 801.691 -581.181
-0.414141 801.555 -595.407
-0.424242 801.481 -609.591
-0.434343 801.494 -623.717
-0.444444 801.555 -637.797
-0.454545 801.677 -651.818
-0.464646 801.836 -665.789
-0.474747 802.037 -679.7
-0.484848 802.263 -693.555
-0.494949 802.515 -707.351
-0.505051 802.783 -721.085
-0.515152 803.066 -734.758
-0.525253 803.356 -748.364
-0.535354 803.652 -761.909
-0.545455 803.949 -775.381
-0.555556 804.246 -788.791
-0.565657 804.538 -802.122
-0.575758 804.825 -815.39
-0.585859 805.103 -828.572
-0.59596 805.374 -841.692
-0.606061 805.631 -854.718
-0.616162 805.879 -867.681
-0.626263 806.11 -880.542
-0.636364 806.33 -893.341
-0.646465 806.529 -906.03
-0.656566 806.716 -918.657
-0.666667 806.879 -931.164
-0.676768 807.028 -943.61
-0.686869 807.149 -955.927
-0.69697 807.255 -968.184
-0.707071 807.328 -980.302
-0.717172 807.385 -992.361
-0.727273 807.403 -1004.27
-0.737374 807.406 -1016.12
-0.747475 807.362 -1027.81
-0.757576 807.303 -1039.45
-0.767677 807.19 -1050.92
-0.777778 807.061 -1062.33
-0.787879 806.873 -1073.56
-0.79798 806.668 -1084.74
-0.808081 806.398 -1095.72
-0.818182 806.112 -1106.66
-0.828283 805.758 -1117.39
-0.838384 805.389 -1128.08
-0.848485 804.951 -1138.56
-0.858586 804.5 -1148.99
-0.868687 803.985 -1159.2
-0.878788 803.459 -1169.37
-0.888889 802.882 -1179.31
-0.89899 802.298 -1189.21
-0.909091 801.685 -1198.87
-0.919192 801.068 -1208.51
-0.929293 800.457 -1217.89
-0.939394 799.847 -1227.26
-0.949495 799.296 -1236.38
-0.959596 798.748 -1245.48
-0.969697 798.333 -1254.35
-0.979798 797.922 -1263.22
-0.989899 797.757 -1271.86
-1 797.597 -1280.5
