0 23613 0.00194373
-0.010101 23605.6 -0.450002
-0.020202 23585.7 -0.908252
-0.030303 23566.9 -1.58722
-0.040404 23548.2 -2.26826
-0.0505051 23531.3 -2.99912
-0.0606061 23514.5 -3.72872
-0.0707071 23499.7 -4.43869
-0.0808081 23485.1 -5.14515
-0.0909091 23472.7 -5.81118
-0.10101 23460.5 -6.4727
-0.111111 23450.4 -7.09349
-0.121212 23440.5 -7.70945
-0.131313 23432.5 -8.28991
-0.141414 23424.8 -8.86537
-0.151515 23418.8 -9.41005
-0.161616 23413.1 -9.94942
-0.171717 23408.8 -10.4608
-0.181818 23404.7 -10.9665
-0.191919 23401.9 -11.4457
-0.20202 23399.3 -11.9187
-0.212121 23397.7 -12.3666
-0.222222 23396.3 -12.8079
-0.232323 23395.6 -13.2258
-0.242424 23395.2 -13.637
-0.252525 23395.3 -14.027
-0.262626 23395.6 -14.4106
-0.272727 23396.2 -14.7757
-0.282828 23397 -15.1349
-0.292929 23398.1 -15.4788
-0.30303 23399.3 -15.8173
-0.313131 23400.7 -16.1435
-0.323232 23402.1 -16.4653
-0.333333 23403.6 -16.7775
-0.343434 23405.2 -17.0862
-0.353535 23406.8 -17.3879
-0.363636 23408.5 -17.6868
-0.373737 23410.1 -17.9809
-0.383838 23411.8 -18.2731
-0.393939 23413.4 -18.5622
-0.40404 23415.1 -18.85
-0.414141 23416.7 -19.136
-0.424242 23418.3 -19.4214
-0.434343 23419.9 -19.7061
-0.444444 23421.4 -19.9906
-0.454545 23422.9 -20.2751
-0.464646 23424.4 -20.5599
-0.474747 23425.8 -20.8451
-0.484848 23427.3 -21.1309
-0.494949 23428.7 -21.4174
-0.505051 23430.1 -21.7048
-0.515152 23431.4 -21.993
-0.525253 23432.8 -22.2821
-0.535354 23434.1 -22.572
-0.545455 23435.4 -22.863
-0.555556 23436.7 -23.1547
-0.565657 23438.1 -23.4472
-0.575758 23439.4 -23.7405
-0.585859 23440.7 -24.0344
-0.59596 23442 -24.3287
-0.606061 23443.3 -24.6235
-0.616162 23444.7 -24.9185
-0.626263 23446 -25.2134
-0.636364 23447.4 -25.5084
-0.646465 23448.8 -25.8027
-0.656566 23450.2 -26.0966
-0.666667 23451.6 -26.3892
-0.676768 23453.1 -26.6811
-0.686869 23454.6 -26.9707
-0.69697 23456 -27.2592
-0.707071 23457.6 -27.5442
-0.717172 23459.1 -27.8277
-0.727273 23460.7 -28.1062
-0.737374 23462.3 -28.3828
-0.747475 23463.9 -28.6528
-0.757576 23465.5 -28.9204
-0.767677 23467.2 -29.1792
-0.777778 23468.8 -29.4353
-0.787879 23470.5 -29.6803
-0.79798 23472.2 -29.9221
-0.808081 23473.8 -30.1502
-0.818182 23475.5 -30.3749
-0.828283 23477.2 -30.5831
-0.838384 23478.8 -30.7876
-0.848485 23480.4 -30.9726
-0.858586 23482 -31.1539
-0.868687 23483.5 -31.3127
-0.878788 23485.1 -31.4679
-0.888889 23486.5 -31.5978
-0.89899 23487.8 -31.7242
-0.909091 23489.1 -31.8228
-0.919192 23490.3 -31.9182
-0.929293 23491.3 -31.9834
-0.939394 23492.4 -32.046
-0.949495 23493.1 -32.0761
-0.959596 23493.9 -32.1041
-0.969697 23494.4 -32.0956
-0.979798 23494.9 -32.0855
-0.989899 23495 -32.091
-1 23495.2 -32.0968
