0 22704 0.00223838
-0.010101 22233.9 -4.53863
-0.020202 22220.3 -9.09199
-0.030303 22205.9 -14.1576
-0.040404 22191.6 -19.2279
-0.0505051 22177.5 -24.4106
-0.0606061 22163.5 -29.5959
-0.0707071 22150.4 -34.8241
-0.0808081 22137.4 -40.0529
-0.0909091 22125.6 -45.2886
-0.10101 22114 -50.5234
-0.111111 22103.8 -55.7504
-0.121212 22093.8 -60.9757
-0.131313 22085.3 -66.1877
-0.141414 22077.1 -71.3972
-0.151515 22070.2 -76.5909
-0.161616 22063.6 -81.7811
-0.171717 22058.3 -86.9527
-0.181818 22053.2 -92.1195
-0.191919 22049.2 -97.2648
-0.20202 22045.6 -102.404
-0.212121 22042.8 -107.519
-0.222222 22040.3 -112.626
-0.232323 22038.6 -117.708
-0.242424 22037.2 -122.78
-0.252525 22036.3 -127.825
-0.262626 22035.7 -132.861
-0.272727 22035.5 -137.87
-0.282828 22035.5 -142.868
-0.292929 22035.9 -147.84
-0.30303 22036.3 -152.801
-0.313131 22037.1 -157.737
-0.323232 22038 -162.661
-0.333333 22039 -167.561
-0.343434 22040.1 -172.45
-0.353535 22041.4 -177.316
-0.363636 22042.7 -182.171
-0.373737 22044 -187.003
-0.383838 22045.4 -191.824
-0.393939 22046.9 -196.624
-0.40404 22048.3 -201.41
-0.414141 22049.8 -206.178
-0.424242 22051.2 -210.931
-0.434343 22052.7 -215.665
-0.444444 22054.1 -220.385
-0.454545 22055.6 -225.086
-0.464646 22057 -229.77
-0.474747 22058.4 -234.437
-0.484848 22059.8 -239.086
-0.494949 22061.2 -243.717
-0.505051 22062.5 -248.329
-0.515152 22063.9 -252.922
-0.525253 22065.2 -257.495
-0.535354 22066.5 -262.049
-0.545455 22067.9 -266.58
-0.555556 22069.2 -271.093
-0.565657 22070.5 -275.581
-0.575758 22071.8 -280.05
-0.585859 22073.1 -284.492
-0.59596 22074.4 -288.915
-0.606061 22075.7 -293.308
-0.616162 22077 -297.681
-0.626263 22078.3 -302.022
-0.636364 22079.7 -306.343
-0.646465 22081 -310.627
-0.656566 22082.4 -314.892
-0.666667 22083.8 -319.118
-0.676768 22085.1 -323.323
-0.686869 22086.6 -327.485
-0.69697 22088 -331.627
-0.707071 22089.4 -335.722
-0.717172 22090.9 -339.796
-0.727273 22092.3 -343.818
-0.737374 22093.8 -347.819
-0.747475 22095.3 -351.764
-0.757576 22096.8 -355.688
-0.767677 22098.3 -359.551
-0.777778 22099.7 -363.393
-0.787879 22101.2 -367.167
-0.79798 22102.7 -370.922
-0.808081 22104.2 -374.603
-0.818182 22105.7 -378.265
-0.828283 22107.1 -381.848
-0.838384 22108.5 -385.412
-0.848485 22109.8 -388.89
-0.858586 22111.2 -392.352
-0.868687 22112.4 -395.721
-0.878788 22113.7 -399.076
-0.888889 22114.8 -402.332
-0.89899 22115.9 -405.575
-0.909091 22116.8 -408.715
-0.919192 22117.8 -411.843
-0.929293 22118.5 -414.865
-0.939394 22119.3 -417.877
-0.949495 22119.8 -420.781
-0.959596 22120.4 -423.678
-0.969697 22120.7 -426.468
-0.979798 22121 -429.254
-0.989899 22121.1 -431.985
-1 22121.2 -434.715
