0 6546.21 0.000819174
-0.010101 5119.1 -12.7718
-0.020202 5130.58 -25.5651
-0.030303 5136.76 -39.3385
-0.040404 5142.78 -53.1205
-0.0505051 5144.87 -67.1096
-0.0606061 5146.78 -81.1102
-0.0707071 5145.9 -95.2908
-0.0808081 5144.86 -109.482
-0.0909091 5141.96 -123.8
-0.10101 5138.94 -138.126
-0.111111 5134.78 -152.535
-0.121212 5130.55 -166.951
-0.131313 5125.73 -181.419
-0.141414 5120.89 -195.892
-0.151515 5115.87 -210.398
-0.161616 5110.88 -224.906
-0.171717 5105.99 -239.431
-0.181818 5101.16 -253.957
-0.191919 5096.62 -268.487
-0.20202 5092.18 -283.014
-0.212121 5088.14 -297.534
-0.222222 5084.21 -312.048
-0.232323 5080.73 -326.544
-0.242424 5077.39 -341.032
-0.252525 5074.49 -355.493
-0.262626 5071.74 -369.941
-0.272727 5069.41 -384.356
-0.282828 5067.24 -398.755
-0.292929 5065.45 -413.115
-0.30303 5063.8 -427.455
-0.313131 5062.49 -441.751
-0.323232 5061.31 -456.025
-0.333333 5060.42 -470.251
-0.343434 5059.65 -484.45
-0.353535 5059.11 -498.6
-0.363636 5058.67 -512.72
-0.373737 5058.42 -526.788
-0.383838 5058.26 -540.822
-0.393939 5058.25 -554.803
-0.40404 5058.3 -568.747
-0.414141 5058.46 -582.636
-0.424242 5058.69 -596.484
-0.434343 5058.98 -610.276
-0.444444 5059.33 -624.024
-0.454545 5059.72 -637.714
-0.464646 5060.15 -651.355
-0.474747 5060.61 -664.938
-0.484848 5061.09 -678.467
-0.494949 5061.59 -691.938
-0.505051 5062.11 -705.349
-0.515152 5062.63 -718.702
-0.525253 5063.16 -731.989
-0.535354 5063.69 -745.217
-0.545455 5064.22 -758.374
-0.555556 5064.75 -771.472
-0.565657 5065.28 -784.492
-0.575758 5065.8 -797.451
-0.585859 5066.31 -810.327
-0.59596 5066.82 -823.142
-0.606061 5067.31 -835.866
-0.616162 5067.8 -848.53
-0.626263 5068.27 -861.094
-0.636364 5068.74 -873.597
-0.646465 5069.18 -885.994
-0.656566 5069.62 -898.329
-0.666667 5070.05 -910.549
-0.676768 5070.46 -922.709
-0.686869 5070.84 -934.743
-0.69697 5071.22 -946.718
-0.707071 5071.57 -958.557
-0.717172 5071.91 -970.339
-0.727273 5072.22 -981.975
-0.737374 5072.51 -993.554
-0.747475 5072.77 -1004.98
-0.757576 5073.01 -1016.34
-0.767677 5073.2 -1027.54
-0.777778 5073.38 -1038.69
-0.787879 5073.5 -1049.66
-0.79798 5073.61 -1060.58
-0.808081 5073.65 -1071.31
-0.818182 5073.68 -1081.99
-0.828283 5073.64 -1092.47
-0.838384 5073.58 -1102.9
-0.848485 5073.45 -1113.12
-0.858586 5073.3 -1123.3
-0.868687 5073.08 -1133.26
-0.878788 5072.85 -1143.19
-0.888889 5072.54 -1152.88
-0.89899 5072.23 -1162.53
-0.909091 5071.86 -1171.95
-0.919192 5071.48 -1181.34
-0.929293 5071.08 -1190.48
-0.939394 5070.67 -1199.6
-0.949495 5070.28 -1208.48
-0.959596 5069.88 -1217.34
-0.969697 5069.57 -1225.97
-0.979798 5069.26 -1234.59
-0.989899 5069.13 -1243
-1 5069 -1251.4
