0 5498.29 0.000637046
-0.010101 4056.97 -12.8765
-0.020202 4069.51 -25.774
-0.030303 4076.66 -39.6527
-0.040404 4083.63 -53.54
-0.0505051 4086.54 -67.636
-0.0606061 4089.28 -81.7438
-0.0707071 4089.09 -96.0362
-0.0808081 4088.74 -110.34
-0.0909091 4086.41 -124.774
-0.10101 4083.93 -139.218
-0.111111 4080.22 -153.748
-0.121212 4076.42 -168.286
-0.131313 4071.94 -182.879
-0.141414 4067.41 -197.478
-0.151515 4062.64 -212.112
-0.161616 4057.87 -226.749
-0.171717 4053.14 -241.406
-0.181818 4048.46 -256.063
-0.191919 4044.01 -270.726
-0.20202 4039.65 -285.387
-0.212121 4035.65 -300.042
-0.222222 4031.76 -314.693
-0.232323 4028.27 -329.326
-0.242424 4024.92 -343.951
-0.252525 4021.99 -358.55
-0.262626 4019.21 -373.138
-0.272727 4016.83 -387.692
-0.282828 4014.6 -402.23
-0.292929 4012.74 -416.73
-0.30303 4011.02 -431.21
-0.313131 4009.64 -445.646
-0.323232 4008.38 -460.059
-0.333333 4007.41 -474.425
-0.343434 4006.56 -488.764
-0.353535 4005.94 -503.053
-0.363636 4005.42 -517.312
-0.373737 4005.09 -531.518
-0.383838 4004.85 -545.691
-0.393939 4004.75 -559.809
-0.40404 4004.73 -573.891
-0.414141 4004.82 -587.916
-0.424242 4004.97 -601.901
-0.434343 4005.19 -615.828
-0.444444 4005.47 -629.71
-0.454545 4005.79 -643.534
-0.464646 4006.15 -657.309
-0.474747 4006.55 -671.025
-0.484848 4006.96 -684.686
-0.494949 4007.4 -698.287
-0.505051 4007.85 -711.829
-0.515152 4008.32 -725.311
-0.525253 4008.78 -738.727
-0.535354 4009.25 -752.083
-0.545455 4009.73 -765.367
-0.555556 4010.2 -778.591
-0.565657 4010.66 -791.736
-0.575758 4011.12 -804.821
-0.585859 4011.57 -817.82
-0.59596 4012.01 -830.758
-0.606061 4012.45 -843.603
-0.616162 4012.87 -856.388
-0.626263 4013.28 -869.071
-0.636364 4013.68 -881.694
-0.646465 4014.06 -894.208
-0.656566 4014.44 -906.661
-0.666667 4014.79 -918.996
-0.676768 4015.13 -931.271
-0.686869 4015.45 -943.419
-0.69697 4015.76 -955.507
-0.707071 4016.03 -967.459
-0.717172 4016.3 -979.352
-0.727273 4016.53 -991.097
-0.737374 4016.75 -1002.79
-0.747475 4016.92 -1014.32
-0.757576 4017.08 -1025.79
-0.767677 4017.2 -1037.1
-0.777778 4017.29 -1048.35
-0.787879 4017.34 -1059.42
-0.79798 4017.36 -1070.44
-0.808081 4017.32 -1081.27
-0.818182 4017.27 -1092.06
-0.828283 4017.15 -1102.63
-0.838384 4017.01 -1113.17
-0.848485 4016.79 -1123.49
-0.858586 4016.57 -1133.77
-0.868687 4016.27 -1143.83
-0.878788 4015.96 -1153.85
-0.888889 4015.58 -1163.63
-0.89899 4015.2 -1173.39
-0.909091 4014.76 -1182.9
-0.919192 4014.32 -1192.38
-0.929293 4013.86 -1201.62
-0.939394 4013.4 -1210.83
-0.949495 4012.97 -1219.8
-0.959596 4012.53 -1228.75
-0.969697 4012.19 -1237.47
-0.979798 4011.85 -1246.19
-0.989899 4011.71 -1254.68
-1 4011.58 -1263.18
