0 15922.5 0.00188057
-0.010101 14794.7 -10.2701
-0.020202 14794.6 -20.5615
-0.030303 14790.9 -31.7253
-0.040404 14787.1 -42.8969
-0.0505051 14781 -54.2534
-0.0606061 14774.9 -65.6184
-0.0707071 14767.5 -77.1155
-0.0808081 14760 -88.6196
-0.0909091 14752 -100.204
-0.10101 14744.1 -111.793
-0.111111 14736.2 -123.427
-0.121212 14728.4 -135.065
-0.131313 14720.9 -146.728
-0.141414 14713.6 -158.392
-0.151515 14706.9 -170.066
-0.161616 14700.3 -181.741
-0.171717 14694.5 -193.416
-0.181818 14688.9 -205.088
-0.191919 14684 -216.751
-0.20202 14679.3 -228.41
-0.212121 14675.4 -240.051
-0.222222 14671.7 -251.684
-0.232323 14668.6 -263.292
-0.242424 14665.8 -274.891
-0.252525 14663.5 -286.458
-0.262626 14661.5 -298.014
-0.272727 14660 -309.534
-0.282828 14658.6 -321.038
-0.292929 14657.7 -332.505
-0.30303 14656.9 -343.954
-0.313131 14656.5 -355.363
-0.323232 14656.2 -366.751
-0.333333 14656.2 -378.098
-0.343434 14656.3 -389.423
-0.353535 14656.7 -400.705
-0.363636 14657.1 -411.963
-0.373737 14657.6 -423.177
-0.383838 14658.3 -434.364
-0.393939 14659 -445.508
-0.40404 14659.8 -456.622
-0.414141 14660.7 -467.692
-0.424242 14661.6 -478.73
-0.434343 14662.5 -489.723
-0.444444 14663.5 -500.68
-0.454545 14664.5 -511.593
-0.464646 14665.5 -522.468
-0.474747 14666.5 -533.297
-0.484848 14667.6 -544.084
-0.494949 14668.6 -554.825
-0.505051 14669.6 -565.519
-0.515152 14670.7 -576.168
-0.525253 14671.7 -586.766
-0.535354 14672.7 -597.318
-0.545455 14673.7 -607.815
-0.555556 14674.8 -618.264
-0.565657 14675.8 -628.654
-0.575758 14676.8 -638.996
-0.585859 14677.8 -649.272
-0.59596 14678.8 -659.501
-0.606061 14679.8 -669.658
-0.616162 14680.8 -679.768
-0.626263 14681.8 -689.799
-0.636364 14682.8 -699.783
-0.646465 14683.8 -709.682
-0.656566 14684.8 -719.533
-0.666667 14685.7 -729.293
-0.676768 14686.7 -739.005
-0.686869 14687.7 -748.616
-0.69697 14688.7 -758.181
-0.707071 14689.7 -767.638
-0.717172 14690.6 -777.048
-0.727273 14691.6 -786.341
-0.737374 14692.6 -795.589
-0.747475 14693.5 -804.711
-0.757576 14694.4 -813.788
-0.767677 14695.3 -822.729
-0.777778 14696.2 -831.627
-0.787879 14697.1 -840.38
-0.79798 14698 -849.091
-0.808081 14698.8 -857.647
-0.818182 14699.5 -866.163
-0.828283 14700.3 -874.513
-0.838384 14701 -882.827
-0.848485 14701.6 -890.965
-0.858586 14702.2 -899.069
-0.868687 14702.7 -906.987
-0.878788 14703.2 -914.875
-0.888889 14703.6 -922.568
-0.89899 14704 -930.234
-0.909091 14704.3 -937.698
-0.919192 14704.6 -945.139
-0.929293 14704.7 -952.371
-0.939394 14704.9 -959.586
-0.949495 14704.9 -966.591
-0.959596 14704.9 -973.583
-0.969697 14704.9 -980.379
-0.979798 14704.9 -987.166
-0.989899 14704.9 -993.792
-1 14704.8 -1000.41
