0 -19776.9 -0.00204232
-0.010101 -18919.1 7.93975
-0.020202 -18912.6 15.8983
-0.030303 -18903.6 24.5896
-0.040404 -18894.7 33.2873
-0.0505051 -18884.5 42.1403
-0.0606061 -18874.4 50.9992
-0.0707071 -18863.9 59.9507
-0.0808081 -18853.5 68.9062
-0.0909091 -18843.4 77.9082
-0.10101 -18833.4 86.9124
-0.111111 -18824.1 95.9368
-0.121212 -18814.9 104.962
-0.131313 -18806.7 113.993
-0.141414 -18798.6 123.024
-0.151515 -18791.6 132.053
-0.161616 -18784.7 141.079
-0.171717 -18778.9 150.096
-0.181818 -18773.3 159.108
-0.191919 -18768.7 168.105
-0.20202 -18764.3 177.096
-0.212121 -18760.8 186.064
-0.222222 -18757.5 195.025
-0.232323 -18755 203.959
-0.242424 -18752.6 212.883
-0.252525 -18751 221.777
-0.262626 -18749.5 230.659
-0.272727 -18748.6 239.508
-0.282828 -18747.8 248.343
-0.292929 -18747.5 257.144
-0.30303 -18747.3 265.931
-0.313131 -18747.4 274.682
-0.323232 -18747.6 283.417
-0.333333 -18748.1 292.116
-0.343434 -18748.7 300.798
-0.353535 -18749.5 309.446
-0.363636 -18750.3 318.073
-0.373737 -18751.3 326.666
-0.383838 -18752.3 335.239
-0.393939 -18753.4 343.777
-0.40404 -18754.6 352.292
-0.414141 -18755.7 360.773
-0.424242 -18756.9 369.229
-0.434343 -18758.2 377.652
-0.444444 -18759.4 386.048
-0.454545 -18760.7 394.409
-0.464646 -18761.9 402.742
-0.474747 -18763.2 411.04
-0.484848 -18764.4 419.307
-0.494949 -18765.7 427.539
-0.505051 -18766.9 435.737
-0.515152 -18768.1 443.9
-0.525253 -18769.4 452.025
-0.535354 -18770.6 460.114
-0.545455 -18771.8 468.163
-0.555556 -18773 476.176
-0.565657 -18774.2 484.144
-0.575758 -18775.4 492.076
-0.585859 -18776.6 499.959
-0.59596 -18777.8 507.806
-0.606061 -18778.9 515.599
-0.616162 -18780.1 523.356
-0.626263 -18781.3 531.053
-0.636364 -18782.5 538.715
-0.646465 -18783.7 546.312
-0.656566 -18785 553.873
-0.666667 -18786.2 561.363
-0.676768 -18787.4 568.818
-0.686869 -18788.6 576.196
-0.69697 -18789.9 583.538
-0.707071 -18791.1 590.797
-0.717172 -18792.3 598.02
-0.727273 -18793.6 605.153
-0.737374 -18794.8 612.251
-0.747475 -18796.1 619.251
-0.757576 -18797.3 626.216
-0.767677 -18798.5 633.076
-0.777778 -18799.8 639.902
-0.787879 -18801 646.614
-0.79798 -18802.1 653.294
-0.808081 -18803.3 659.852
-0.818182 -18804.4 666.378
-0.828283 -18805.5 672.773
-0.838384 -18806.6 679.14
-0.848485 -18807.6 685.366
-0.858586 -18808.6 691.565
-0.868687 -18809.5 697.617
-0.878788 -18810.4 703.644
-0.888889 -18811.1 709.515
-0.89899 -18811.9 715.364
-0.909091 -18812.5 721.051
-0.919192 -18813.1 726.719
-0.929293 -18813.5 732.22
-0.939394 -18814 737.706
-0.949495 -18814.3 743.022
-0.959596 -18814.5 748.328
-0.969697 -18814.7 753.472
-0.979798 -18814.8 758.61
-0.989899 -18814.9 763.631
-1 -18814.9 768.649
