0 16706.4 0.00180815
-0.010101 15622.7 -9.89045
-0.020202 15621.5 -19.8016
-0.030303 15616.8 -30.5638
-0.040404 15612.1 -41.3334
-0.0505051 15605.2 -52.2837
-0.0606061 15598.3 -63.2419
-0.0707071 15590.3 -74.3259
-0.0808081 15582.2 -85.4162
-0.0909091 15573.9 -96.581
-0.10101 15565.5 -107.75
-0.111111 15557.3 -118.961
-0.121212 15549.2 -130.174
-0.131313 15541.6 -141.409
-0.141414 15534.1 -152.645
-0.151515 15527.3 -163.89
-0.161616 15520.6 -175.134
-0.171717 15514.8 -186.377
-0.181818 15509.1 -197.617
-0.191919 15504.3 -208.847
-0.20202 15499.6 -220.071
-0.212121 15495.8 -231.277
-0.222222 15492.1 -242.476
-0.232323 15489.1 -253.649
-0.242424 15486.4 -264.813
-0.252525 15484.2 -275.945
-0.262626 15482.3 -287.066
-0.272727 15480.9 -298.151
-0.282828 15479.6 -309.221
-0.292929 15478.8 -320.254
-0.30303 15478.1 -331.27
-0.313131 15477.8 -342.246
-0.323232 15477.6 -353.203
-0.333333 15477.7 -364.119
-0.343434 15477.9 -375.014
-0.353535 15478.3 -385.867
-0.363636 15478.8 -396.697
-0.373737 15479.4 -407.484
-0.383838 15480.1 -418.246
-0.393939 15481 -428.965
-0.40404 15481.8 -439.657
-0.414141 15482.7 -450.305
-0.424242 15483.7 -460.923
-0.434343 15484.7 -471.498
-0.444444 15485.7 -482.039
-0.454545 15486.8 -492.537
-0.464646 15487.9 -502.998
-0.474747 15488.9 -513.415
-0.484848 15490 -523.792
-0.494949 15491.1 -534.125
-0.505051 15492.2 -544.413
-0.515152 15493.2 -554.658
-0.525253 15494.3 -564.854
-0.535354 15495.4 -575.005
-0.545455 15496.4 -585.103
-0.555556 15497.5 -595.157
-0.565657 15498.6 -605.152
-0.575758 15499.6 -615.103
-0.585859 15500.6 -624.99
-0.59596 15501.7 -634.831
-0.606061 15502.7 -644.604
-0.616162 15503.8 -654.331
-0.626263 15504.8 -663.983
-0.636364 15505.8 -673.59
-0.646465 15506.9 -683.114
-0.656566 15507.9 -692.593
-0.666667 15508.9 -701.984
-0.676768 15510 -711.329
-0.686869 15511 -720.577
-0.69697 15512 -729.781
-0.707071 15513.1 -738.88
-0.717172 15514.1 -747.935
-0.727273 15515.1 -756.877
-0.737374 15516.1 -765.775
-0.747475 15517.1 -774.552
-0.757576 15518.1 -783.286
-0.767677 15519.1 -791.889
-0.777778 15520.1 -800.45
-0.787879 15521 -808.871
-0.79798 15521.9 -817.252
-0.808081 15522.8 -825.482
-0.818182 15523.6 -833.675
-0.828283 15524.4 -841.708
-0.838384 15525.2 -849.705
-0.848485 15525.9 -857.531
-0.858586 15526.6 -865.326
-0.868687 15527.2 -872.94
-0.878788 15527.8 -880.525
-0.888889 15528.2 -887.921
-0.89899 15528.7 -895.292
-0.909091 15529 -902.466
-0.919192 15529.3 -909.618
-0.929293 15529.5 -916.568
-0.939394 15529.7 -923.501
-0.949495 15529.8 -930.231
-0.959596 15529.9 -936.948
-0.969697 15529.9 -943.474
-0.979798 15529.9 -949.992
-0.989899 15529.9 -956.357
-1 15529.9 -962.718
