0 -17815.8 -0.00210047
-0.010101 -16802.8 9.28231
-0.020202 -16799.7 18.5852
-0.030303 -16793.6 28.7036
-0.040404 -16787.4 38.8292
-0.0505051 -16779.4 49.1279
-0.0606061 -16771.4 59.434
-0.0707071 -16762.5 69.8554
-0.0808081 -16753.6 80.2825
-0.0909091 -16744.6 90.775
-0.10101 -16735.7 101.271
-0.111111 -16727.1 111.802
-0.121212 -16718.6 122.335
-0.131313 -16710.7 132.884
-0.141414 -16703 143.435
-0.151515 -16696.1 153.989
-0.161616 -16689.3 164.543
-0.171717 -16683.5 175.093
-0.181818 -16677.8 185.64
-0.191919 -16673 196.174
-0.20202 -16668.4 206.703
-0.212121 -16664.7 217.212
-0.222222 -16661.1 227.714
-0.232323 -16658.3 238.19
-0.242424 -16655.6 248.656
-0.252525 -16653.7 259.09
-0.262626 -16651.9 269.513
-0.272727 -16650.6 279.901
-0.282828 -16649.5 290.275
-0.292929 -16648.8 300.612
-0.30303 -16648.3 310.933
-0.313131 -16648.2 321.215
-0.323232 -16648.1 331.479
-0.333333 -16648.3 341.704
-0.343434 -16648.7 351.909
-0.353535 -16649.2 362.074
-0.363636 -16649.8 372.217
-0.373737 -16650.6 382.32
-0.383838 -16651.4 392.399
-0.393939 -16652.3 402.438
-0.40404 -16653.2 412.45
-0.414141 -16654.3 422.423
-0.424242 -16655.3 432.366
-0.434343 -16656.4 442.27
-0.444444 -16657.5 452.141
-0.454545 -16658.6 461.973
-0.464646 -16659.8 471.769
-0.474747 -16660.9 481.526
-0.484848 -16662 491.244
-0.494949 -16663.2 500.922
-0.505051 -16664.3 510.558
-0.515152 -16665.4 520.153
-0.525253 -16666.6 529.703
-0.535354 -16667.7 539.211
-0.545455 -16668.8 548.669
-0.555556 -16669.9 558.086
-0.565657 -16671 567.449
-0.575758 -16672.1 576.77
-0.585859 -16673.2 586.032
-0.59596 -16674.3 595.251
-0.606061 -16675.4 604.406
-0.616162 -16676.5 613.518
-0.626263 -16677.6 622.56
-0.636364 -16678.7 631.56
-0.646465 -16679.8 640.483
-0.656566 -16680.9 649.363
-0.666667 -16682 658.161
-0.676768 -16683.1 666.916
-0.686869 -16684.2 675.581
-0.69697 -16685.3 684.204
-0.707071 -16686.4 692.729
-0.717172 -16687.5 701.212
-0.727273 -16688.6 709.589
-0.737374 -16689.7 717.926
-0.747475 -16690.8 726.148
-0.757576 -16691.9 734.33
-0.767677 -16692.9 742.388
-0.777778 -16694 750.408
-0.787879 -16695 758.295
-0.79798 -16696 766.145
-0.808081 -16697 773.854
-0.818182 -16698 781.526
-0.828283 -16698.9 789.047
-0.838384 -16699.7 796.535
-0.848485 -16700.5 803.862
-0.858586 -16701.3 811.158
-0.868687 -16702 818.284
-0.878788 -16702.7 825.382
-0.888889 -16703.3 832.301
-0.89899 -16703.8 839.196
-0.909091 -16704.3 845.905
-0.919192 -16704.7 852.593
-0.929293 -16705 859.09
-0.939394 -16705.3 865.57
-0.949495 -16705.4 871.858
-0.959596 -16705.6 878.133
-0.969697 -16705.6 884.226
-0.979798 -16705.7 890.312
-0.989899 -16705.7 896.255
-1 -16705.7 902.197
