0 9855.52 0.00119332
-0.010101 11160.7 11.4214
-0.020202 11136.7 22.8558
-0.030303 11118.4 35.0422
-0.040404 11100.3 47.2352
-0.0505051 11087 59.586
-0.0606061 11074 71.9482
-0.0707071 11064.9 84.4901
-0.0808081 11056 97.0444
-0.0909091 11050.3 109.742
-0.10101 11044.9 122.452
-0.111111 11041.9 135.265
-0.121212 11039.1 148.088
-0.131313 11038.2 160.983
-0.141414 11037.5 173.887
-0.151515 11038 186.842
-0.161616 11038.8 199.803
-0.171717 11040.4 212.799
-0.181818 11042.1 225.799
-0.191919 11044.3 238.821
-0.20202 11046.7 251.845
-0.212121 11049.3 264.879
-0.222222 11052 277.912
-0.232323 11054.7 290.945
-0.242424 11057.5 303.975
-0.252525 11060.2 316.995
-0.262626 11062.9 330.007
-0.272727 11065.5 343.001
-0.282828 11068 355.985
-0.292929 11070.4 368.942
-0.30303 11072.7 381.886
-0.313131 11074.8 394.796
-0.323232 11076.8 407.69
-0.333333 11078.7 420.545
-0.343434 11080.5 433.379
-0.353535 11082 446.172
-0.363636 11083.6 458.939
-0.373737 11084.9 471.661
-0.383838 11086.2 484.355
-0.393939 11087.3 497
-0.40404 11088.3 509.613
-0.414141 11089.3 522.176
-0.424242 11090.1 534.702
-0.434343 11090.9 547.177
-0.444444 11091.6 559.611
-0.454545 11092.3 571.992
-0.464646 11092.9 584.328
-0.474747 11093.5 596.61
-0.484848 11094 608.842
-0.494949 11094.5 621.02
-0.505051 11094.9 633.143
-0.515152 11095.4 645.211
-0.525253 11095.8 657.218
-0.535354 11096.2 669.171
-0.545455 11096.6 681.057
-0.555556 11097 692.888
-0.565657 11097.4 704.647
-0.575758 11097.8 716.351
-0.585859 11098.2 727.977
-0.59596 11098.6 739.546
-0.606061 11099.1 751.032
-0.616162 11099.5 762.461
-0.626263 11100 773.8
-0.636364 11100.5 785.083
-0.646465 11101.1 796.267
-0.656566 11101.6 807.396
-0.666667 11102.2 818.42
-0.676768 11102.8 829.389
-0.686869 11103.4 840.243
-0.69697 11104.1 851.045
-0.707071 11104.8 861.724
-0.717172 11105.5 872.351
-0.727273 11106.3 882.847
-0.737374 11107.1 893.292
-0.747475 11108 903.598
-0.757576 11108.8 913.855
-0.767677 11109.8 923.964
-0.777778 11110.7 934.026
-0.787879 11111.7 943.932
-0.79798 11112.8 953.793
-0.808081 11113.8 963.489
-0.818182 11114.9 973.143
-0.828283 11116.1 982.624
-0.838384 11117.3 992.066
-0.848485 11118.5 1001.33
-0.858586 11119.7 1010.55
-0.868687 11120.9 1019.59
-0.878788 11122.1 1028.59
-0.888889 11123.4 1037.4
-0.89899 11124.6 1046.18
-0.909091 11125.8 1054.76
-0.919192 11126.9 1063.32
-0.929293 11128 1071.67
-0.939394 11129 1080
-0.949495 11129.9 1088.13
-0.959596 11130.8 1096.24
-0.969697 11131.4 1104.17
-0.979798 11132 1112.09
-0.989899 11132.3 1119.81
-1 11132.5 1127.52
