0 9855.52 0.00119332
-0.010101 11160.7 11.4216
-0.020202 11136.7 22.8561
-0.030303 11118.4 35.0427
-0.040404 11100.3 47.2358
-0.0505051 11087 59.5867
-0.0606061 11074 71.949
-0.0707071 11064.9 84.4909
-0.0808081 11056 97.0453
-0.0909091 11050.3 109.743
-0.10101 11044.9 122.453
-0.111111 11041.9 135.266
-0.121212 11039.1 148.089
-0.131313 11038.2 160.984
-0.141414 11037.5 173.888
-0.151515 11038 186.843
-0.161616 11038.8 199.804
-0.171717 11040.4 212.799
-0.181818 11042.1 225.799
-0.191919 11044.3 238.821
-0.20202 11046.7 251.845
-0.212121 11049.3 264.879
-0.222222 11052 277.912
-0.232323 11054.7 290.945
-0.242424 11057.5 303.975
-0.252525 11060.2 316.994
-0.262626 11062.9 330.007
-0.272727 11065.5 343
-0.282828 11068 355.984
-0.292929 11070.4 368.941
-0.30303 11072.7 381.884
-0.313131 11074.8 394.794
-0.323232 11076.8 407.687
-0.333333 11078.7 420.543
-0.343434 11080.5 433.377
-0.353535 11082.1 446.169
-0.363636 11083.6 458.936
-0.373737 11084.9 471.658
-0.383838 11086.2 484.351
-0.393939 11087.3 496.996
-0.40404 11088.3 509.608
-0.414141 11089.3 522.171
-0.424242 11090.2 534.697
-0.434343 11090.9 547.172
-0.444444 11091.7 559.605
-0.454545 11092.3 571.986
-0.464646 11092.9 584.322
-0.474747 11093.5 596.603
-0.484848 11094 608.835
-0.494949 11094.5 621.013
-0.505051 11094.9 633.135
-0.515152 11095.4 645.203
-0.525253 11095.8 657.21
-0.535354 11096.2 669.162
-0.545455 11096.6 681.048
-0.555556 11097 692.879
-0.565657 11097.4 704.638
-0.575758 11097.8 716.341
-0.585859 11098.2 727.966
-0.59596 11098.7 739.536
-0.606061 11099.1 751.021
-0.616162 11099.6 762.45
-0.626263 11100 773.789
-0.636364 11100.5 785.071
-0.646465 11101.1 796.255
-0.656566 11101.6 807.384
-0.666667 11102.2 818.407
-0.676768 11102.8 829.376
-0.686869 11103.4 840.23
-0.69697 11104.1 851.031
-0.707071 11104.8 861.71
-0.717172 11105.5 872.337
-0.727273 11106.3 882.833
-0.737374 11107.1 893.278
-0.747475 11108 903.583
-0.757576 11108.8 913.84
-0.767677 11109.8 923.949
-0.777778 11110.7 934.011
-0.787879 11111.7 943.916
-0.79798 11112.8 953.777
-0.808081 11113.9 963.473
-0.818182 11115 973.127
-0.828283 11116.1 982.607
-0.838384 11117.3 992.05
-0.848485 11118.5 1001.31
-0.858586 11119.7 1010.54
-0.868687 11120.9 1019.57
-0.878788 11122.1 1028.58
-0.888889 11123.4 1037.38
-0.89899 11124.6 1046.17
-0.909091 11125.8 1054.74
-0.919192 11126.9 1063.3
-0.929293 11128 1071.65
-0.939394 11129.1 1079.98
-0.949495 11129.9 1088.11
-0.959596 11130.8 1096.22
-0.969697 11131.4 1104.15
-0.979798 11132 1112.07
-0.989899 11132.3 1119.79
-1 11132.5 1127.5
