0 -6023.83 -0.000755221
-0.010101 -4589.23 12.8307
-0.020202 -4601.25 25.6827
-0.030303 -4607.91 39.5148
-0.040404 -4614.4 53.3556
-0.0505051 -4616.9 67.4031
-0.0606061 -4619.21 81.4623
-0.0707071 -4618.68 95.7028
-0.0808081 -4617.98 109.954
-0.0909091 -4615.36 124.333
-0.10101 -4612.6 138.721
-0.111111 -4608.66 153.193
-0.121212 -4604.64 167.672
-0.131313 -4599.99 182.204
-0.141414 -4595.3 196.742
-0.151515 -4590.4 211.312
-0.161616 -4585.51 225.885
-0.171717 -4580.7 240.476
-0.181818 -4575.94 255.068
-0.191919 -4571.44 269.663
-0.20202 -4567.04 284.257
-0.212121 -4563.01 298.844
-0.222222 -4559.09 313.425
-0.232323 -4555.61 327.988
-0.242424 -4552.26 342.543
-0.252525 -4549.34 357.072
-0.262626 -4546.57 371.588
-0.272727 -4544.22 386.071
-0.282828 -4542.01 400.538
-0.292929 -4540.18 414.965
-0.30303 -4538.5 429.374
-0.313131 -4537.15 443.738
-0.323232 -4535.93 458.079
-0.333333 -4535 472.373
-0.343434 -4534.18 486.64
-0.353535 -4533.6 500.857
-0.363636 -4533.12 515.044
-0.373737 -4532.83 529.179
-0.383838 -4532.63 543.281
-0.393939 -4532.58 557.328
-0.40404 -4532.59 571.339
-0.414141 -4532.72 585.294
-0.424242 -4532.9 599.208
-0.434343 -4533.16 613.066
-0.444444 -4533.47 626.879
-0.454545 -4533.83 640.634
-0.464646 -4534.22 654.34
-0.474747 -4534.65 667.987
-0.484848 -4535.1 681.58
-0.494949 -4535.57 695.115
-0.505051 -4536.06 708.589
-0.515152 -4536.55 722.005
-0.525253 -4537.05 735.355
-0.535354 -4537.56 748.645
-0.545455 -4538.06 761.864
-0.555556 -4538.56 775.023
-0.565657 -4539.06 788.104
-0.575758 -4539.55 801.124
-0.585859 -4540.03 814.06
-0.59596 -4540.51 826.935
-0.606061 -4540.97 839.718
-0.616162 -4541.43 852.441
-0.626263 -4541.87 865.063
-0.636364 -4542.31 877.625
-0.646465 -4542.73 890.078
-0.656566 -4543.14 902.471
-0.666667 -4543.52 914.748
-0.676768 -4543.9 926.963
-0.686869 -4544.26 939.053
-0.69697 -4544.6 951.084
-0.707071 -4544.92 962.978
-0.717172 -4545.22 974.814
-0.727273 -4545.49 986.503
-0.737374 -4545.75 998.136
-0.747475 -4545.97 1009.61
-0.757576 -4546.17 1021.03
-0.767677 -4546.32 1032.28
-0.777778 -4546.46 1043.48
-0.787879 -4546.55 1054.5
-0.79798 -4546.62 1065.47
-0.808081 -4546.62 1076.25
-0.818182 -4546.61 1086.98
-0.828283 -4546.53 1097.51
-0.838384 -4546.43 1107.99
-0.848485 -4546.26 1118.26
-0.858586 -4546.08 1128.49
-0.868687 -4545.82 1138.5
-0.878788 -4545.55 1148.47
-0.888889 -4545.21 1158.2
-0.89899 -4544.86 1167.91
-0.909091 -4544.46 1177.37
-0.919192 -4544.05 1186.81
-0.929293 -4543.62 1195.99
-0.939394 -4543.18 1205.16
-0.949495 -4542.77 1214.08
-0.959596 -4542.36 1222.98
-0.969697 -4542.03 1231.66
-0.979798 -4541.7 1240.32
-0.989899 -4541.57 1248.77
-1 -4541.44 1257.22
