0 -19326.5 -0.00206596
-0.010101 -20116.4 -6.68911
-0.020202 -20090.6 -13.381
-0.030303 -20068.8 -20.4072
-0.040404 -20047.3 -27.4363
-0.0505051 -20029.6 -34.5353
-0.0606061 -20012.2 -41.6421
-0.0707071 -19998.3 -48.8712
-0.0808081 -19984.7 -56.1099
-0.0909091 -19974.2 -63.4606
-0.10101 -19964 -70.821
-0.111111 -19956.4 -78.269
-0.121212 -19949.2 -85.7259
-0.131313 -19944.1 -93.2485
-0.141414 -19939.3 -100.779
-0.151515 -19936.2 -108.359
-0.161616 -19933.4 -115.946
-0.171717 -19932 -123.571
-0.181818 -19930.7 -131.203
-0.191919 -19930.5 -138.863
-0.20202 -19930.5 -146.528
-0.212121 -19931.1 -154.214
-0.222222 -19932 -161.904
-0.232323 -19933.3 -169.607
-0.242424 -19934.7 -177.312
-0.252525 -19936.4 -185.023
-0.262626 -19938.2 -192.734
-0.272727 -19940.1 -200.444
-0.282828 -19942.1 -208.151
-0.292929 -19944.2 -215.851
-0.30303 -19946.2 -223.546
-0.313131 -19948.3 -231.228
-0.323232 -19950.3 -238.902
-0.333333 -19952.3 -246.558
-0.343434 -19954.3 -254.203
-0.353535 -19956.2 -261.827
-0.363636 -19958 -269.437
-0.373737 -19959.8 -277.022
-0.383838 -19961.5 -284.591
-0.393939 -19963.1 -292.133
-0.40404 -19964.6 -299.655
-0.414141 -19966.1 -307.147
-0.424242 -19967.6 -314.618
-0.434343 -19968.9 -322.058
-0.444444 -19970.2 -329.472
-0.454545 -19971.5 -336.855
-0.464646 -19972.7 -344.21
-0.474747 -19973.8 -351.531
-0.484848 -19975 -358.822
-0.494949 -19976 -366.079
-0.505051 -19977.1 -373.302
-0.515152 -19978.1 -380.492
-0.525253 -19979.2 -387.644
-0.535354 -19980.2 -394.761
-0.545455 -19981.2 -401.838
-0.555556 -19982.1 -408.881
-0.565657 -19983.1 -415.879
-0.575758 -19984.1 -422.843
-0.585859 -19985.1 -429.759
-0.59596 -19986.1 -436.641
-0.606061 -19987.2 -443.471
-0.616162 -19988.2 -450.267
-0.626263 -19989.3 -457.008
-0.636364 -19990.3 -463.714
-0.646465 -19991.4 -470.361
-0.656566 -19992.6 -476.974
-0.666667 -19993.7 -483.524
-0.676768 -19994.9 -490.041
-0.686869 -19996.1 -496.489
-0.69697 -19997.4 -502.906
-0.707071 -19998.7 -509.25
-0.717172 -20000 -515.563
-0.727273 -20001.4 -521.799
-0.737374 -20002.8 -528.006
-0.747475 -20004.2 -534.131
-0.757576 -20005.6 -540.228
-0.767677 -20007.2 -546.239
-0.777778 -20008.7 -552.224
-0.787879 -20010.2 -558.12
-0.79798 -20011.8 -563.99
-0.808081 -20013.4 -569.767
-0.818182 -20015 -575.522
-0.828283 -20016.7 -581.179
-0.838384 -20018.3 -586.816
-0.848485 -20019.9 -592.353
-0.858586 -20021.6 -597.87
-0.868687 -20023.2 -603.285
-0.878788 -20024.8 -608.684
-0.888889 -20026.3 -613.976
-0.89899 -20027.9 -619.255
-0.909091 -20029.3 -624.426
-0.919192 -20030.7 -629.585
-0.929293 -20031.9 -634.636
-0.939394 -20033.1 -639.677
-0.949495 -20034.1 -644.612
-0.959596 -20035.1 -649.541
-0.969697 -20035.7 -654.378
-0.979798 -20036.4 -659.211
-0.989899 -20036.6 -663.911
-1 -20036.8 -668.608
