0 21590.2 0.00195214
-0.010101 20933.8 -6.18079
-0.020202 20923.3 -12.3779
-0.030303 20911.3 -19.1946
-0.040404 20899.3 -26.0168
-0.0505051 20886.9 -32.9709
-0.0606061 20874.5 -39.9293
-0.0707071 20862.5 -46.9527
-0.0808081 20850.6 -53.9783
-0.0909091 20839.4 -61.0281
-0.10101 20828.4 -68.0784
-0.111111 20818.5 -75.1329
-0.121212 20808.8 -82.1866
-0.131313 20800.3 -89.2353
-0.141414 20792.1 -96.2823
-0.151515 20785 -103.319
-0.161616 20778.2 -110.352
-0.171717 20772.6 -117.371
-0.181818 20767.2 -124.385
-0.191919 20762.9 -131.379
-0.20202 20758.9 -138.367
-0.212121 20755.7 -145.332
-0.222222 20752.8 -152.289
-0.232323 20750.7 -159.219
-0.242424 20748.8 -166.14
-0.252525 20747.6 -173.031
-0.262626 20746.5 -179.912
-0.272727 20746 -186.763
-0.282828 20745.6 -193.602
-0.292929 20745.7 -200.411
-0.30303 20745.9 -207.207
-0.313131 20746.3 -213.973
-0.323232 20746.9 -220.725
-0.333333 20747.7 -227.449
-0.343434 20748.6 -234.157
-0.353535 20749.6 -240.837
-0.363636 20750.7 -247.502
-0.373737 20751.9 -254.139
-0.383838 20753.2 -260.76
-0.393939 20754.5 -267.353
-0.40404 20755.8 -273.929
-0.414141 20757.1 -280.479
-0.424242 20758.5 -287.01
-0.434343 20759.9 -293.514
-0.444444 20761.2 -299.999
-0.454545 20762.6 -306.457
-0.464646 20764 -312.893
-0.474747 20765.3 -319.304
-0.484848 20766.7 -325.69
-0.494949 20768 -332.05
-0.505051 20769.3 -338.384
-0.515152 20770.6 -344.692
-0.525253 20772 -350.971
-0.535354 20773.3 -357.224
-0.545455 20774.5 -363.446
-0.555556 20775.8 -369.641
-0.565657 20777.1 -375.801
-0.575758 20778.4 -381.935
-0.585859 20779.6 -388.031
-0.59596 20780.9 -394.1
-0.606061 20782.2 -400.127
-0.616162 20783.5 -406.128
-0.626263 20784.8 -412.083
-0.636364 20786.1 -418.01
-0.646465 20787.4 -423.889
-0.656566 20788.7 -429.74
-0.666667 20790 -435.536
-0.676768 20791.3 -441.305
-0.686869 20792.7 -447.015
-0.69697 20794 -452.698
-0.707071 20795.4 -458.316
-0.717172 20796.8 -463.906
-0.727273 20798.2 -469.427
-0.737374 20799.6 -474.92
-0.747475 20800.9 -480.336
-0.757576 20802.3 -485.726
-0.767677 20803.7 -491.032
-0.777778 20805.1 -496.313
-0.787879 20806.5 -501.503
-0.79798 20807.9 -506.668
-0.808081 20809.2 -511.735
-0.818182 20810.6 -516.779
-0.828283 20811.8 -521.717
-0.838384 20813.1 -526.633
-0.848485 20814.3 -531.436
-0.858586 20815.5 -536.218
-0.868687 20816.6 -540.881
-0.878788 20817.7 -545.524
-0.888889 20818.7 -550.042
-0.89899 20819.6 -554.542
-0.909091 20820.4 -558.91
-0.919192 20821.2 -563.264
-0.929293 20821.9 -567.481
-0.939394 20822.5 -571.686
-0.949495 20822.9 -575.753
-0.959596 20823.3 -579.812
-0.969697 20823.6 -583.737
-0.979798 20823.8 -587.657
-0.989899 20823.9 -591.492
-1 20824 -595.324
