0 14256.1 0.00168682
-0.010101 13046.9 -10.9642
-0.020202 13049.3 -21.9501
-0.030303 13047.6 -33.8456
-0.040404 13045.7 -45.7492
-0.0505051 13041.2 -57.8455
-0.0606061 13036.6 -69.951
-0.0707071 13030.4 -82.2008
-0.0808081 13024.2 -94.4586
-0.0909091 13017.1 -106.807
-0.10101 13010.1 -119.162
-0.111111 13002.8 -131.57
-0.121212 12995.6 -143.983
-0.131313 12988.6 -156.426
-0.141414 12981.6 -168.871
-0.151515 12975.2 -181.332
-0.161616 12968.8 -193.794
-0.171717 12963.1 -206.259
-0.181818 12957.5 -218.722
-0.191919 12952.6 -231.179
-0.20202 12947.9 -243.631
-0.212121 12943.9 -256.067
-0.222222 12940.1 -268.496
-0.232323 12936.9 -280.901
-0.242424 12933.9 -293.297
-0.252525 12931.5 -305.662
-0.262626 12929.2 -318.014
-0.272727 12927.5 -330.33
-0.282828 12926 -342.632
-0.292929 12924.9 -354.894
-0.30303 12923.9 -367.137
-0.313131 12923.3 -379.339
-0.323232 12922.8 -391.52
-0.333333 12922.6 -403.658
-0.343434 12922.6 -415.772
-0.353535 12922.7 -427.841
-0.363636 12922.9 -439.884
-0.373737 12923.4 -451.881
-0.383838 12923.8 -463.85
-0.393939 12924.4 -475.771
-0.40404 12925.1 -487.662
-0.414141 12925.8 -499.505
-0.424242 12926.6 -511.314
-0.434343 12927.4 -523.075
-0.444444 12928.3 -534.798
-0.454545 12929.2 -546.473
-0.464646 12930.1 -558.106
-0.474747 12931 -569.691
-0.484848 12931.9 -581.23
-0.494949 12932.9 -592.72
-0.505051 12933.8 -604.161
-0.515152 12934.8 -615.551
-0.525253 12935.7 -626.888
-0.535354 12936.7 -638.175
-0.545455 12937.6 -649.402
-0.555556 12938.5 -660.578
-0.565657 12939.5 -671.69
-0.575758 12940.4 -682.752
-0.585859 12941.3 -693.742
-0.59596 12942.2 -704.682
-0.606061 12943.2 -715.544
-0.616162 12944.1 -726.356
-0.626263 12945 -737.084
-0.636364 12945.9 -747.76
-0.646465 12946.8 -758.346
-0.656566 12947.7 -768.88
-0.666667 12948.5 -779.316
-0.676768 12949.4 -789.701
-0.686869 12950.3 -799.979
-0.69697 12951.2 -810.207
-0.707071 12952 -820.319
-0.717172 12952.9 -830.381
-0.727273 12953.7 -840.318
-0.737374 12954.6 -850.207
-0.747475 12955.4 -859.961
-0.757576 12956.2 -869.668
-0.767677 12957 -879.23
-0.777778 12957.7 -888.747
-0.787879 12958.5 -898.108
-0.79798 12959.2 -907.425
-0.808081 12959.8 -916.577
-0.818182 12960.5 -925.687
-0.828283 12961 -934.621
-0.838384 12961.6 -943.517
-0.848485 12962.1 -952.225
-0.858586 12962.6 -960.899
-0.868687 12962.9 -969.375
-0.878788 12963.3 -977.819
-0.888889 12963.6 -986.057
-0.89899 12963.8 -994.267
-0.909091 12963.9 -1002.26
-0.919192 12964.1 -1010.23
-0.929293 12964.1 -1017.99
-0.939394 12964.1 -1025.72
-0.949495 12964.1 -1033.23
-0.959596 12964.1 -1040.73
-0.969697 12964 -1048.02
-0.979798 12963.9 -1055.31
-0.989899 12963.8 -1062.41
-1 12963.8 -1069.52
