0 -7065.15 -0.000882689
-0.010101 -5646.27 12.7088
-0.020202 -5657.21 25.4392
-0.030303 -5662.91 39.1489
-0.040404 -5668.45 52.8673
-0.0505051 -5670.13 66.7922
-0.0606061 -5671.63 80.7285
-0.0707071 -5670.41 94.843
-0.0808081 -5669.03 108.968
-0.0909091 -5665.85 123.217
-0.10101 -5662.55 137.475
-0.111111 -5658.18 151.814
-0.121212 -5653.74 166.159
-0.131313 -5648.76 180.555
-0.141414 -5643.76 194.956
-0.151515 -5638.63 209.388
-0.161616 -5633.53 223.823
-0.171717 -5628.57 238.274
-0.181818 -5623.67 252.725
-0.191919 -5619.09 267.179
-0.20202 -5614.62 281.63
-0.212121 -5610.55 296.073
-0.222222 -5606.62 310.511
-0.232323 -5603.14 324.93
-0.242424 -5599.8 339.34
-0.252525 -5596.93 353.723
-0.262626 -5594.2 368.093
-0.272727 -5591.9 382.429
-0.282828 -5589.76 396.75
-0.292929 -5588 411.03
-0.30303 -5586.39 425.292
-0.313131 -5585.12 439.509
-0.323232 -5583.98 453.703
-0.333333 -5583.13 467.85
-0.343434 -5582.4 481.97
-0.353535 -5581.9 496.041
-0.363636 -5581.5 510.082
-0.373737 -5581.29 524.07
-0.383838 -5581.17 538.026
-0.393939 -5581.19 551.928
-0.40404 -5581.29 565.794
-0.414141 -5581.49 579.605
-0.424242 -5581.74 593.375
-0.434343 -5582.08 607.089
-0.444444 -5582.45 620.759
-0.454545 -5582.88 634.372
-0.464646 -5583.34 647.936
-0.474747 -5583.83 661.442
-0.484848 -5584.34 674.895
-0.494949 -5584.87 688.29
-0.505051 -5585.42 701.626
-0.515152 -5585.97 714.903
-0.525253 -5586.53 728.115
-0.535354 -5587.09 741.269
-0.545455 -5587.64 754.352
-0.555556 -5588.2 767.375
-0.565657 -5588.75 780.322
-0.575758 -5589.3 793.209
-0.585859 -5589.84 806.013
-0.59596 -5590.37 818.756
-0.606061 -5590.9 831.409
-0.616162 -5591.41 844.001
-0.626263 -5591.91 856.495
-0.636364 -5592.41 868.928
-0.646465 -5592.89 881.255
-0.656566 -5593.36 893.521
-0.666667 -5593.81 905.673
-0.676768 -5594.25 917.764
-0.686869 -5594.67 929.731
-0.69697 -5595.08 941.639
-0.707071 -5595.47 953.412
-0.717172 -5595.84 965.128
-0.727273 -5596.18 976.698
-0.737374 -5596.51 988.212
-0.747475 -5596.8 999.571
-0.757576 -5597.08 1010.87
-0.767677 -5597.31 1022.01
-0.777778 -5597.53 1033.1
-0.787879 -5597.69 1044
-0.79798 -5597.83 1054.86
-0.808081 -5597.92 1065.53
-0.818182 -5597.98 1076.14
-0.828283 -5597.98 1086.56
-0.838384 -5597.96 1096.94
-0.848485 -5597.87 1107.1
-0.858586 -5597.76 1117.22
-0.868687 -5597.58 1127.13
-0.878788 -5597.38 1136.99
-0.888889 -5597.11 1146.62
-0.89899 -5596.83 1156.22
-0.909091 -5596.49 1165.58
-0.919192 -5596.15 1174.92
-0.929293 -5595.77 1184
-0.939394 -5595.39 1193.07
-0.949495 -5595.01 1201.89
-0.959596 -5594.64 1210.69
-0.969697 -5594.34 1219.27
-0.979798 -5594.04 1227.84
-0.989899 -5593.92 1236.19
-1 -5593.8 1244.54
