0 21590.2 0.00195214
-0.010101 20933.8 -6.18053
-0.020202 20923.3 -12.3774
-0.030303 20911.3 -19.1938
-0.040404 20899.3 -26.0158
-0.0505051 20886.9 -32.9698
-0.0606061 20874.5 -39.928
-0.0707071 20862.5 -46.9513
-0.0808081 20850.6 -53.9768
-0.0909091 20839.4 -61.0266
-0.10101 20828.4 -68.0768
-0.111111 20818.5 -75.1313
-0.121212 20808.8 -82.1851
-0.131313 20800.3 -89.2338
-0.141414 20792.1 -96.2808
-0.151515 20785 -103.317
-0.161616 20778.2 -110.351
-0.171717 20772.6 -117.37
-0.181818 20767.2 -124.384
-0.191919 20762.9 -131.378
-0.20202 20758.9 -138.367
-0.212121 20755.7 -145.332
-0.222222 20752.8 -152.289
-0.232323 20750.7 -159.219
-0.242424 20748.8 -166.14
-0.252525 20747.6 -173.032
-0.262626 20746.5 -179.914
-0.272727 20746 -186.765
-0.282828 20745.7 -193.604
-0.292929 20745.7 -200.413
-0.30303 20745.9 -207.21
-0.313131 20746.3 -213.976
-0.323232 20746.9 -220.729
-0.333333 20747.7 -227.453
-0.343434 20748.6 -234.162
-0.353535 20749.7 -240.842
-0.363636 20750.7 -247.507
-0.373737 20751.9 -254.145
-0.383838 20753.2 -260.766
-0.393939 20754.5 -267.36
-0.40404 20755.8 -273.937
-0.414141 20757.1 -280.487
-0.424242 20758.5 -287.018
-0.434343 20759.9 -293.523
-0.444444 20761.2 -300.008
-0.454545 20762.6 -306.467
-0.464646 20764 -312.904
-0.474747 20765.3 -319.315
-0.484848 20766.7 -325.701
-0.494949 20768 -332.062
-0.505051 20769.3 -338.397
-0.515152 20770.7 -344.705
-0.525253 20772 -350.985
-0.535354 20773.3 -357.238
-0.545455 20774.6 -363.46
-0.555556 20775.8 -369.656
-0.565657 20777.1 -375.817
-0.575758 20778.4 -381.951
-0.585859 20779.7 -388.048
-0.59596 20780.9 -394.117
-0.606061 20782.2 -400.145
-0.616162 20783.5 -406.146
-0.626263 20784.8 -412.102
-0.636364 20786.1 -418.03
-0.646465 20787.4 -423.909
-0.656566 20788.7 -429.76
-0.666667 20790 -435.557
-0.676768 20791.4 -441.327
-0.686869 20792.7 -447.037
-0.69697 20794.1 -452.72
-0.707071 20795.4 -458.339
-0.717172 20796.8 -463.929
-0.727273 20798.2 -469.45
-0.737374 20799.6 -474.944
-0.747475 20801 -480.361
-0.757576 20802.4 -485.751
-0.767677 20803.7 -491.058
-0.777778 20805.1 -496.339
-0.787879 20806.5 -501.529
-0.79798 20807.9 -506.695
-0.808081 20809.2 -511.763
-0.818182 20810.6 -516.806
-0.828283 20811.9 -521.745
-0.838384 20813.1 -526.661
-0.848485 20814.3 -531.465
-0.858586 20815.5 -536.248
-0.868687 20816.6 -540.911
-0.878788 20817.7 -545.555
-0.888889 20818.7 -550.072
-0.89899 20819.6 -554.573
-0.909091 20820.4 -558.941
-0.919192 20821.2 -563.295
-0.929293 20821.9 -567.513
-0.939394 20822.5 -571.719
-0.949495 20822.9 -575.786
-0.959596 20823.3 -579.845
-0.969697 20823.6 -583.771
-0.979798 20823.8 -587.692
-0.989899 20823.9 -591.527
-1 20824 -595.36
