0 23260.5 0.00191256
-0.010101 23454.5 1.3378
-0.020202 23432.5 2.67015
-0.030303 23412.4 3.91642
-0.040404 23392.3 5.16186
-0.0505051 23374.7 6.38758
-0.0606061 23357.2 7.61632
-0.0707071 23342.2 8.89248
-0.0808081 23327.4 10.1739
-0.0909091 23315.1 11.5162
-0.10101 23303 12.8646
-0.111111 23293.2 14.2677
-0.121212 23283.7 15.677
-0.131313 23276.2 17.1313
-0.141414 23269 18.5916
-0.151515 23263.5 20.0891
-0.161616 23258.3 21.5926
-0.171717 23254.6 23.128
-0.181818 23251.2 24.6695
-0.191919 23248.9 26.2393
-0.20202 23246.9 27.8153
-0.212121 23245.8 29.4164
-0.222222 23244.9 31.0237
-0.232323 23244.7 32.6527
-0.242424 23244.7 34.2875
-0.252525 23245.2 35.9404
-0.262626 23245.9 37.5982
-0.272727 23246.9 39.2702
-0.282828 23248 40.9462
-0.292929 23249.4 42.6322
-0.30303 23250.8 44.321
-0.313131 23252.4 46.0161
-0.323232 23254 47.7126
-0.333333 23255.7 49.4119
-0.343434 23257.4 51.1112
-0.353535 23259.2 52.8103
-0.363636 23260.9 54.5081
-0.373737 23262.7 56.2032
-0.383838 23264.4 57.8956
-0.393939 23266.1 59.5833
-0.40404 23267.8 61.2671
-0.414141 23269.4 62.9447
-0.424242 23271 64.617
-0.434343 23272.6 66.282
-0.444444 23274.1 67.9406
-0.454545 23275.6 69.5911
-0.464646 23277 71.2342
-0.474747 23278.5 72.8685
-0.484848 23279.9 74.4944
-0.494949 23281.2 76.1111
-0.505051 23282.6 77.7185
-0.515152 23283.9 79.3166
-0.525253 23285.2 80.9044
-0.535354 23286.5 82.4827
-0.545455 23287.8 84.0499
-0.555556 23289.1 85.6077
-0.565657 23290.3 87.1536
-0.575758 23291.6 88.6901
-0.585859 23292.9 90.2139
-0.59596 23294.2 91.7285
-0.606061 23295.5 93.2297
-0.616162 23296.8 94.7219
-0.626263 23298.1 96.2
-0.636364 23299.5 97.6695
-0.646465 23300.8 99.1242
-0.656566 23302.2 100.571
-0.666667 23303.6 102.002
-0.676768 23305.1 103.425
-0.686869 23306.5 104.833
-0.69697 23308 106.234
-0.707071 23309.5 107.618
-0.717172 23311.1 108.996
-0.727273 23312.6 110.358
-0.737374 23314.2 111.715
-0.747475 23315.9 113.055
-0.757576 23317.5 114.39
-0.767677 23319.2 115.711
-0.777778 23320.8 117.026
-0.787879 23322.5 118.328
-0.79798 23324.2 119.625
-0.808081 23326 120.91
-0.818182 23327.7 122.191
-0.828283 23329.4 123.461
-0.838384 23331.1 124.728
-0.848485 23332.7 125.985
-0.858586 23334.4 127.24
-0.868687 23336 128.487
-0.878788 23337.6 129.732
-0.888889 23339.1 130.97
-0.89899 23340.5 132.207
-0.909091 23341.8 133.438
-0.919192 23343.2 134.669
-0.929293 23344.3 135.896
-0.939394 23345.4 137.122
-0.949495 23346.2 138.347
-0.959596 23347.1 139.573
-0.969697 23347.6 140.803
-0.979798 23348.1 142.033
-0.989899 23348.3 143.218
-1 23348.5 144.402
