0 -17085.2 -0.00201554
-0.010101 -16024.6 9.69301
-0.020202 -16022.7 19.4069
-0.030303 -16017.6 29.9604
-0.040404 -16012.3 40.5213
-0.0505051 -16005.1 51.2604
-0.0606061 -15997.8 62.0072
-0.0707071 -15989.5 72.8762
-0.0808081 -15981.2 83.7515
-0.0909091 -15972.6 94.698
-0.10101 -15964 105.649
-0.111111 -15955.7 116.639
-0.121212 -15947.4 127.631
-0.131313 -15939.7 138.643
-0.141414 -15932.1 149.656
-0.151515 -15925.3 160.677
-0.161616 -15918.6 171.697
-0.171717 -15912.8 182.714
-0.181818 -15907.1 193.728
-0.191919 -15902.3 204.731
-0.20202 -15897.7 215.73
-0.212121 -15893.8 226.709
-0.222222 -15890.2 237.681
-0.232323 -15887.3 248.627
-0.242424 -15884.5 259.563
-0.252525 -15882.4 270.468
-0.262626 -15880.5 281.361
-0.272727 -15879.2 292.219
-0.282828 -15878 303.062
-0.292929 -15877.2 313.868
-0.30303 -15876.6 324.657
-0.313131 -15876.3 335.406
-0.323232 -15876.2 346.137
-0.333333 -15876.3 356.828
-0.343434 -15876.6 367.497
-0.353535 -15877 378.126
-0.363636 -15877.5 388.731
-0.373737 -15878.2 399.295
-0.383838 -15879 409.834
-0.393939 -15879.8 420.331
-0.40404 -15880.7 430.8
-0.414141 -15881.7 441.228
-0.424242 -15882.7 451.625
-0.434343 -15883.7 461.981
-0.444444 -15884.7 472.303
-0.454545 -15885.8 482.583
-0.464646 -15886.9 492.827
-0.474747 -15888 503.028
-0.484848 -15889.1 513.189
-0.494949 -15890.2 523.308
-0.505051 -15891.3 533.383
-0.515152 -15892.4 543.415
-0.525253 -15893.5 553.4
-0.535354 -15894.6 563.341
-0.545455 -15895.6 573.23
-0.555556 -15896.7 583.075
-0.565657 -15897.8 592.864
-0.575758 -15898.9 602.608
-0.585859 -15899.9 612.29
-0.59596 -15901 621.928
-0.606061 -15902 631.499
-0.616162 -15903.1 641.025
-0.626263 -15904.2 650.477
-0.636364 -15905.2 659.885
-0.646465 -15906.3 669.213
-0.656566 -15907.3 678.496
-0.666667 -15908.4 687.692
-0.676768 -15909.4 696.844
-0.686869 -15910.5 705.901
-0.69697 -15911.6 714.915
-0.707071 -15912.6 723.826
-0.717172 -15913.7 732.693
-0.727273 -15914.7 741.451
-0.737374 -15915.7 750.165
-0.747475 -15916.8 758.76
-0.757576 -15917.8 767.313
-0.767677 -15918.8 775.737
-0.777778 -15919.8 784.121
-0.787879 -15920.8 792.367
-0.79798 -15921.7 800.574
-0.808081 -15922.6 808.633
-0.818182 -15923.5 816.655
-0.828283 -15924.3 824.52
-0.838384 -15925.1 832.35
-0.848485 -15925.9 840.013
-0.858586 -15926.6 847.644
-0.868687 -15927.2 855.098
-0.878788 -15927.8 862.523
-0.888889 -15928.3 869.762
-0.89899 -15928.8 876.977
-0.909091 -15929.2 883.998
-0.919192 -15929.5 890.998
-0.929293 -15929.8 897.799
-0.939394 -15930 904.583
-0.949495 -15930.1 911.167
-0.959596 -15930.2 917.739
-0.969697 -15930.2 924.122
-0.979798 -15930.3 930.498
-0.989899 -15930.3 936.724
-1 -15930.3 942.947
