0 14479.8 0.0015407
-0.010101 15598.2 9.6873
-0.020202 15572.5 19.3835
-0.030303 15552 29.6695
-0.040404 15531.7 39.9605
-0.0505051 15516 50.3748
-0.0606061 15500.5 60.7993
-0.0707071 15488.9 71.3835
-0.0808081 15477.6 81.9793
-0.0909091 15469.6 92.709
-0.10101 15461.8 103.45
-0.111111 15456.6 114.29
-0.121212 15451.7 125.141
-0.131313 15448.9 136.063
-0.141414 15446.3 146.993
-0.151515 15445.2 157.976
-0.161616 15444.4 168.965
-0.171717 15444.7 179.991
-0.181818 15445.1 191.023
-0.191919 15446.3 202.08
-0.20202 15447.7 213.14
-0.212121 15449.5 224.216
-0.222222 15451.4 235.293
-0.232323 15453.6 246.376
-0.242424 15455.9 257.457
-0.252525 15458.3 268.535
-0.262626 15460.6 279.61
-0.272727 15463 290.672
-0.282828 15465.4 301.727
-0.292929 15467.7 312.764
-0.30303 15470 323.79
-0.313131 15472.2 334.792
-0.323232 15474.3 345.779
-0.333333 15476.3 356.736
-0.343434 15478.2 367.676
-0.353535 15480 378.582
-0.363636 15481.7 389.467
-0.373737 15483.2 400.314
-0.383838 15484.7 411.137
-0.393939 15486.1 421.921
-0.40404 15487.5 432.675
-0.414141 15488.7 443.388
-0.424242 15489.8 454.069
-0.434343 15490.9 464.707
-0.444444 15491.9 475.309
-0.454545 15492.9 485.866
-0.464646 15493.8 496.384
-0.474747 15494.6 506.856
-0.484848 15495.4 517.284
-0.494949 15496.2 527.666
-0.505051 15496.9 538
-0.515152 15497.7 548.287
-0.525253 15498.4 558.522
-0.535354 15499.1 568.709
-0.545455 15499.7 578.839
-0.555556 15500.4 588.922
-0.565657 15501.1 598.942
-0.575758 15501.8 608.915
-0.585859 15502.5 618.82
-0.59596 15503.2 628.678
-0.606061 15503.9 638.463
-0.616162 15504.6 648.2
-0.626263 15505.4 657.858
-0.636364 15506.2 667.469
-0.646465 15507 676.996
-0.656566 15507.8 686.475
-0.666667 15508.7 695.864
-0.676768 15509.6 705.206
-0.686869 15510.5 714.45
-0.69697 15511.4 723.649
-0.707071 15512.4 732.744
-0.717172 15513.5 741.795
-0.727273 15514.5 750.734
-0.737374 15515.6 759.63
-0.747475 15516.8 768.409
-0.757576 15517.9 777.146
-0.767677 15519.2 785.758
-0.777778 15520.4 794.33
-0.787879 15521.7 802.771
-0.79798 15523 811.175
-0.808081 15524.4 819.44
-0.818182 15525.7 827.67
-0.828283 15527.2 835.756
-0.838384 15528.6 843.809
-0.848485 15530 851.712
-0.858586 15531.5 859.585
-0.868687 15532.9 867.301
-0.878788 15534.4 874.992
-0.888889 15535.8 882.52
-0.89899 15537.2 890.026
-0.909091 15538.5 897.365
-0.919192 15539.8 904.686
-0.929293 15541 911.837
-0.939394 15542.1 918.973
-0.949495 15543.1 925.942
-0.959596 15544.1 932.901
-0.969697 15544.7 939.71
-0.979798 15545.4 946.512
-0.989899 15545.6 953.135
-1 15545.8 959.754
