0 5498.29 0.000750804
-0.010101 4056.96 -12.8808
-0.020202 4069.5 -25.7828
-0.030303 4076.63 -39.6646
-0.040404 4083.59 -53.5551
-0.0505051 4086.5 -67.6524
-0.0606061 4089.23 -81.7614
-0.0707071 4089.04 -96.0534
-0.0808081 4088.68 -110.357
-0.0909091 4086.34 -124.789
-0.10101 4083.86 -139.231
-0.111111 4080.14 -153.757
-0.121212 4076.32 -168.291
-0.131313 4071.84 -182.88
-0.141414 4067.31 -197.474
-0.151515 4062.52 -212.102
-0.161616 4057.75 -226.733
-0.171717 4053.01 -241.383
-0.181818 4048.33 -256.033
-0.191919 4043.88 -270.689
-0.20202 4039.51 -285.343
-0.212121 4035.5 -299.989
-0.222222 4031.6 -314.631
-0.232323 4028.12 -329.256
-0.242424 4024.76 -343.873
-0.252525 4021.83 -358.463
-0.262626 4019.04 -373.041
-0.272727 4016.66 -387.586
-0.282828 4014.42 -402.116
-0.292929 4012.56 -416.606
-0.30303 4010.84 -431.077
-0.313131 4009.45 -445.504
-0.323232 4008.2 -459.908
-0.333333 4007.22 -474.265
-0.343434 4006.37 -488.595
-0.353535 4005.75 -502.875
-0.363636 4005.23 -517.125
-0.373737 4004.9 -531.323
-0.383838 4004.66 -545.487
-0.393939 4004.56 -559.597
-0.40404 4004.54 -573.671
-0.414141 4004.63 -587.688
-0.424242 4004.78 -601.664
-0.434343 4005.01 -615.584
-0.444444 4005.28 -629.458
-0.454545 4005.61 -643.275
-0.464646 4005.97 -657.042
-0.474747 4006.36 -670.75
-0.484848 4006.78 -684.404
-0.494949 4007.22 -697.999
-0.505051 4007.68 -711.534
-0.515152 4008.14 -725.009
-0.525253 4008.61 -738.419
-0.535354 4009.09 -751.768
-0.545455 4009.56 -765.046
-0.555556 4010.03 -778.263
-0.565657 4010.5 -791.403
-0.575758 4010.97 -804.481
-0.585859 4011.42 -817.474
-0.59596 4011.87 -830.406
-0.606061 4012.3 -843.246
-0.616162 4012.73 -856.025
-0.626263 4013.15 -868.704
-0.636364 4013.55 -881.321
-0.646465 4013.94 -893.83
-0.656566 4014.32 -906.278
-0.666667 4014.67 -918.608
-0.676768 4015.02 -930.878
-0.686869 4015.34 -943.022
-0.69697 4015.65 -955.105
-0.707071 4015.94 -967.052
-0.717172 4016.21 -978.941
-0.727273 4016.44 -990.682
-0.737374 4016.66 -1002.37
-0.747475 4016.84 -1013.89
-0.757576 4017.01 -1025.36
-0.767677 4017.12 -1036.67
-0.777778 4017.23 -1047.92
-0.787879 4017.27 -1058.98
-0.79798 4017.3 -1070
-0.808081 4017.27 -1080.83
-0.818182 4017.22 -1091.61
-0.828283 4017.09 -1102.18
-0.838384 4016.96 -1112.72
-0.848485 4016.75 -1123.03
-0.858586 4016.53 -1133.31
-0.868687 4016.23 -1143.36
-0.878788 4015.92 -1153.38
-0.888889 4015.55 -1163.16
-0.89899 4015.16 -1172.91
-0.909091 4014.73 -1182.42
-0.919192 4014.29 -1191.9
-0.929293 4013.84 -1201.14
-0.939394 4013.38 -1210.35
-0.949495 4012.94 -1219.31
-0.959596 4012.51 -1228.26
-0.969697 4012.17 -1236.98
-0.979798 4011.83 -1245.69
-0.989899 4011.69 -1254.18
-1 4011.56 -1262.67
