0 -2035.05 -0.000231972
-0.010101 -3490.16 -12.8788
-0.020202 -3471.06 -25.7759
-0.030303 -3457.8 -39.5931
-0.040404 -3444.74 -53.4184
-0.0505051 -3436.35 -67.4377
-0.0606061 -3428.19 -81.4693
-0.0707071 -3423.63 -95.693
-0.0808081 -3419.31 -109.929
-0.0909091 -3417.67 -124.31
-0.10101 -3416.25 -138.701
-0.111111 -3416.75 -153.192
-0.121212 -3417.42 -167.693
-0.131313 -3419.39 -182.26
-0.141414 -3421.49 -196.835
-0.151515 -3424.39 -211.454
-0.161616 -3427.37 -226.079
-0.171717 -3430.78 -240.731
-0.181818 -3434.21 -255.387
-0.191919 -3437.8 -270.056
-0.20202 -3441.38 -284.725
-0.212121 -3444.91 -299.396
-0.222222 -3448.4 -314.065
-0.232323 -3451.72 -328.723
-0.242424 -3454.96 -343.376
-0.252525 -3457.96 -358.009
-0.262626 -3460.86 -372.632
-0.272727 -3463.48 -387.227
-0.282828 -3466 -401.809
-0.292929 -3468.23 -416.355
-0.30303 -3470.34 -430.885
-0.313131 -3472.18 -445.373
-0.323232 -3473.91 -459.84
-0.333333 -3475.39 -474.262
-0.343434 -3476.76 -488.659
-0.353535 -3477.91 -503.007
-0.363636 -3478.96 -517.326
-0.373737 -3479.83 -531.593
-0.383838 -3480.61 -545.827
-0.393939 -3481.23 -560.007
-0.40404 -3481.78 -574.15
-0.414141 -3482.21 -588.238
-0.424242 -3482.58 -602.284
-0.434343 -3482.85 -616.272
-0.444444 -3483.07 -630.215
-0.454545 -3483.22 -644.1
-0.464646 -3483.34 -657.934
-0.474747 -3483.4 -671.709
-0.484848 -3483.44 -685.429
-0.494949 -3483.44 -699.088
-0.505051 -3483.43 -712.687
-0.515152 -3483.4 -726.225
-0.525253 -3483.36 -739.696
-0.535354 -3483.31 -753.106
-0.545455 -3483.25 -766.443
-0.555556 -3483.2 -779.719
-0.565657 -3483.15 -792.916
-0.575758 -3483.1 -806.05
-0.585859 -3483.07 -819.099
-0.59596 -3483.04 -832.085
-0.606061 -3483.03 -844.978
-0.616162 -3483.03 -857.809
-0.626263 -3483.05 -870.538
-0.636364 -3483.08 -883.205
-0.646465 -3483.13 -895.763
-0.656566 -3483.21 -908.26
-0.666667 -3483.31 -920.638
-0.676768 -3483.42 -932.955
-0.686869 -3483.57 -945.144
-0.69697 -3483.74 -957.274
-0.707071 -3483.95 -969.266
-0.717172 -3484.18 -981.2
-0.727273 -3484.45 -992.986
-0.737374 -3484.73 -1004.72
-0.747475 -3485.07 -1016.29
-0.757576 -3485.43 -1027.8
-0.767677 -3485.84 -1039.15
-0.777778 -3486.28 -1050.45
-0.787879 -3486.77 -1061.56
-0.79798 -3487.28 -1072.63
-0.808081 -3487.85 -1083.51
-0.818182 -3488.44 -1094.34
-0.828283 -3489.1 -1104.97
-0.838384 -3489.77 -1115.55
-0.848485 -3490.5 -1125.93
-0.858586 -3491.24 -1136.27
-0.868687 -3492.03 -1146.38
-0.878788 -3492.83 -1156.47
-0.888889 -3493.66 -1166.32
-0.89899 -3494.49 -1176.14
-0.909091 -3495.33 -1185.72
-0.919192 -3496.16 -1195.28
-0.929293 -3496.96 -1204.6
-0.939394 -3497.75 -1213.9
-0.949495 -3498.44 -1222.96
-0.959596 -3499.12 -1232
-0.969697 -3499.63 -1240.82
-0.979798 -3500.12 -1249.63
-0.989899 -3500.32 -1258.22
-1 -3500.51 -1266.81
