0 22468.5 0.00161631
-0.010101 22860.1 3.10597
-0.020202 22836.4 6.20978
-0.030303 22815.3 9.36215
-0.040404 22794.4 12.5149
-0.0505051 22776.4 15.6761
-0.0606061 22758.6 18.8419
-0.0707071 22743.6 22.0799
-0.0808081 22728.9 25.3247
-0.0909091 22716.9 28.6477
-0.10101 22705.2 31.9781
-0.111111 22695.9 35.3746
-0.121212 22686.9 38.7782
-0.131313 22680.1 42.234
-0.141414 22673.5 45.6965
-0.151515 22668.7 49.2005
-0.161616 22664.2 52.7111
-0.171717 22661.1 56.2556
-0.181818 22658.3 59.8065
-0.191919 22656.7 63.386
-0.20202 22655.3 66.9715
-0.212121 22654.7 70.5809
-0.222222 22654.4 74.1957
-0.232323 22654.7 77.8298
-0.242424 22655.1 81.4684
-0.252525 22656 85.1213
-0.262626 22657.1 88.7776
-0.272727 22658.4 92.4432
-0.282828 22659.8 96.1107
-0.292929 22661.5 99.7827
-0.30303 22663.1 103.455
-0.313131 22664.9 107.127
-0.323232 22666.7 110.797
-0.333333 22668.5 114.464
-0.343434 22670.4 118.127
-0.353535 22672.2 121.783
-0.363636 22674 125.433
-0.373737 22675.8 129.074
-0.383838 22677.5 132.707
-0.393939 22679.2 136.328
-0.40404 22680.9 139.94
-0.414141 22682.5 143.538
-0.424242 22684.1 147.125
-0.434343 22685.7 150.697
-0.444444 22687.1 154.257
-0.454545 22688.6 157.8
-0.464646 22690 161.33
-0.474747 22691.4 164.842
-0.484848 22692.7 168.339
-0.494949 22694 171.818
-0.505051 22695.3 175.28
-0.515152 22696.6 178.724
-0.525253 22697.8 182.149
-0.535354 22699 185.556
-0.545455 22700.2 188.942
-0.555556 22701.5 192.311
-0.565657 22702.7 195.657
-0.575758 22703.9 198.985
-0.585859 22705.1 202.289
-0.59596 22706.3 205.576
-0.606061 22707.5 208.836
-0.616162 22708.8 212.079
-0.626263 22710.1 215.294
-0.636364 22711.3 218.492
-0.646465 22712.7 221.661
-0.656566 22714 224.813
-0.666667 22715.4 227.934
-0.676768 22716.7 231.038
-0.686869 22718.2 234.11
-0.69697 22719.6 237.166
-0.707071 22721.1 240.188
-0.717172 22722.6 243.194
-0.727273 22724.1 246.165
-0.737374 22725.7 249.122
-0.747475 22727.3 252.042
-0.757576 22728.9 254.949
-0.767677 22730.5 257.818
-0.777778 22732.2 260.675
-0.787879 22733.9 263.493
-0.79798 22735.6 266.3
-0.808081 22737.3 269.068
-0.818182 22739 271.826
-0.828283 22740.7 274.544
-0.838384 22742.4 277.254
-0.848485 22744.1 279.925
-0.858586 22745.8 282.587
-0.868687 22747.5 285.211
-0.878788 22749.1 287.828
-0.888889 22750.6 290.406
-0.89899 22752.1 292.978
-0.909091 22753.5 295.512
-0.919192 22754.9 298.041
-0.929293 22756.1 300.532
-0.939394 22757.2 303.02
-0.949495 22758.1 305.472
-0.959596 22759 307.923
-0.969697 22759.6 310.346
-0.979798 22760.2 312.769
-0.989899 22760.4 315.117
-1 22760.6 317.463
