0 21703.2 0.00222322
-0.010101 22222.8 4.25484
-0.020202 22198.2 8.50816
-0.030303 22176.7 12.8993
-0.040404 22155.4 17.2916
-0.0505051 22137.3 21.7113
-0.0606061 22119.4 26.1367
-0.0707071 22104.7 30.6504
-0.0808081 22090.2 35.1718
-0.0909091 22078.5 39.7826
-0.10101 22067.2 44.4015
-0.111111 22058.4 49.0938
-0.121212 22049.8 53.7938
-0.131313 22043.4 58.5506
-0.141414 22037.4 63.3147
-0.151515 22033.1 68.123
-0.161616 22029 72.9381
-0.171717 22026.5 77.7887
-0.181818 22024.1 82.6456
-0.191919 22022.9 87.5314
-0.20202 22021.9 92.423
-0.212121 22021.7 97.3378
-0.222222 22021.7 102.258
-0.232323 22022.4 107.195
-0.242424 22023.1 112.136
-0.252525 22024.3 117.089
-0.262626 22025.6 122.044
-0.272727 22027.1 127.005
-0.282828 22028.7 131.967
-0.292929 22030.5 136.93
-0.30303 22032.3 141.891
-0.313131 22034.2 146.848
-0.323232 22036.1 151.802
-0.333333 22038 156.747
-0.343434 22039.9 161.686
-0.353535 22041.7 166.614
-0.363636 22043.6 171.534
-0.373737 22045.4 176.439
-0.383838 22047.1 181.334
-0.393939 22048.8 186.211
-0.40404 22050.5 191.077
-0.414141 22052 195.923
-0.424242 22053.6 200.755
-0.434343 22055.1 205.567
-0.444444 22056.5 210.363
-0.454545 22057.9 215.137
-0.464646 22059.3 219.892
-0.474747 22060.6 224.626
-0.484848 22061.9 229.339
-0.494949 22063.1 234.029
-0.505051 22064.4 238.696
-0.515152 22065.6 243.341
-0.525253 22066.8 247.96
-0.535354 22067.9 252.557
-0.545455 22069.1 257.126
-0.555556 22070.2 261.672
-0.565657 22071.4 266.189
-0.575758 22072.5 270.682
-0.585859 22073.7 275.144
-0.59596 22074.9 279.582
-0.606061 22076.1 283.987
-0.616162 22077.2 288.368
-0.626263 22078.5 292.713
-0.636364 22079.7 297.035
-0.646465 22081 301.319
-0.656566 22082.2 305.58
-0.666667 22083.5 309.799
-0.676768 22084.9 313.997
-0.686869 22086.3 318.15
-0.69697 22087.6 322.283
-0.707071 22089.1 326.369
-0.717172 22090.5 330.435
-0.727273 22092 334.452
-0.737374 22093.6 338.45
-0.747475 22095.1 342.397
-0.757576 22096.7 346.326
-0.767677 22098.3 350.201
-0.777778 22100 354.06
-0.787879 22101.6 357.864
-0.79798 22103.3 361.653
-0.808081 22105 365.385
-0.818182 22106.7 369.103
-0.828283 22108.4 372.763
-0.838384 22110.1 376.411
-0.848485 22111.8 380
-0.858586 22113.5 383.578
-0.868687 22115.1 387.096
-0.878788 22116.8 390.605
-0.888889 22118.3 394.053
-0.89899 22119.8 397.493
-0.909091 22121.3 400.873
-0.919192 22122.6 404.246
-0.929293 22123.8 407.558
-0.939394 22125 410.865
-0.949495 22126 414.114
-0.959596 22126.9 417.36
-0.969697 22127.5 420.558
-0.979798 22128.1 423.755
-0.989899 22128.4 426.858
-1 22128.6 429.959
