0 16904.5 0.00172306
-0.010101 17881.9 8.39663
-0.020202 17855.9 16.7996
-0.030303 17834.6 25.6793
-0.040404 17813.5 34.5631
-0.0505051 17796.7 43.5462
-0.0606061 17780.1 52.5384
-0.0707071 17767.3 61.6742
-0.0808081 17754.8 70.8208
-0.0909091 17745.5 80.0922
-0.10101 17736.5 89.3742
-0.111111 17730.2 98.7509
-0.121212 17724.1 108.137
-0.131313 17720.2 117.593
-0.141414 17716.6 127.057
-0.151515 17714.6 136.571
-0.161616 17712.8 146.093
-0.171717 17712.3 155.653
-0.181818 17711.9 165.218
-0.191919 17712.5 174.81
-0.20202 17713.2 184.407
-0.212121 17714.5 194.021
-0.222222 17716 203.638
-0.232323 17717.8 213.264
-0.242424 17719.6 222.89
-0.252525 17721.7 232.517
-0.262626 17723.9 242.141
-0.272727 17726.1 251.759
-0.282828 17728.3 261.372
-0.292929 17730.5 270.971
-0.30303 17732.7 280.561
-0.313131 17734.9 290.132
-0.323232 17737 299.692
-0.333333 17739 309.227
-0.343434 17740.9 318.748
-0.353535 17742.8 328.24
-0.363636 17744.6 337.714
-0.373737 17746.3 347.156
-0.383838 17747.9 356.577
-0.393939 17749.4 365.963
-0.40404 17750.8 375.326
-0.414141 17752.2 384.651
-0.424242 17753.5 393.949
-0.434343 17754.7 403.209
-0.444444 17755.9 412.438
-0.454545 17757 421.627
-0.464646 17758 430.782
-0.474747 17759 439.897
-0.484848 17760 448.973
-0.494949 17760.9 458.009
-0.505051 17761.8 467.003
-0.515152 17762.7 475.955
-0.525253 17763.5 484.861
-0.535354 17764.4 493.726
-0.545455 17765.2 502.54
-0.555556 17766.1 511.313
-0.565657 17766.9 520.031
-0.575758 17767.7 528.707
-0.585859 17768.6 537.324
-0.59596 17769.4 545.899
-0.606061 17770.3 554.411
-0.616162 17771.2 562.88
-0.626263 17772.1 571.281
-0.636364 17773 579.64
-0.646465 17774 587.925
-0.656566 17775 596.169
-0.666667 17776 604.334
-0.676768 17777 612.458
-0.686869 17778.1 620.497
-0.69697 17779.2 628.497
-0.707071 17780.3 636.406
-0.717172 17781.5 644.276
-0.727273 17782.7 652.05
-0.737374 17784 659.787
-0.747475 17785.3 667.421
-0.757576 17786.6 675.02
-0.767677 17787.9 682.511
-0.777778 17789.3 689.968
-0.787879 17790.8 697.312
-0.79798 17792.2 704.623
-0.808081 17793.7 711.816
-0.818182 17795.2 718.979
-0.828283 17796.7 726.018
-0.838384 17798.3 733.03
-0.848485 17799.8 739.913
-0.858586 17801.4 746.771
-0.868687 17802.9 753.496
-0.878788 17804.5 760.199
-0.888889 17805.9 766.764
-0.89899 17807.4 773.311
-0.909091 17808.8 779.716
-0.919192 17810.2 786.106
-0.929293 17811.4 792.353
-0.939394 17812.6 798.587
-0.949495 17813.6 804.681
-0.959596 17814.5 810.766
-0.969697 17815.2 816.727
-0.979798 17815.8 822.682
-0.989899 17816.1 828.478
-1 17816.3 834.27
