0 2294.07 0.000298658
-0.010101 828.37 -13.0448
-0.020202 843.921 -26.1097
-0.030303 853.805 -40.1409
-0.040404 863.506 -54.1806
-0.0505051 868.836 -68.4242
-0.0606061 873.959 -82.6798
-0.0707071 875.83 -97.1245
-0.0808081 877.499 -111.581
-0.0909091 876.856 -126.175
-0.10101 876.04 -140.779
-0.111111 873.672 -155.476
-0.121212 871.174 -170.18
-0.131313 867.725 -184.946
-0.141414 864.194 -199.718
-0.151515 860.168 -214.528
-0.161616 856.111 -229.343
-0.171717 851.892 -244.18
-0.181818 847.689 -259.02
-0.191919 843.556 -273.868
-0.20202 839.479 -288.715
-0.212121 835.623 -303.558
-0.222222 831.854 -318.398
-0.232323 828.395 -333.223
-0.242424 825.046 -348.041
-0.252525 822.048 -362.836
-0.262626 819.174 -377.619
-0.272727 816.657 -392.371
-0.282828 814.272 -407.108
-0.292929 812.227 -421.807
-0.30303 810.314 -436.487
-0.313131 808.709 -451.124
-0.323232 807.232 -465.738
-0.333333 806.025 -480.306
-0.343434 804.935 -494.847
-0.353535 804.074 -509.338
-0.363636 803.318 -523.799
-0.373737 802.75 -538.207
-0.383838 802.273 -552.582
-0.393939 801.945 -566.901
-0.40404 801.694 -581.184
-0.414141 801.558 -595.409
-0.424242 801.484 -609.593
-0.434343 801.497 -623.72
-0.444444 801.558 -637.8
-0.454545 801.681 -651.822
-0.464646 801.84 -665.793
-0.474747 802.041 -679.704
-0.484848 802.266 -693.56
-0.494949 802.519 -707.355
-0.505051 802.787 -721.09
-0.515152 803.07 -734.763
-0.525253 803.36 -748.37
-0.535354 803.656 -761.915
-0.545455 803.953 -775.387
-0.555556 804.25 -788.798
-0.565657 804.542 -802.129
-0.575758 804.83 -815.397
-0.585859 805.108 -828.58
-0.59596 805.379 -841.7
-0.606061 805.636 -854.726
-0.616162 805.884 -867.689
-0.626263 806.114 -880.551
-0.636364 806.335 -893.35
-0.646465 806.534 -906.039
-0.656566 806.721 -918.666
-0.666667 806.883 -931.174
-0.676768 807.033 -943.62
-0.686869 807.153 -955.938
-0.69697 807.26 -968.195
-0.707071 807.332 -980.313
-0.717172 807.39 -992.372
-0.727273 807.408 -1004.28
-0.737374 807.411 -1016.13
-0.747475 807.367 -1027.83
-0.757576 807.307 -1039.46
-0.767677 807.195 -1050.93
-0.777778 807.066 -1062.34
-0.787879 806.878 -1073.57
-0.79798 806.673 -1084.75
-0.808081 806.403 -1095.74
-0.818182 806.117 -1106.67
-0.828283 805.763 -1117.41
-0.838384 805.394 -1128.1
-0.848485 804.956 -1138.57
-0.858586 804.505 -1149.01
-0.868687 803.99 -1159.21
-0.878788 803.464 -1169.39
-0.888889 802.887 -1179.32
-0.89899 802.303 -1189.23
-0.909091 801.69 -1198.89
-0.919192 801.073 -1208.53
-0.929293 800.462 -1217.91
-0.939394 799.853 -1227.28
-0.949495 799.301 -1236.4
-0.959596 798.754 -1245.5
-0.969697 798.338 -1254.37
-0.979798 797.927 -1263.24
-0.989899 797.762 -1271.88
-1 797.602 -1280.52
