0 -16521.4 -0.00168524
-0.010101 -17523.7 -8.6208
-0.020202 -17497.7 -17.2484
-0.030303 -17476.5 -26.3726
-0.040404 -17455.5 -35.5012
-0.0505051 -17438.8 -44.7339
-0.0606061 -17422.4 -53.976
-0.0707071 -17409.8 -63.3651
-0.0808081 -17397.5 -72.7652
-0.0909091 -17388.4 -82.2924
-0.10101 -17379.6 -91.8303
-0.111111 -17373.4 -101.464
-0.121212 -17367.6 -111.108
-0.131313 -17363.8 -120.822
-0.141414 -17360.3 -130.545
-0.151515 -17358.5 -140.319
-0.161616 -17356.9 -150.1
-0.171717 -17356.5 -159.919
-0.181818 -17356.3 -169.744
-0.191919 -17356.9 -179.596
-0.20202 -17357.8 -189.452
-0.212121 -17359.2 -199.326
-0.222222 -17360.7 -209.203
-0.232323 -17362.5 -219.088
-0.242424 -17364.5 -228.973
-0.252525 -17366.6 -238.859
-0.262626 -17368.8 -248.742
-0.272727 -17371 -258.618
-0.282828 -17373.3 -268.488
-0.292929 -17375.5 -278.344
-0.30303 -17377.7 -288.191
-0.313131 -17379.9 -298.018
-0.323232 -17382 -307.833
-0.333333 -17384 -317.623
-0.343434 -17386 -327.398
-0.353535 -17387.8 -337.143
-0.363636 -17389.6 -346.87
-0.373737 -17391.2 -356.564
-0.383838 -17392.8 -366.236
-0.393939 -17394.3 -375.873
-0.40404 -17395.8 -385.486
-0.414141 -17397.1 -395.06
-0.424242 -17398.4 -404.606
-0.434343 -17399.6 -414.113
-0.444444 -17400.7 -423.589
-0.454545 -17401.8 -433.024
-0.464646 -17402.8 -442.423
-0.474747 -17403.8 -451.782
-0.484848 -17404.7 -461.101
-0.494949 -17405.6 -470.378
-0.505051 -17406.5 -479.613
-0.515152 -17407.3 -488.805
-0.525253 -17408.2 -497.95
-0.535354 -17409 -507.052
-0.545455 -17409.8 -516.103
-0.555556 -17410.6 -525.111
-0.565657 -17411.4 -534.063
-0.575758 -17412.2 -542.972
-0.585859 -17413.1 -551.82
-0.59596 -17413.9 -560.626
-0.606061 -17414.7 -569.366
-0.616162 -17415.6 -578.063
-0.626263 -17416.5 -586.69
-0.636364 -17417.4 -595.274
-0.646465 -17418.3 -603.782
-0.656566 -17419.3 -612.248
-0.666667 -17420.2 -620.633
-0.676768 -17421.3 -628.976
-0.686869 -17422.3 -637.232
-0.69697 -17423.4 -645.447
-0.707071 -17424.5 -653.569
-0.717172 -17425.7 -661.652
-0.727273 -17426.9 -669.635
-0.737374 -17428.1 -677.581
-0.747475 -17429.3 -685.421
-0.757576 -17430.6 -693.225
-0.767677 -17432 -700.918
-0.777778 -17433.3 -708.576
-0.787879 -17434.8 -716.117
-0.79798 -17436.2 -723.625
-0.808081 -17437.7 -731.012
-0.818182 -17439.1 -738.367
-0.828283 -17440.7 -745.595
-0.838384 -17442.2 -752.795
-0.848485 -17443.7 -759.862
-0.858586 -17445.2 -766.904
-0.868687 -17446.8 -773.809
-0.878788 -17448.3 -780.691
-0.888889 -17449.8 -787.43
-0.89899 -17451.2 -794.151
-0.909091 -17452.6 -800.726
-0.919192 -17454 -807.285
-0.929293 -17455.2 -813.696
-0.939394 -17456.4 -820.095
-0.949495 -17457.4 -826.349
-0.959596 -17458.3 -832.593
-0.969697 -17459 -838.709
-0.979798 -17459.6 -844.82
-0.989899 -17459.9 -850.766
-1 -17460.1 -856.71
