0 12708.3 0.0014092
-0.010101 13909 10.4475
-0.020202 13883.9 20.9056
-0.030303 13864.1 32.0225
-0.040404 13844.6 43.1453
-0.0505051 13829.7 54.4059
-0.0606061 13815.1 65.6773
-0.0707071 13804.5 77.1175
-0.0808081 13794.1 88.5697
-0.0909091 13786.9 100.161
-0.10101 13780 111.763
-0.111111 13775.7 123.467
-0.121212 13771.7 135.181
-0.131313 13769.6 146.968
-0.141414 13767.7 158.763
-0.151515 13767.3 170.609
-0.161616 13767.1 182.463
-0.171717 13767.9 194.353
-0.181818 13768.9 206.248
-0.191919 13770.5 218.167
-0.20202 13772.3 230.089
-0.212121 13774.4 242.024
-0.222222 13776.7 253.96
-0.232323 13779.1 265.899
-0.242424 13781.6 277.836
-0.252525 13784.1 289.766
-0.262626 13786.6 301.692
-0.272727 13789.1 313.603
-0.282828 13791.5 325.505
-0.292929 13793.9 337.386
-0.30303 13796.2 349.255
-0.313131 13798.4 361.096
-0.323232 13800.5 372.921
-0.333333 13802.4 384.713
-0.343434 13804.3 396.485
-0.353535 13806 408.221
-0.363636 13807.6 419.933
-0.373737 13809.1 431.605
-0.383838 13810.5 443.25
-0.393939 13811.8 454.853
-0.40404 13813 466.424
-0.414141 13814.2 477.951
-0.424242 13815.2 489.443
-0.434343 13816.2 500.889
-0.444444 13817.1 512.296
-0.454545 13817.9 523.656
-0.464646 13818.7 534.973
-0.474747 13819.4 546.241
-0.484848 13820.1 557.462
-0.494949 13820.8 568.634
-0.505051 13821.4 579.754
-0.515152 13822 590.824
-0.525253 13822.6 601.839
-0.535354 13823.2 612.802
-0.545455 13823.8 623.704
-0.555556 13824.3 634.555
-0.565657 13824.9 645.34
-0.575758 13825.5 656.074
-0.585859 13826.1 666.735
-0.59596 13826.7 677.345
-0.606061 13827.3 687.878
-0.616162 13827.9 698.359
-0.626263 13828.6 708.756
-0.636364 13829.2 719.102
-0.646465 13829.9 729.357
-0.656566 13830.7 739.561
-0.666667 13831.4 749.668
-0.676768 13832.2 759.725
-0.686869 13833 769.677
-0.69697 13833.9 779.581
-0.707071 13834.7 789.372
-0.717172 13835.6 799.115
-0.727273 13836.6 808.738
-0.737374 13837.6 818.316
-0.747475 13838.6 827.765
-0.757576 13839.7 837.17
-0.767677 13840.8 846.44
-0.777778 13841.9 855.668
-0.787879 13843.1 864.753
-0.79798 13844.3 873.797
-0.808081 13845.6 882.691
-0.818182 13846.9 891.548
-0.828283 13848.2 900.247
-0.838384 13849.5 908.912
-0.848485 13850.9 917.411
-0.858586 13852.2 925.88
-0.868687 13853.6 934.177
-0.878788 13855 942.446
-0.888889 13856.3 950.538
-0.89899 13857.6 958.606
-0.909091 13858.9 966.491
-0.919192 13860.2 974.356
-0.929293 13861.3 982.036
-0.939394 13862.4 989.699
-0.949495 13863.4 997.179
-0.959596 13864.3 1004.65
-0.969697 13865 1011.95
-0.979798 13865.6 1019.25
-0.989899 13865.8 1026.35
-1 13866.1 1033.46
