0 9855.52 0.00119332
-0.010101 11160.7 11.4221
-0.020202 11136.7 22.8571
-0.030303 11118.4 35.0442
-0.040404 11100.3 47.2378
-0.0505051 11087 59.5889
-0.0606061 11074 71.9515
-0.0707071 11064.9 84.4936
-0.0808081 11056 97.0482
-0.0909091 11050.3 109.746
-0.10101 11044.9 122.456
-0.111111 11041.9 135.269
-0.121212 11039.2 148.092
-0.131313 11038.2 160.987
-0.141414 11037.5 173.891
-0.151515 11038 186.845
-0.161616 11038.8 199.806
-0.171717 11040.4 212.801
-0.181818 11042.1 225.801
-0.191919 11044.3 238.822
-0.20202 11046.7 251.845
-0.212121 11049.3 264.878
-0.222222 11052 277.911
-0.232323 11054.7 290.944
-0.242424 11057.5 303.973
-0.252525 11060.2 316.991
-0.262626 11062.9 330.003
-0.272727 11065.5 342.996
-0.282828 11068 355.978
-0.292929 11070.4 368.934
-0.30303 11072.7 381.877
-0.313131 11074.8 394.786
-0.323232 11076.9 407.679
-0.333333 11078.7 420.533
-0.343434 11080.5 433.366
-0.353535 11082.1 446.157
-0.363636 11083.6 458.923
-0.373737 11084.9 471.644
-0.383838 11086.2 484.336
-0.393939 11087.3 496.98
-0.40404 11088.4 509.592
-0.414141 11089.3 522.153
-0.424242 11090.2 534.678
-0.434343 11090.9 547.152
-0.444444 11091.7 559.584
-0.454545 11092.3 571.964
-0.464646 11092.9 584.298
-0.474747 11093.5 596.579
-0.484848 11094 608.81
-0.494949 11094.5 620.986
-0.505051 11095 633.108
-0.515152 11095.4 645.174
-0.525253 11095.8 657.181
-0.535354 11096.2 669.132
-0.545455 11096.6 681.017
-0.555556 11097 692.846
-0.565657 11097.4 704.604
-0.575758 11097.8 716.307
-0.585859 11098.3 727.931
-0.59596 11098.7 739.499
-0.606061 11099.1 750.984
-0.616162 11099.6 762.412
-0.626263 11100.1 773.749
-0.636364 11100.6 785.031
-0.646465 11101.1 796.214
-0.656566 11101.6 807.342
-0.666667 11102.2 818.365
-0.676768 11102.8 829.332
-0.686869 11103.4 840.186
-0.69697 11104.1 850.986
-0.707071 11104.8 861.664
-0.717172 11105.5 872.29
-0.727273 11106.3 882.785
-0.737374 11107.1 893.229
-0.747475 11108 903.534
-0.757576 11108.9 913.79
-0.767677 11109.8 923.898
-0.777778 11110.8 933.959
-0.787879 11111.8 943.864
-0.79798 11112.8 953.724
-0.808081 11113.9 963.419
-0.818182 11115 973.073
-0.828283 11116.1 982.552
-0.838384 11117.3 991.994
-0.848485 11118.5 1001.25
-0.858586 11119.7 1010.48
-0.868687 11120.9 1019.51
-0.878788 11122.2 1028.52
-0.888889 11123.4 1037.32
-0.89899 11124.6 1046.1
-0.909091 11125.8 1054.68
-0.919192 11127 1063.24
-0.929293 11128 1071.59
-0.939394 11129.1 1079.92
-0.949495 11130 1088.04
-0.959596 11130.8 1096.16
-0.969697 11131.5 1104.08
-0.979798 11132.1 1112
-0.989899 11132.3 1119.72
-1 11132.5 1127.43
