0 1213.34 0.000160994
-0.010101 -254.339 -13.0448
-0.020202 -237.846 -26.1093
-0.030303 -227.085 -40.1314
-0.040404 -216.509 -54.162
-0.0505051 -210.393 -68.3946
-0.0606061 -204.49 -82.6393
-0.0707071 -201.938 -97.0743
-0.0808081 -199.597 -111.522
-0.0909091 -199.67 -126.108
-0.10101 -199.927 -140.705
-0.111111 -201.832 -155.396
-0.121212 -203.88 -170.096
-0.131313 -206.969 -184.859
-0.141414 -210.151 -199.628
-0.151515 -213.907 -214.437
-0.161616 -217.706 -229.251
-0.171717 -221.735 -244.088
-0.181818 -225.759 -258.928
-0.191919 -229.769 -273.778
-0.20202 -233.734 -288.627
-0.212121 -237.521 -303.474
-0.222222 -241.231 -318.317
-0.232323 -244.666 -333.147
-0.242424 -247.998 -347.97
-0.252525 -251.007 -362.77
-0.262626 -253.896 -377.56
-0.272727 -256.449 -392.318
-0.282828 -258.874 -407.062
-0.292929 -260.972 -421.769
-0.30303 -262.942 -436.457
-0.313131 -264.612 -451.102
-0.323232 -266.157 -465.726
-0.333333 -267.436 -480.302
-0.343434 -268.6 -494.852
-0.353535 -269.538 -509.353
-0.363636 -270.37 -523.823
-0.373737 -271.016 -538.241
-0.383838 -271.57 -552.625
-0.393939 -271.974 -566.954
-0.40404 -272.301 -581.246
-0.414141 -272.512 -595.481
-0.424242 -272.659 -609.675
-0.434343 -272.718 -623.81
-0.444444 -272.728 -637.9
-0.454545 -272.674 -651.931
-0.464646 -272.583 -665.911
-0.474747 -272.449 -679.832
-0.484848 -272.289 -693.696
-0.494949 -272.1 -707.5
-0.505051 -271.896 -721.243
-0.515152 -271.675 -734.925
-0.525253 -271.447 -748.54
-0.535354 -271.211 -762.093
-0.545455 -270.975 -775.574
-0.555556 -270.738 -788.992
-0.565657 -270.506 -802.331
-0.575758 -270.279 -815.607
-0.585859 -270.061 -828.797
-0.59596 -269.85 -841.924
-0.606061 -269.654 -854.957
-0.616162 -269.468 -867.927
-0.626263 -269.299 -880.796
-0.636364 -269.142 -893.602
-0.646465 -269.007 -906.297
-0.656566 -268.884 -918.931
-0.666667 -268.787 -931.445
-0.676768 -268.704 -943.897
-0.686869 -268.652 -956.221
-0.69697 -268.614 -968.484
-0.707071 -268.612 -980.608
-0.717172 -268.625 -992.673
-0.727273 -268.679 -1004.59
-0.737374 -268.75 -1016.45
-0.747475 -268.868 -1028.15
-0.757576 -269.003 -1039.79
-0.767677 -269.192 -1051.26
-0.777778 -269.397 -1062.68
-0.787879 -269.663 -1073.91
-0.79798 -269.945 -1085.1
-0.808081 -270.292 -1096.09
-0.818182 -270.656 -1107.04
-0.828283 -271.087 -1117.78
-0.838384 -271.532 -1128.48
-0.848485 -272.045 -1138.96
-0.858586 -272.57 -1149.4
-0.868687 -273.156 -1159.62
-0.878788 -273.752 -1169.8
-0.888889 -274.394 -1179.74
-0.89899 -275.043 -1189.66
-0.909091 -275.715 -1199.33
-0.919192 -276.388 -1208.98
-0.929293 -277.047 -1218.38
-0.939394 -277.705 -1227.75
-0.949495 -278.293 -1236.88
-0.959596 -278.877 -1246
-0.969697 -279.316 -1254.89
-0.979798 -279.749 -1263.77
-0.989899 -279.922 -1272.42
-1 -280.09 -1281.08
