0 -21009.1 -0.00188334
-0.010101 -21621.9 -5.09109
-0.020202 -21596.7 -10.1827
-0.030303 -21575.1 -15.4786
-0.040404 -21553.5 -20.7764
-0.0505051 -21535.5 -26.1158
-0.0606061 -21517.7 -31.4616
-0.0707071 -21503.2 -36.9074
-0.0808081 -21488.9 -42.3617
-0.0909091 -21477.6 -47.9131
-0.10101 -21466.6 -53.4733
-0.111111 -21458.1 -59.1118
-0.121212 -21450 -64.7585
-0.131313 -21444 -70.4651
-0.141414 -21438.3 -76.1793
-0.151515 -21434.4 -81.9395
-0.161616 -21430.8 -87.7067
-0.171717 -21428.6 -93.5102
-0.181818 -21426.6 -99.32
-0.191919 -21425.7 -105.159
-0.20202 -21425 -111.003
-0.212121 -21425.1 -116.87
-0.222222 -21425.4 -122.741
-0.232323 -21426.3 -128.629
-0.242424 -21427.2 -134.52
-0.252525 -21428.6 -140.42
-0.262626 -21430.1 -146.322
-0.272727 -21431.8 -152.228
-0.282828 -21433.5 -158.134
-0.292929 -21435.4 -164.037
-0.30303 -21437.3 -169.938
-0.313131 -21439.2 -175.832
-0.323232 -21441.2 -181.72
-0.333333 -21443.1 -187.598
-0.343434 -21445 -193.467
-0.353535 -21446.9 -199.322
-0.363636 -21448.8 -205.167
-0.373737 -21450.5 -210.993
-0.383838 -21452.3 -216.807
-0.393939 -21454 -222.601
-0.40404 -21455.6 -228.38
-0.414141 -21457.2 -234.136
-0.424242 -21458.7 -239.876
-0.434343 -21460.1 -245.591
-0.444444 -21461.5 -251.288
-0.454545 -21462.9 -256.959
-0.464646 -21464.2 -262.608
-0.474747 -21465.5 -268.232
-0.484848 -21466.7 -273.831
-0.494949 -21467.9 -279.405
-0.505051 -21469.1 -284.951
-0.515152 -21470.3 -290.471
-0.525253 -21471.4 -295.961
-0.535354 -21472.5 -301.425
-0.545455 -21473.6 -306.857
-0.555556 -21474.7 -312.262
-0.565657 -21475.8 -317.632
-0.575758 -21476.9 -322.976
-0.585859 -21478 -328.282
-0.59596 -21479.2 -333.561
-0.606061 -21480.3 -338.8
-0.616162 -21481.4 -344.012
-0.626263 -21482.6 -349.181
-0.636364 -21483.8 -354.323
-0.646465 -21485 -359.419
-0.656566 -21486.2 -364.49
-0.666667 -21487.5 -369.511
-0.676768 -21488.8 -374.506
-0.686869 -21490.1 -379.45
-0.69697 -21491.5 -384.368
-0.707071 -21492.9 -389.231
-0.717172 -21494.3 -394.07
-0.727273 -21495.8 -398.851
-0.737374 -21497.2 -403.609
-0.747475 -21498.8 -408.305
-0.757576 -21500.3 -412.98
-0.767677 -21501.9 -417.591
-0.777778 -21503.5 -422.181
-0.787879 -21505.1 -426.705
-0.79798 -21506.8 -431.21
-0.808081 -21508.5 -435.646
-0.818182 -21510.1 -440.065
-0.828283 -21511.8 -444.412
-0.838384 -21513.5 -448.745
-0.848485 -21515.2 -453.004
-0.858586 -21516.9 -457.25
-0.868687 -21518.5 -461.421
-0.878788 -21520.2 -465.581
-0.888889 -21521.7 -469.664
-0.89899 -21523.3 -473.737
-0.909091 -21524.7 -477.734
-0.919192 -21526.1 -481.722
-0.929293 -21527.3 -485.633
-0.939394 -21528.5 -489.538
-0.949495 -21529.5 -493.368
-0.959596 -21530.4 -497.194
-0.969697 -21531 -500.958
-0.979798 -21531.7 -504.719
-0.989899 -21531.9 -508.372
-1 -21532.1 -512.022
