0 -23565.8 -0.00276487
-0.010101 -23390.5 1.94215
-0.020202 -23372.6 3.89628
-0.030303 -23355.2 6.1778
-0.040404 -23337.9 8.46226
-0.0505051 -23321.8 10.8173
-0.0606061 -23305.8 13.1724
-0.0707071 -23291.4 15.528
-0.0808081 -23277.2 17.8813
-0.0909091 -23264.9 20.2088
-0.10101 -23252.7 22.5329
-0.111111 -23242.4 24.8258
-0.121212 -23232.4 27.1147
-0.131313 -23224.1 29.3742
-0.141414 -23216.1 31.6293
-0.151515 -23209.7 33.8573
-0.161616 -23203.6 36.0804
-0.171717 -23198.8 38.2776
-0.181818 -23194.4 40.469
-0.191919 -23191.1 42.6347
-0.20202 -23188.1 44.7939
-0.212121 -23186 46.9274
-0.222222 -23184.2 49.0538
-0.232323 -23183.2 51.155
-0.242424 -23182.3 53.2487
-0.252525 -23182.1 55.3184
-0.262626 -23182 57.3805
-0.272727 -23182.4 59.4206
-0.282828 -23182.9 61.453
-0.292929 -23183.7 63.4658
-0.30303 -23184.7 65.4713
-0.313131 -23185.8 67.4596
-0.323232 -23187.1 69.441
-0.333333 -23188.4 71.4076
-0.343434 -23189.9 73.3677
-0.353535 -23191.4 75.3152
-0.363636 -23192.9 77.2567
-0.373737 -23194.5 79.1874
-0.383838 -23196.1 81.1125
-0.393939 -23197.7 83.0283
-0.40404 -23199.2 84.9387
-0.414141 -23200.8 86.8409
-0.424242 -23202.4 88.738
-0.434343 -23203.9 90.6277
-0.444444 -23205.5 92.5123
-0.454545 -23207 94.3901
-0.464646 -23208.5 96.2626
-0.474747 -23209.9 98.1288
-0.484848 -23211.4 99.9893
-0.494949 -23212.8 101.844
-0.505051 -23214.2 103.692
-0.515152 -23215.5 105.534
-0.525253 -23216.9 107.37
-0.535354 -23218.3 109.2
-0.545455 -23219.6 111.022
-0.555556 -23220.9 112.839
-0.565657 -23222.3 114.647
-0.575758 -23223.6 116.448
-0.585859 -23224.9 118.241
-0.59596 -23226.3 120.027
-0.606061 -23227.6 121.803
-0.616162 -23229 123.572
-0.626263 -23230.4 125.33
-0.636364 -23231.7 127.08
-0.646465 -23233.1 128.817
-0.656566 -23234.5 130.547
-0.666667 -23236 132.262
-0.676768 -23237.4 133.97
-0.686869 -23238.9 135.661
-0.69697 -23240.4 137.343
-0.707071 -23241.9 139.007
-0.717172 -23243.5 140.662
-0.727273 -23245 142.296
-0.737374 -23246.6 143.921
-0.747475 -23248.2 145.522
-0.757576 -23249.8 147.114
-0.767677 -23251.4 148.677
-0.777778 -23253 150.232
-0.787879 -23254.7 151.756
-0.79798 -23256.3 153.27
-0.808081 -23257.9 154.749
-0.818182 -23259.6 156.219
-0.828283 -23261.1 157.65
-0.838384 -23262.7 159.072
-0.848485 -23264.3 160.45
-0.858586 -23265.8 161.82
-0.868687 -23267.2 163.142
-0.878788 -23268.7 164.456
-0.888889 -23270 165.718
-0.89899 -23271.3 166.974
-0.909091 -23272.5 168.173
-0.919192 -23273.6 169.367
-0.929293 -23274.5 170.503
-0.939394 -23275.5 171.633
-0.949495 -23276.2 172.703
-0.959596 -23276.9 173.769
-0.969697 -23277.3 174.772
-0.979798 -23277.7 175.773
-0.989899 -23277.9 176.764
-1 -23278 177.755
