0 411.83 3.66179e-05
-0.010101 1876.69 12.9934
-0.020202 1858.85 26.0058
-0.030303 1846.81 39.9592
-0.040404 1834.97 53.9209
-0.0505051 1827.7 68.0809
-0.0606061 1820.65 82.2531
-0.0707071 1817.09 96.6168
-0.0808081 1813.75 110.993
-0.0909091 1812.96 125.511
-0.10101 1812.38 140.04
-0.111111 1813.58 154.666
-0.121212 1814.95 169.3
-0.131313 1817.48 184
-0.141414 1820.13 198.707
-0.151515 1823.47 213.455
-0.161616 1826.87 228.209
-0.171717 1830.59 242.989
-0.181818 1834.33 257.771
-0.191919 1838.14 272.565
-0.20202 1841.92 287.359
-0.212121 1845.59 302.152
-0.222222 1849.2 316.942
-0.232323 1852.58 331.72
-0.242424 1855.88 346.492
-0.252525 1858.89 361.243
-0.262626 1861.79 375.983
-0.272727 1864.39 390.693
-0.282828 1866.86 405.39
-0.292929 1869.03 420.05
-0.30303 1871.08 434.692
-0.313131 1872.84 449.293
-0.323232 1874.48 463.871
-0.333333 1875.86 478.403
-0.343434 1877.13 492.91
-0.353535 1878.18 507.367
-0.363636 1879.13 521.794
-0.373737 1879.89 536.169
-0.383838 1880.55 550.511
-0.393939 1881.07 564.798
-0.40404 1881.51 579.047
-0.414141 1881.83 593.241
-0.424242 1882.09 607.392
-0.434343 1882.25 621.487
-0.444444 1882.37 635.535
-0.454545 1882.42 649.524
-0.464646 1882.43 663.462
-0.474747 1882.4 677.341
-0.484848 1882.34 691.164
-0.494949 1882.24 704.927
-0.505051 1882.14 718.628
-0.515152 1882.01 732.269
-0.525253 1881.87 745.842
-0.535354 1881.73 759.354
-0.545455 1881.59 772.793
-0.555556 1881.44 786.17
-0.565657 1881.3 799.467
-0.575758 1881.16 812.702
-0.585859 1881.04 825.851
-0.59596 1880.92 838.936
-0.606061 1880.81 851.928
-0.616162 1880.72 864.858
-0.626263 1880.64 877.685
-0.636364 1880.58 890.45
-0.646465 1880.54 903.105
-0.656566 1880.52 915.698
-0.666667 1880.52 928.172
-0.676768 1880.54 940.584
-0.686869 1880.59 952.868
-0.69697 1880.65 965.092
-0.707071 1880.76 977.177
-0.717172 1880.87 989.203
-0.727273 1881.04 1001.08
-0.737374 1881.22 1012.9
-0.747475 1881.45 1024.56
-0.757576 1881.69 1036.17
-0.767677 1882 1047.6
-0.777778 1882.32 1058.98
-0.787879 1882.7 1070.18
-0.79798 1883.09 1081.33
-0.808081 1883.56 1092.29
-0.818182 1884.03 1103.2
-0.828283 1884.58 1113.91
-0.838384 1885.14 1124.58
-0.848485 1885.76 1135.03
-0.858586 1886.39 1145.44
-0.868687 1887.08 1155.63
-0.878788 1887.78 1165.78
-0.888889 1888.52 1175.71
-0.89899 1889.26 1185.6
-0.909091 1890.02 1195.25
-0.919192 1890.78 1204.87
-0.929293 1891.51 1214.25
-0.939394 1892.23 1223.6
-0.949495 1892.87 1232.72
-0.959596 1893.51 1241.82
-0.969697 1893.98 1250.69
-0.979798 1894.45 1259.56
-0.989899 1894.63 1268.2
-1 1894.81 1276.84
