0 8598.58 0.0010709
-0.010101 7208.87 -12.4737
-0.020202 7218.16 -24.9693
-0.030303 7222.41 -38.4394
-0.040404 7226.5 -51.9182
-0.0505051 7226.93 -65.603
-0.0606061 7227.21 -79.2988
-0.0707071 7224.96 -93.1679
-0.0808081 7222.58 -107.047
-0.0909091 7218.58 -121.045
-0.10101 7214.48 -135.051
-0.111111 7209.48 -149.134
-0.121212 7204.43 -163.222
-0.131313 7198.99 -177.358
-0.141414 7193.55 -191.499
-0.151515 7188.1 -205.668
-0.161616 7182.69 -219.839
-0.171717 7177.53 -234.024
-0.181818 7172.45 -248.209
-0.191919 7167.76 -262.395
-0.20202 7163.2 -276.578
-0.212121 7159.1 -290.751
-0.222222 7155.15 -304.919
-0.232323 7151.7 -319.066
-0.242424 7148.4 -333.205
-0.252525 7145.59 -347.315
-0.262626 7142.94 -361.413
-0.272727 7140.74 -375.477
-0.282828 7138.7 -389.524
-0.292929 7137.06 -403.531
-0.30303 7135.56 -417.52
-0.313131 7134.42 -431.464
-0.323232 7133.41 -445.385
-0.333333 7132.68 -459.26
-0.343434 7132.08 -473.108
-0.353535 7131.7 -486.907
-0.363636 7131.44 -500.677
-0.373737 7131.35 -514.396
-0.383838 7131.35 -528.082
-0.393939 7131.49 -541.716
-0.40404 7131.7 -555.314
-0.414141 7132.01 -568.858
-0.424242 7132.38 -582.362
-0.434343 7132.81 -595.812
-0.444444 7133.29 -609.218
-0.454545 7133.82 -622.568
-0.464646 7134.37 -635.871
-0.474747 7134.96 -649.117
-0.484848 7135.56 -662.311
-0.494949 7136.18 -675.448
-0.505051 7136.81 -688.527
-0.515152 7137.45 -701.549
-0.525253 7138.1 -714.508
-0.535354 7138.74 -727.409
-0.545455 7139.38 -740.242
-0.555556 7140.02 -753.016
-0.565657 7140.66 -765.715
-0.575758 7141.29 -778.355
-0.585859 7141.91 -790.914
-0.59596 7142.53 -803.414
-0.606061 7143.14 -815.825
-0.616162 7143.74 -828.177
-0.626263 7144.33 -840.433
-0.636364 7144.91 -852.63
-0.646465 7145.48 -864.722
-0.656566 7146.04 -876.755
-0.666667 7146.58 -888.676
-0.676768 7147.12 -900.537
-0.686869 7147.64 -912.277
-0.69697 7148.15 -923.958
-0.707071 7148.63 -935.508
-0.717172 7149.11 -947.001
-0.727273 7149.56 -958.352
-0.737374 7149.99 -969.647
-0.747475 7150.39 -980.789
-0.757576 7150.78 -991.878
-0.767677 7151.12 -1002.8
-0.777778 7151.45 -1013.68
-0.787879 7151.73 -1024.37
-0.79798 7151.99 -1035.02
-0.808081 7152.2 -1045.49
-0.818182 7152.38 -1055.9
-0.828283 7152.5 -1066.12
-0.838384 7152.6 -1076.29
-0.848485 7152.62 -1086.26
-0.858586 7152.63 -1096.19
-0.868687 7152.56 -1105.9
-0.878788 7152.47 -1115.57
-0.888889 7152.31 -1125.01
-0.89899 7152.13 -1134.42
-0.909091 7151.89 -1143.6
-0.919192 7151.64 -1152.74
-0.929293 7151.34 -1161.65
-0.939394 7151.04 -1170.53
-0.949495 7150.73 -1179.17
-0.959596 7150.42 -1187.8
-0.969697 7150.16 -1196.2
-0.979798 7149.9 -1204.59
-0.989899 7149.79 -1212.77
-1 7149.69 -1220.95
