0 12469.8 0.00154317
-0.010101 11189.5 -11.5657
-0.020202 11194.2 -23.1533
-0.030303 11194.5 -35.6803
-0.040404 11194.7 -48.2156
-0.0505051 11191.8 -60.9498
-0.0606061 11188.8 -73.6939
-0.0707071 11183.9 -86.5934
-0.0808081 11178.9 -99.5016
-0.0909091 11172.8 -112.511
-0.10101 11166.7 -125.527
-0.111111 11160.1 -138.605
-0.121212 11153.5 -151.688
-0.131313 11147 -164.807
-0.141414 11140.5 -177.93
-0.151515 11134.3 -191.072
-0.161616 11128.2 -204.216
-0.171717 11122.7 -217.366
-0.181818 11117.2 -230.516
-0.191919 11112.4 -243.661
-0.20202 11107.7 -256.803
-0.212121 11103.6 -269.93
-0.222222 11099.7 -283.051
-0.232323 11096.4 -296.148
-0.242424 11093.2 -309.237
-0.252525 11090.7 -322.295
-0.262626 11088.3 -335.341
-0.272727 11086.4 -348.351
-0.282828 11084.7 -361.346
-0.292929 11083.4 -374.3
-0.30303 11082.2 -387.236
-0.313131 11081.4 -400.129
-0.323232 11080.8 -413.001
-0.333333 11080.4 -425.827
-0.343434 11080.1 -438.629
-0.353535 11080.1 -451.384
-0.363636 11080.2 -464.111
-0.373737 11080.4 -476.791
-0.383838 11080.7 -489.44
-0.393939 11081.2 -502.041
-0.40404 11081.7 -514.608
-0.414141 11082.3 -527.125
-0.424242 11082.9 -539.606
-0.434343 11083.7 -552.037
-0.444444 11084.4 -564.427
-0.454545 11085.2 -576.766
-0.464646 11086 -589.061
-0.474747 11086.8 -601.305
-0.484848 11087.6 -613.5
-0.494949 11088.5 -625.643
-0.505051 11089.3 -637.734
-0.515152 11090.2 -649.771
-0.525253 11091 -661.751
-0.535354 11091.9 -673.678
-0.545455 11092.7 -685.542
-0.555556 11093.6 -697.353
-0.565657 11094.4 -709.094
-0.575758 11095.2 -720.782
-0.585859 11096.1 -732.395
-0.59596 11096.9 -743.954
-0.606061 11097.7 -755.431
-0.616162 11098.5 -766.854
-0.626263 11099.3 -778.188
-0.636364 11100.1 -789.468
-0.646465 11100.9 -800.651
-0.656566 11101.7 -811.781
-0.666667 11102.5 -822.806
-0.676768 11103.2 -833.777
-0.686869 11104 -844.635
-0.69697 11104.8 -855.44
-0.707071 11105.5 -866.123
-0.717172 11106.3 -876.753
-0.727273 11107 -887.252
-0.737374 11107.7 -897.699
-0.747475 11108.4 -908.004
-0.757576 11109 -918.26
-0.767677 11109.7 -928.363
-0.777778 11110.3 -938.417
-0.787879 11110.9 -948.309
-0.79798 11111.4 -958.154
-0.808081 11111.9 -967.826
-0.818182 11112.4 -977.454
-0.828283 11112.9 -986.897
-0.838384 11113.3 -996.3
-0.848485 11113.6 -1005.51
-0.858586 11113.9 -1014.68
-0.868687 11114.2 -1023.64
-0.878788 11114.4 -1032.57
-0.888889 11114.5 -1041.28
-0.89899 11114.6 -1049.97
-0.909091 11114.6 -1058.43
-0.919192 11114.6 -1066.87
-0.929293 11114.5 -1075.07
-0.939394 11114.5 -1083.26
-0.949495 11114.3 -1091.22
-0.959596 11114.2 -1099.16
-0.969697 11114 -1106.89
-0.979798 11113.9 -1114.6
-0.989899 11113.8 -1122.14
-1 11113.8 -1129.66
