0 -19326.5 -0.00206595
-0.010101 -20116.4 -6.69198
-0.020202 -20090.6 -13.3867
-0.030303 -20068.8 -20.4152
-0.040404 -20047.3 -27.4465
-0.0505051 -20029.6 -34.5469
-0.0606061 -20012.2 -41.655
-0.0707071 -19998.3 -48.8845
-0.0808081 -19984.7 -56.1237
-0.0909091 -19974.2 -63.474
-0.10101 -19964 -70.8341
-0.111111 -19956.5 -78.281
-0.121212 -19949.2 -85.7368
-0.131313 -19944.1 -93.2577
-0.141414 -19939.3 -100.786
-0.151515 -19936.3 -108.364
-0.161616 -19933.5 -115.949
-0.171717 -19932 -123.571
-0.181818 -19930.8 -131.199
-0.191919 -19930.6 -138.856
-0.20202 -19930.5 -146.518
-0.212121 -19931.2 -154.2
-0.222222 -19932 -161.886
-0.232323 -19933.3 -169.585
-0.242424 -19934.7 -177.286
-0.252525 -19936.5 -184.992
-0.262626 -19938.2 -192.699
-0.272727 -19940.2 -200.404
-0.282828 -19942.2 -208.106
-0.292929 -19944.2 -215.802
-0.30303 -19946.3 -223.491
-0.313131 -19948.4 -231.168
-0.323232 -19950.4 -238.837
-0.333333 -19952.4 -246.488
-0.343434 -19954.4 -254.128
-0.353535 -19956.2 -261.747
-0.363636 -19958.1 -269.352
-0.373737 -19959.8 -276.932
-0.383838 -19961.5 -284.495
-0.393939 -19963.2 -292.032
-0.40404 -19964.7 -299.549
-0.414141 -19966.2 -307.036
-0.424242 -19967.6 -314.502
-0.434343 -19969 -321.936
-0.444444 -19970.3 -329.346
-0.454545 -19971.6 -336.724
-0.464646 -19972.8 -344.073
-0.474747 -19973.9 -351.39
-0.484848 -19975.1 -358.676
-0.494949 -19976.1 -365.929
-0.505051 -19977.2 -373.147
-0.515152 -19978.2 -380.332
-0.525253 -19979.3 -387.479
-0.535354 -19980.3 -394.592
-0.545455 -19981.3 -401.665
-0.555556 -19982.2 -408.703
-0.565657 -19983.2 -415.697
-0.575758 -19984.2 -422.657
-0.585859 -19985.2 -429.569
-0.59596 -19986.2 -436.446
-0.606061 -19987.3 -443.272
-0.616162 -19988.3 -450.064
-0.626263 -19989.3 -456.8
-0.636364 -19990.4 -463.503
-0.646465 -19991.5 -470.145
-0.656566 -19992.7 -476.755
-0.666667 -19993.8 -483.3
-0.676768 -19995 -489.813
-0.686869 -19996.2 -496.258
-0.69697 -19997.5 -502.67
-0.707071 -19998.8 -509.011
-0.717172 -20000.1 -515.32
-0.727273 -20001.5 -521.552
-0.737374 -20002.9 -527.755
-0.747475 -20004.3 -533.876
-0.757576 -20005.7 -539.969
-0.767677 -20007.2 -545.977
-0.777778 -20008.8 -551.958
-0.787879 -20010.3 -557.849
-0.79798 -20011.9 -563.716
-0.808081 -20013.5 -569.489
-0.818182 -20015.1 -575.239
-0.828283 -20016.8 -580.893
-0.838384 -20018.4 -586.526
-0.848485 -20020 -592.058
-0.858586 -20021.7 -597.572
-0.868687 -20023.3 -602.983
-0.878788 -20024.9 -608.377
-0.888889 -20026.4 -613.666
-0.89899 -20028 -618.94
-0.909091 -20029.4 -624.107
-0.919192 -20030.8 -629.262
-0.929293 -20032 -634.308
-0.939394 -20033.2 -639.345
-0.949495 -20034.2 -644.276
-0.959596 -20035.2 -649.2
-0.969697 -20035.8 -654.033
-0.979798 -20036.5 -658.861
-0.989899 -20036.7 -663.556
-1 -20036.9 -668.248
