0 -22547.7 -0.00222388
-0.010101 -22045.8 4.82525
-0.020202 -22032.7 9.66554
-0.030303 -22018.7 15.0345
-0.040404 -22004.7 20.4081
-0.0505051 -21990.9 25.8947
-0.0606061 -21977.1 31.3841
-0.0707071 -21964.1 36.9176
-0.0808081 -21951.3 42.4517
-0.0909091 -21939.6 47.9934
-0.10101 -21928 53.5342
-0.111111 -21917.9 59.0673
-0.121212 -21907.9 64.5985
-0.131313 -21899.4 70.1163
-0.141414 -21891.1 75.6314
-0.151515 -21884.2 81.1303
-0.161616 -21877.5 86.6255
-0.171717 -21872.1 92.1017
-0.181818 -21867 97.5731
-0.191919 -21863 103.022
-0.20202 -21859.2 108.465
-0.212121 -21856.4 113.884
-0.222222 -21853.8 119.295
-0.232323 -21852.1 124.679
-0.242424 -21850.5 130.054
-0.252525 -21849.6 135.401
-0.262626 -21848.8 140.739
-0.272727 -21848.6 146.049
-0.282828 -21848.5 151.348
-0.292929 -21848.9 156.621
-0.30303 -21849.3 161.882
-0.313131 -21850 167.117
-0.323232 -21850.8 172.34
-0.333333 -21851.8 177.539
-0.343434 -21852.9 182.726
-0.353535 -21854.1 187.89
-0.363636 -21855.4 193.04
-0.373737 -21856.7 198.169
-0.383838 -21858.1 203.285
-0.393939 -21859.5 208.379
-0.40404 -21860.9 213.46
-0.414141 -21862.4 218.52
-0.424242 -21863.8 223.565
-0.434343 -21865.3 228.591
-0.444444 -21866.7 233.6
-0.454545 -21868.1 238.591
-0.464646 -21869.6 243.564
-0.474747 -21871 248.518
-0.484848 -21872.4 253.453
-0.494949 -21873.8 258.369
-0.505051 -21875.1 263.266
-0.515152 -21876.5 268.142
-0.525253 -21877.8 272.998
-0.535354 -21879.2 277.833
-0.545455 -21880.5 282.644
-0.555556 -21881.8 287.436
-0.565657 -21883.1 292.201
-0.575758 -21884.4 296.947
-0.585859 -21885.7 301.664
-0.59596 -21887 306.36
-0.606061 -21888.4 311.025
-0.616162 -21889.7 315.669
-0.626263 -21891 320.279
-0.636364 -21892.4 324.868
-0.646465 -21893.7 329.419
-0.656566 -21895.1 333.95
-0.666667 -21896.5 338.438
-0.676768 -21897.9 342.906
-0.686869 -21899.3 347.328
-0.69697 -21900.7 351.728
-0.707071 -21902.1 356.079
-0.717172 -21903.6 360.409
-0.727273 -21905 364.683
-0.737374 -21906.5 368.937
-0.747475 -21908 373.13
-0.757576 -21909.5 377.302
-0.767677 -21910.9 381.409
-0.777778 -21912.4 385.496
-0.787879 -21913.9 389.51
-0.79798 -21915.4 393.505
-0.808081 -21916.9 397.422
-0.818182 -21918.3 401.319
-0.828283 -21919.7 405.133
-0.838384 -21921.1 408.928
-0.848485 -21922.4 412.633
-0.858586 -21923.8 416.32
-0.868687 -21925 419.911
-0.878788 -21926.2 423.486
-0.888889 -21927.3 426.958
-0.89899 -21928.4 430.417
-0.909091 -21929.3 433.768
-0.919192 -21930.3 437.106
-0.929293 -21931 440.333
-0.939394 -21931.7 443.551
-0.949495 -21932.3 446.655
-0.959596 -21932.8 449.751
-0.969697 -21933.1 452.737
-0.979798 -21933.4 455.718
-0.989899 -21933.5 458.638
-1 -21933.6 461.557
