0 17455.1 0.0020586
-0.010101 16418 -9.48967
-0.020202 16415.5 -19.0001
-0.030303 16409.9 -29.3383
-0.040404 16404.2 -39.6838
-0.0505051 16396.6 -50.2051
-0.0606061 16388.9 -60.734
-0.0707071 16380.3 -71.3817
-0.0808081 16371.7 -82.0354
-0.0909091 16362.9 -92.7576
-0.10101 16354.2 -103.484
-0.111111 16345.7 -114.247
-0.121212 16337.3 -125.012
-0.131313 16329.5 -135.796
-0.141414 16321.9 -146.58
-0.151515 16315 -157.371
-0.161616 16308.3 -168.161
-0.171717 16302.4 -178.947
-0.181818 16296.7 -189.73
-0.191919 16291.9 -200.502
-0.20202 16287.3 -211.269
-0.212121 16283.5 -222.016
-0.222222 16279.9 -232.756
-0.232323 16277 -243.47
-0.242424 16274.4 -254.174
-0.252525 16272.3 -264.847
-0.262626 16270.5 -275.508
-0.272727 16269.2 -286.134
-0.282828 16268 -296.746
-0.292929 16267.3 -307.321
-0.30303 16266.7 -317.879
-0.313131 16266.5 -328.398
-0.323232 16266.4 -338.899
-0.333333 16266.6 -349.36
-0.343434 16266.9 -359.8
-0.353535 16267.4 -370.201
-0.363636 16268 -380.578
-0.373737 16268.7 -390.915
-0.383838 16269.5 -401.227
-0.393939 16270.3 -411.499
-0.40404 16271.3 -421.743
-0.414141 16272.2 -431.947
-0.424242 16273.3 -442.121
-0.434343 16274.3 -452.254
-0.444444 16275.4 -462.354
-0.454545 16276.5 -472.414
-0.464646 16277.6 -482.437
-0.474747 16278.7 -492.42
-0.484848 16279.8 -502.363
-0.494949 16281 -512.265
-0.505051 16282.1 -522.124
-0.515152 16283.2 -531.941
-0.525253 16284.3 -541.712
-0.535354 16285.4 -551.44
-0.545455 16286.5 -561.118
-0.555556 16287.6 -570.753
-0.565657 16288.7 -580.332
-0.575758 16289.8 -589.868
-0.585859 16290.9 -599.344
-0.59596 16291.9 -608.776
-0.606061 16293 -618.143
-0.616162 16294.1 -627.465
-0.626263 16295.2 -636.716
-0.636364 16296.3 -645.924
-0.646465 16297.3 -655.053
-0.656566 16298.4 -664.138
-0.666667 16299.5 -673.139
-0.676768 16300.6 -682.096
-0.686869 16301.6 -690.961
-0.69697 16302.7 -699.783
-0.707071 16303.8 -708.504
-0.717172 16304.9 -717.184
-0.727273 16306 -725.754
-0.737374 16307 -734.283
-0.747475 16308.1 -742.696
-0.757576 16309.1 -751.067
-0.767677 16310.2 -759.312
-0.777778 16311.2 -767.517
-0.787879 16312.2 -775.588
-0.79798 16313.2 -783.62
-0.808081 16314.1 -791.507
-0.818182 16315 -799.358
-0.828283 16315.9 -807.054
-0.838384 16316.7 -814.717
-0.848485 16317.5 -822.215
-0.858586 16318.3 -829.682
-0.868687 16318.9 -836.976
-0.878788 16319.6 -844.241
-0.888889 16320.1 -851.324
-0.89899 16320.6 -858.382
-0.909091 16321 -865.251
-0.919192 16321.4 -872.098
-0.929293 16321.7 -878.75
-0.939394 16321.9 -885.386
-0.949495 16322.1 -891.825
-0.959596 16322.2 -898.253
-0.969697 16322.2 -904.494
-0.979798 16322.3 -910.729
-0.989899 16322.3 -916.816
-1 16322.3 -922.901
