0 -10091.3 -0.00125264
-0.010101 -8737.36 12.1826
-0.020202 -8744.96 24.3871
-0.030303 -8747.73 37.5566
-0.040404 -8750.35 50.7347
-0.0505051 -8749.54 64.1165
-0.0606061 -8748.59 77.5089
-0.0707071 -8745.32 91.0682
-0.0808081 -8741.94 104.637
-0.0909091 -8737.14 118.318
-0.10101 -8732.26 132.007
-0.111111 -8726.65 145.767
-0.121212 -8721.01 159.532
-0.131313 -8715.13 173.341
-0.141414 -8709.27 187.153
-0.151515 -8703.52 200.991
-0.161616 -8697.84 214.83
-0.171717 -8692.5 228.681
-0.181818 -8687.26 242.531
-0.191919 -8682.49 256.379
-0.20202 -8677.85 270.225
-0.212121 -8673.75 284.058
-0.222222 -8669.79 297.886
-0.232323 -8666.38 311.692
-0.242424 -8663.14 325.489
-0.252525 -8660.41 339.257
-0.262626 -8657.84 353.013
-0.272727 -8655.75 366.733
-0.282828 -8653.82 380.437
-0.292929 -8652.3 394.101
-0.30303 -8650.93 407.745
-0.313131 -8649.91 421.346
-0.323232 -8649.02 434.924
-0.333333 -8648.43 448.456
-0.343434 -8647.95 461.962
-0.353535 -8647.71 475.42
-0.363636 -8647.57 488.849
-0.373737 -8647.6 502.227
-0.383838 -8647.72 515.574
-0.393939 -8647.98 528.869
-0.40404 -8648.3 542.13
-0.414141 -8648.72 555.337
-0.424242 -8649.19 568.506
-0.434343 -8649.73 581.622
-0.444444 -8650.31 594.695
-0.454545 -8650.93 607.714
-0.464646 -8651.58 620.687
-0.474747 -8652.25 633.604
-0.484848 -8652.95 646.471
-0.494949 -8653.65 659.282
-0.505051 -8654.37 672.037
-0.515152 -8655.09 684.736
-0.525253 -8655.81 697.375
-0.535354 -8656.53 709.956
-0.545455 -8657.26 722.471
-0.555556 -8657.97 734.93
-0.565657 -8658.69 747.315
-0.575758 -8659.4 759.643
-0.585859 -8660.1 771.892
-0.59596 -8660.8 784.083
-0.606061 -8661.48 796.188
-0.616162 -8662.17 808.236
-0.626263 -8662.84 820.19
-0.636364 -8663.5 832.086
-0.646465 -8664.16 843.88
-0.656566 -8664.81 855.617
-0.666667 -8665.44 867.244
-0.676768 -8666.07 878.814
-0.686869 -8666.68 890.265
-0.69697 -8667.29 901.659
-0.707071 -8667.87 912.925
-0.717172 -8668.45 924.135
-0.727273 -8669 935.206
-0.737374 -8669.54 946.223
-0.747475 -8670.04 957.091
-0.757576 -8670.54 967.906
-0.767677 -8671 978.561
-0.777778 -8671.44 989.166
-0.787879 -8671.83 999.599
-0.79798 -8672.21 1009.98
-0.808081 -8672.53 1020.19
-0.818182 -8672.83 1030.34
-0.828283 -8673.06 1040.31
-0.838384 -8673.28 1050.23
-0.848485 -8673.42 1059.94
-0.858586 -8673.54 1069.62
-0.868687 -8673.58 1079.08
-0.878788 -8673.61 1088.51
-0.888889 -8673.55 1097.71
-0.89899 -8673.48 1106.89
-0.909091 -8673.34 1115.82
-0.919192 -8673.18 1124.74
-0.929293 -8672.97 1133.41
-0.939394 -8672.75 1142.06
-0.949495 -8672.5 1150.48
-0.959596 -8672.26 1158.87
-0.969697 -8672.04 1167.05
-0.979798 -8671.82 1175.21
-0.989899 -8671.73 1183.18
-1 -8671.64 1191.14
