0 -12248.1 -0.00142215
-0.010101 -13467.8 -10.6239
-0.020202 -13442.9 -21.2587
-0.030303 -13423.4 -32.5688
-0.040404 -13404 -43.8848
-0.0505051 -13389.4 -55.3422
-0.0606061 -13375.1 -66.8106
-0.0707071 -13364.6 -78.4498
-0.0808081 -13354.5 -90.1011
-0.0909091 -13347.6 -101.892
-0.10101 -13340.9 -113.695
-0.111111 -13336.8 -125.6
-0.121212 -13333 -137.514
-0.131313 -13331.1 -149.502
-0.141414 -13329.4 -161.498
-0.151515 -13329.2 -173.545
-0.161616 -13329.1 -185.6
-0.171717 -13330 -197.69
-0.181818 -13331.1 -209.786
-0.191919 -13332.9 -221.904
-0.20202 -13334.7 -234.027
-0.212121 -13337 -246.161
-0.222222 -13339.3 -258.297
-0.232323 -13341.8 -270.434
-0.242424 -13344.3 -282.57
-0.252525 -13346.9 -294.699
-0.262626 -13349.4 -306.822
-0.272727 -13351.9 -318.93
-0.282828 -13354.4 -331.029
-0.292929 -13356.8 -343.106
-0.30303 -13359.1 -355.17
-0.313131 -13361.2 -367.206
-0.323232 -13363.3 -379.225
-0.333333 -13365.2 -391.211
-0.343434 -13367.1 -403.177
-0.353535 -13368.8 -415.105
-0.363636 -13370.4 -427.01
-0.373737 -13371.9 -438.873
-0.383838 -13373.3 -450.71
-0.393939 -13374.5 -462.502
-0.40404 -13375.7 -474.264
-0.414141 -13376.8 -485.979
-0.424242 -13377.8 -497.66
-0.434343 -13378.8 -509.294
-0.444444 -13379.6 -520.888
-0.454545 -13380.4 -532.434
-0.464646 -13381.2 -543.937
-0.474747 -13381.9 -555.39
-0.484848 -13382.6 -566.796
-0.494949 -13383.2 -578.151
-0.505051 -13383.8 -589.455
-0.515152 -13384.4 -600.707
-0.525253 -13385 -611.903
-0.535354 -13385.5 -623.046
-0.545455 -13386.1 -634.128
-0.555556 -13386.6 -645.158
-0.565657 -13387.1 -656.121
-0.575758 -13387.7 -667.032
-0.585859 -13388.3 -677.87
-0.59596 -13388.8 -688.655
-0.606061 -13389.4 -699.362
-0.616162 -13390 -710.016
-0.626263 -13390.6 -720.585
-0.636364 -13391.3 -731.102
-0.646465 -13391.9 -741.527
-0.656566 -13392.6 -751.901
-0.666667 -13393.4 -762.175
-0.676768 -13394.1 -772.399
-0.686869 -13394.9 -782.516
-0.69697 -13395.7 -792.583
-0.707071 -13396.6 -802.537
-0.717172 -13397.4 -812.442
-0.727273 -13398.4 -822.225
-0.737374 -13399.3 -831.961
-0.747475 -13400.3 -841.567
-0.757576 -13401.4 -851.128
-0.767677 -13402.5 -860.552
-0.777778 -13403.6 -869.932
-0.787879 -13404.7 -879.167
-0.79798 -13405.9 -888.361
-0.808081 -13407.1 -897.403
-0.818182 -13408.4 -906.405
-0.828283 -13409.7 -915.248
-0.838384 -13411 -924.055
-0.848485 -13412.3 -932.695
-0.858586 -13413.6 -941.302
-0.868687 -13415 -949.735
-0.878788 -13416.3 -958.139
-0.888889 -13417.7 -966.363
-0.89899 -13419 -974.562
-0.909091 -13420.2 -982.575
-0.919192 -13421.5 -990.567
-0.929293 -13422.6 -998.37
-0.939394 -13423.7 -1006.16
-0.949495 -13424.7 -1013.76
-0.959596 -13425.6 -1021.34
-0.969697 -13426.2 -1028.76
-0.979798 -13426.9 -1036.18
-0.989899 -13427.1 -1043.39
-1 -13427.3 -1050.61
