0 21127 0.00237802
-0.010101 20411.1 -6.69974
-0.020202 20401.7 -13.4173
-0.030303 20390.5 -20.7889
-0.040404 20379.4 -28.1662
-0.0505051 20367.6 -35.6829
-0.0606061 20355.8 -43.2043
-0.0707071 20344.2 -50.7991
-0.0808081 20332.7 -58.3966
-0.0909091 20321.8 -66.0249
-0.10101 20311.1 -73.6542
-0.111111 20301.3 -81.2924
-0.121212 20291.7 -88.9304
-0.131313 20283.3 -96.5666
-0.141414 20275.1 -104.202
-0.151515 20268 -111.828
-0.161616 20261.2 -119.452
-0.171717 20255.5 -127.063
-0.181818 20250 -134.669
-0.191919 20245.6 -142.257
-0.20202 20241.4 -149.839
-0.212121 20238.2 -157.397
-0.222222 20235.2 -164.948
-0.232323 20233 -172.472
-0.242424 20230.9 -179.986
-0.252525 20229.6 -187.471
-0.262626 20228.4 -194.945
-0.272727 20227.8 -202.388
-0.282828 20227.3 -209.819
-0.292929 20227.2 -217.218
-0.30303 20227.3 -224.604
-0.313131 20227.6 -231.958
-0.323232 20228.1 -239.298
-0.333333 20228.9 -246.607
-0.343434 20229.7 -253.9
-0.353535 20230.6 -261.164
-0.363636 20231.7 -268.41
-0.373737 20232.8 -275.627
-0.383838 20234 -282.826
-0.393939 20235.2 -289.996
-0.40404 20236.5 -297.147
-0.414141 20237.8 -304.269
-0.424242 20239.1 -311.37
-0.434343 20240.4 -318.443
-0.444444 20241.8 -325.494
-0.454545 20243.1 -332.517
-0.464646 20244.4 -339.515
-0.474747 20245.8 -346.485
-0.484848 20247.1 -353.429
-0.494949 20248.4 -360.344
-0.505051 20249.7 -367.23
-0.515152 20251 -374.088
-0.525253 20252.3 -380.915
-0.535354 20253.6 -387.712
-0.545455 20254.8 -394.475
-0.555556 20256.1 -401.209
-0.565657 20257.4 -407.905
-0.575758 20258.6 -414.572
-0.585859 20259.9 -421.198
-0.59596 20261.1 -427.794
-0.606061 20262.4 -434.345
-0.616162 20263.6 -440.866
-0.626263 20264.9 -447.338
-0.636364 20266.2 -453.78
-0.646465 20267.5 -460.168
-0.656566 20268.7 -466.525
-0.666667 20270 -472.824
-0.676768 20271.3 -479.093
-0.686869 20272.7 -485.298
-0.69697 20274 -491.472
-0.707071 20275.3 -497.577
-0.717172 20276.7 -503.651
-0.727273 20278 -509.65
-0.737374 20279.4 -515.619
-0.747475 20280.7 -521.505
-0.757576 20282.1 -527.362
-0.767677 20283.4 -533.129
-0.777778 20284.8 -538.868
-0.787879 20286.1 -544.509
-0.79798 20287.4 -550.124
-0.808081 20288.7 -555.633
-0.818182 20290 -561.116
-0.828283 20291.2 -566.486
-0.838384 20292.4 -571.832
-0.848485 20293.6 -577.058
-0.858586 20294.7 -582.26
-0.868687 20295.8 -587.334
-0.878788 20296.8 -592.388
-0.888889 20297.7 -597.307
-0.89899 20298.6 -602.207
-0.909091 20299.4 -606.966
-0.919192 20300.1 -611.709
-0.929293 20300.7 -616.307
-0.939394 20301.3 -620.892
-0.949495 20301.7 -625.33
-0.959596 20302 -629.758
-0.969697 20302.3 -634.045
-0.979798 20302.5 -638.326
-0.989899 20302.5 -642.512
-1 20302.6 -646.696
