0 22468.5 0.00161631
-0.010101 22860.1 3.10467
-0.020202 22836.4 6.20719
-0.030303 22815.3 9.35846
-0.040404 22794.4 12.5101
-0.0505051 22776.4 15.6705
-0.0606061 22758.5 18.8356
-0.0707071 22743.6 22.0732
-0.0808081 22728.9 25.3176
-0.0909091 22716.9 28.6405
-0.10101 22705.2 31.9707
-0.111111 22695.9 35.3673
-0.121212 22686.9 38.7711
-0.131313 22680 42.2273
-0.141414 22673.5 45.6903
-0.151515 22668.7 49.195
-0.161616 22664.2 52.7063
-0.171717 22661.1 56.2517
-0.181818 22658.3 59.8036
-0.191919 22656.7 63.3842
-0.20202 22655.2 66.9709
-0.212121 22654.7 70.5816
-0.222222 22654.3 74.1979
-0.232323 22654.6 77.8335
-0.242424 22655.1 81.4737
-0.252525 22656 85.1284
-0.262626 22657 88.7864
-0.272727 22658.4 92.4539
-0.282828 22659.8 96.1233
-0.292929 22661.4 99.7973
-0.30303 22663.1 103.471
-0.313131 22664.9 107.146
-0.323232 22666.7 110.818
-0.333333 22668.5 114.487
-0.343434 22670.3 118.153
-0.353535 22672.2 121.811
-0.363636 22674 125.464
-0.373737 22675.7 129.106
-0.383838 22677.5 132.742
-0.393939 22679.2 136.365
-0.40404 22680.9 139.98
-0.414141 22682.5 143.58
-0.424242 22684.1 147.17
-0.434343 22685.6 150.745
-0.444444 22687.1 154.307
-0.454545 22688.5 157.853
-0.464646 22690 161.384
-0.474747 22691.3 164.899
-0.484848 22692.7 168.398
-0.494949 22694 171.88
-0.505051 22695.2 175.344
-0.515152 22696.5 178.791
-0.525253 22697.7 182.218
-0.535354 22699 185.628
-0.545455 22700.2 189.017
-0.555556 22701.4 192.388
-0.565657 22702.6 195.736
-0.575758 22703.8 199.067
-0.585859 22705 202.373
-0.59596 22706.3 205.662
-0.606061 22707.5 208.925
-0.616162 22708.7 212.17
-0.626263 22710 215.387
-0.636364 22711.3 218.588
-0.646465 22712.6 221.759
-0.656566 22713.9 224.913
-0.666667 22715.3 228.036
-0.676768 22716.7 231.142
-0.686869 22718.1 234.216
-0.69697 22719.5 237.274
-0.707071 22721 240.298
-0.717172 22722.5 243.307
-0.727273 22724.1 246.28
-0.737374 22725.6 249.239
-0.747475 22727.2 252.161
-0.757576 22728.8 255.07
-0.767677 22730.5 257.94
-0.777778 22732.1 260.799
-0.787879 22733.8 263.619
-0.79798 22735.5 266.428
-0.808081 22737.2 269.198
-0.818182 22739 271.958
-0.828283 22740.7 274.679
-0.838384 22742.4 277.39
-0.848485 22744.1 280.063
-0.858586 22745.8 282.727
-0.868687 22747.4 285.353
-0.878788 22749 287.972
-0.888889 22750.5 290.552
-0.89899 22752.1 293.126
-0.909091 22753.4 295.662
-0.919192 22754.8 298.193
-0.929293 22756 300.686
-0.939394 22757.2 303.176
-0.949495 22758.1 305.631
-0.959596 22759 308.083
-0.969697 22759.6 310.509
-0.979798 22760.1 312.934
-0.989899 22760.4 315.284
-1 22760.6 317.632
