0 16129.6 0.00164394
-0.010101 17156.2 8.84586
-0.020202 17130.3 17.699
-0.030303 17109.2 27.0676
-0.040404 17088.3 36.4407
-0.0505051 17071.8 45.9212
-0.0606061 17055.6 55.4113
-0.0707071 17043.2 65.0505
-0.0808081 17031 74.7009
-0.0909091 17022.1 84.4794
-0.10101 17013.5 94.2686
-0.111111 17007.6 104.154
-0.121212 17001.9 114.05
-0.131313 16998.3 124.016
-0.141414 16995 133.99
-0.151515 16993.3 144.015
-0.161616 16991.9 154.047
-0.171717 16991.6 164.117
-0.181818 16991.5 174.192
-0.191919 16992.3 184.294
-0.20202 16993.2 194.4
-0.212121 16994.7 204.523
-0.222222 16996.3 214.648
-0.232323 16998.3 224.781
-0.242424 17000.3 234.914
-0.252525 17002.5 245.046
-0.262626 17004.7 255.175
-0.272727 17007 265.296
-0.282828 17009.3 275.411
-0.292929 17011.5 285.51
-0.30303 17013.7 295.601
-0.313131 17015.9 305.67
-0.323232 17018 315.726
-0.333333 17020 325.757
-0.343434 17022 335.772
-0.353535 17023.8 345.756
-0.363636 17025.6 355.721
-0.373737 17027.2 365.653
-0.383838 17028.8 375.562
-0.393939 17030.3 385.435
-0.40404 17031.7 395.282
-0.414141 17033 405.09
-0.424242 17034.2 414.87
-0.434343 17035.4 424.609
-0.444444 17036.5 434.316
-0.454545 17037.6 443.982
-0.464646 17038.6 453.611
-0.474747 17039.5 463.198
-0.484848 17040.4 472.746
-0.494949 17041.3 482.25
-0.505051 17042.2 491.71
-0.515152 17043 501.127
-0.525253 17043.8 510.496
-0.535354 17044.6 519.821
-0.545455 17045.4 529.094
-0.555556 17046.2 538.322
-0.565657 17047 547.494
-0.575758 17047.7 556.621
-0.585859 17048.5 565.687
-0.59596 17049.3 574.708
-0.606061 17050.2 583.663
-0.616162 17051 592.573
-0.626263 17051.9 601.412
-0.636364 17052.7 610.207
-0.646465 17053.7 618.924
-0.656566 17054.6 627.598
-0.666667 17055.6 636.189
-0.676768 17056.5 644.737
-0.686869 17057.6 653.196
-0.69697 17058.6 661.613
-0.707071 17059.7 669.934
-0.717172 17060.8 678.215
-0.727273 17062 686.395
-0.737374 17063.2 694.535
-0.747475 17064.5 702.568
-0.757576 17065.7 710.563
-0.767677 17067.1 718.444
-0.777778 17068.4 726.289
-0.787879 17069.8 734.015
-0.79798 17071.2 741.707
-0.808081 17072.6 749.273
-0.818182 17074.1 756.808
-0.828283 17075.6 764.211
-0.838384 17077.1 771.585
-0.848485 17078.6 778.823
-0.858586 17080.1 786.035
-0.868687 17081.7 793.105
-0.878788 17083.2 800.152
-0.888889 17084.6 807.053
-0.89899 17086.1 813.934
-0.909091 17087.4 820.664
-0.919192 17088.8 827.378
-0.929293 17090 833.94
-0.939394 17091.2 840.489
-0.949495 17092.2 846.888
-0.959596 17093.1 853.278
-0.969697 17093.8 859.534
-0.979798 17094.4 865.785
-0.989899 17094.7 871.869
-1 17094.9 877.949
