0 22379.5 0.00230568
-0.010101 21846.1 -5.10136
-0.020202 21833.5 -10.2183
-0.030303 21819.9 -15.8827
-0.040404 21806.3 -21.552
-0.0505051 21792.8 -27.3383
-0.0606061 21779.3 -33.1277
-0.0707071 21766.5 -38.9655
-0.0808081 21753.8 -44.8042
-0.0909091 21742.2 -50.6538
-0.10101 21730.7 -56.5029
-0.111111 21720.6 -62.3466
-0.121212 21710.7 -68.1888
-0.131313 21702.2 -74.0191
-0.141414 21693.9 -79.847
-0.151515 21686.9 -85.6599
-0.161616 21680.2 -91.4692
-0.171717 21674.8 -97.2603
-0.181818 21669.6 -103.047
-0.191919 21665.5 -108.811
-0.20202 21661.7 -114.57
-0.212121 21658.8 -120.304
-0.222222 21656.2 -126.03
-0.232323 21654.3 -131.73
-0.242424 21652.7 -137.421
-0.252525 21651.7 -143.084
-0.262626 21650.9 -148.736
-0.272727 21650.6 -154.361
-0.282828 21650.5 -159.975
-0.292929 21650.8 -165.561
-0.30303 21651.1 -171.135
-0.313131 21651.8 -176.683
-0.323232 21652.6 -182.219
-0.333333 21653.5 -187.729
-0.343434 21654.6 -193.226
-0.353535 21655.8 -198.699
-0.363636 21657 -204.159
-0.373737 21658.3 -209.596
-0.383838 21659.7 -215.019
-0.393939 21661 -220.42
-0.40404 21662.5 -225.806
-0.414141 21663.9 -231.17
-0.424242 21665.3 -236.519
-0.434343 21666.7 -241.846
-0.444444 21668.2 -247.158
-0.454545 21669.6 -252.448
-0.464646 21671 -257.72
-0.474747 21672.4 -262.971
-0.484848 21673.8 -268.203
-0.494949 21675.2 -273.415
-0.505051 21676.5 -278.605
-0.515152 21677.9 -283.774
-0.525253 21679.2 -288.92
-0.535354 21680.5 -294.045
-0.545455 21681.9 -299.145
-0.555556 21683.2 -304.223
-0.565657 21684.5 -309.274
-0.575758 21685.8 -314.303
-0.585859 21687.1 -319.302
-0.59596 21688.4 -324.279
-0.606061 21689.7 -329.222
-0.616162 21691 -334.144
-0.626263 21692.4 -339.029
-0.636364 21693.7 -343.892
-0.646465 21695 -348.715
-0.656566 21696.4 -353.515
-0.666667 21697.8 -358.271
-0.676768 21699.1 -363.005
-0.686869 21700.5 -367.691
-0.69697 21701.9 -372.353
-0.707071 21703.4 -376.963
-0.717172 21704.8 -381.551
-0.727273 21706.3 -386.08
-0.737374 21707.7 -390.588
-0.747475 21709.2 -395.031
-0.757576 21710.6 -399.453
-0.767677 21712.1 -403.805
-0.777778 21713.6 -408.136
-0.787879 21715 -412.391
-0.79798 21716.5 -416.626
-0.808081 21717.9 -420.778
-0.818182 21719.4 -424.91
-0.828283 21720.8 -428.954
-0.838384 21722.1 -432.979
-0.848485 21723.4 -436.908
-0.858586 21724.7 -440.82
-0.868687 21725.9 -444.63
-0.878788 21727.1 -448.424
-0.888889 21728.2 -452.11
-0.89899 21729.3 -455.782
-0.909091 21730.2 -459.341
-0.919192 21731.1 -462.888
-0.929293 21731.8 -466.318
-0.939394 21732.5 -469.737
-0.949495 21733 -473.039
-0.959596 21733.5 -476.332
-0.969697 21733.8 -479.51
-0.979798 21734.1 -482.684
-0.989899 21734.2 -485.791
-1 21734.3 -488.897
