0 15105.2 0.00178501
-0.010101 13935.5 -10.6236
-0.020202 13936.6 -21.2687
-0.030303 13933.9 -32.8071
-0.040404 13931.1 -44.3536
-0.0505051 13925.8 -56.091
-0.0606061 13920.5 -67.8373
-0.0707071 13913.6 -79.7237
-0.0808081 13906.8 -91.6176
-0.0909091 13899.3 -103.599
-0.10101 13891.8 -115.585
-0.111111 13884.2 -127.623
-0.121212 13876.7 -139.665
-0.131313 13869.4 -151.735
-0.141414 13862.3 -163.808
-0.151515 13855.7 -175.894
-0.161616 13849.3 -187.981
-0.171717 13843.5 -200.071
-0.181818 13837.9 -212.159
-0.191919 13833 -224.239
-0.20202 13828.3 -236.315
-0.212121 13824.3 -248.375
-0.222222 13820.6 -260.427
-0.232323 13817.4 -272.456
-0.242424 13814.5 -284.474
-0.252525 13812.2 -296.462
-0.262626 13810.1 -308.438
-0.272727 13808.4 -320.378
-0.282828 13807 -332.303
-0.292929 13806 -344.189
-0.30303 13805.1 -356.057
-0.313131 13804.6 -367.884
-0.323232 13804.2 -379.691
-0.333333 13804.2 -391.455
-0.343434 13804.2 -403.196
-0.353535 13804.4 -414.893
-0.363636 13804.7 -426.565
-0.373737 13805.2 -438.191
-0.383838 13805.8 -449.79
-0.393939 13806.4 -461.344
-0.40404 13807.2 -472.867
-0.414141 13808 -484.344
-0.424242 13808.8 -495.787
-0.434343 13809.7 -507.184
-0.444444 13810.6 -518.544
-0.454545 13811.5 -529.858
-0.464646 13812.5 -541.131
-0.474747 13813.5 -552.358
-0.484848 13814.5 -563.54
-0.494949 13815.5 -574.674
-0.505051 13816.4 -585.761
-0.515152 13817.4 -596.799
-0.525253 13818.4 -607.785
-0.535354 13819.4 -618.722
-0.545455 13820.4 -629.602
-0.555556 13821.4 -640.433
-0.565657 13822.3 -651.201
-0.575758 13823.3 -661.92
-0.585859 13824.3 -672.571
-0.59596 13825.2 -683.172
-0.606061 13826.2 -693.699
-0.616162 13827.1 -704.176
-0.626263 13828.1 -714.572
-0.636364 13829 -724.919
-0.646465 13829.9 -735.177
-0.656566 13830.9 -745.386
-0.666667 13831.8 -755.499
-0.676768 13832.7 -765.563
-0.686869 13833.7 -775.523
-0.69697 13834.6 -785.434
-0.707071 13835.5 -795.233
-0.717172 13836.4 -804.984
-0.727273 13837.3 -814.614
-0.737374 13838.2 -824.196
-0.747475 13839.1 -833.648
-0.757576 13839.9 -843.054
-0.767677 13840.8 -852.319
-0.777778 13841.6 -861.539
-0.787879 13842.4 -870.609
-0.79798 13843.2 -879.637
-0.808081 13843.9 -888.503
-0.818182 13844.6 -897.329
-0.828283 13845.3 -905.983
-0.838384 13845.9 -914.6
-0.848485 13846.4 -923.035
-0.858586 13847 -931.436
-0.868687 13847.4 -939.644
-0.878788 13847.9 -947.822
-0.888889 13848.2 -955.799
-0.89899 13848.5 -963.748
-0.909091 13848.7 -971.489
-0.919192 13848.9 -979.206
-0.929293 13849 -986.709
-0.939394 13849.1 -994.193
-0.949495 13849.1 -1001.46
-0.959596 13849.1 -1008.72
-0.969697 13849 -1015.77
-0.979798 13849 -1022.82
-0.989899 13848.9 -1029.7
-1 13848.9 -1036.57
