0 20068.3 0.00226152
-0.010101 19238 -7.69705
-0.020202 19230.9 -15.413
-0.030303 19221.5 -23.8471
-0.040404 19212.1 -32.2875
-0.0505051 19201.7 -40.8808
-0.0606061 19191.2 -49.4797
-0.0707071 19180.5 -58.168
-0.0808081 19169.8 -66.8602
-0.0909091 19159.6 -75.5961
-0.10101 19149.4 -84.3341
-0.111111 19140 -93.0904
-0.121212 19130.7 -101.847
-0.131313 19122.4 -110.609
-0.141414 19114.3 -119.371
-0.151515 19107.3 -128.129
-0.161616 19100.4 -136.885
-0.171717 19094.6 -145.63
-0.181818 19089.1 -154.372
-0.191919 19084.5 -163.098
-0.20202 19080.1 -171.817
-0.212121 19076.7 -180.515
-0.222222 19073.4 -189.205
-0.232323 19071 -197.868
-0.242424 19068.7 -206.521
-0.252525 19067.1 -215.144
-0.262626 19065.7 -223.756
-0.272727 19064.8 -232.336
-0.282828 19064.1 -240.902
-0.292929 19063.8 -249.434
-0.30303 19063.7 -257.952
-0.313131 19063.8 -266.436
-0.323232 19064.1 -274.904
-0.333333 19064.7 -283.337
-0.343434 19065.3 -291.753
-0.353535 19066.1 -300.136
-0.363636 19067 -308.499
-0.373737 19068 -316.829
-0.383838 19069.1 -325.139
-0.393939 19070.2 -333.415
-0.40404 19071.4 -341.67
-0.414141 19072.6 -349.891
-0.424242 19073.8 -358.089
-0.434343 19075.1 -366.253
-0.444444 19076.3 -374.392
-0.454545 19077.6 -382.498
-0.464646 19078.9 -390.576
-0.474747 19080.1 -398.621
-0.484848 19081.4 -406.635
-0.494949 19082.7 -414.615
-0.505051 19083.9 -422.562
-0.515152 19085.2 -430.476
-0.525253 19086.4 -438.353
-0.535354 19087.6 -446.196
-0.545455 19088.8 -453.999
-0.555556 19090.1 -461.768
-0.565657 19091.3 -469.494
-0.575758 19092.5 -477.184
-0.585859 19093.7 -484.827
-0.59596 19094.9 -492.435
-0.606061 19096.1 -499.991
-0.616162 19097.3 -507.512
-0.626263 19098.5 -514.976
-0.636364 19099.7 -522.405
-0.646465 19101 -529.771
-0.656566 19102.2 -537.103
-0.666667 19103.4 -544.366
-0.676768 19104.7 -551.594
-0.686869 19105.9 -558.749
-0.69697 19107.2 -565.868
-0.707071 19108.4 -572.907
-0.717172 19109.7 -579.911
-0.727273 19111 -586.828
-0.737374 19112.2 -593.71
-0.747475 19113.5 -600.498
-0.757576 19114.7 -607.253
-0.767677 19116 -613.904
-0.777778 19117.3 -620.523
-0.787879 19118.5 -627.032
-0.79798 19119.7 -633.509
-0.808081 19120.9 -639.867
-0.818182 19122.1 -646.195
-0.828283 19123.2 -652.395
-0.838384 19124.3 -658.567
-0.848485 19125.3 -664.603
-0.858586 19126.3 -670.613
-0.868687 19127.3 -676.479
-0.878788 19128.2 -682.321
-0.888889 19129 -688.012
-0.89899 19129.7 -693.681
-0.909091 19130.4 -699.192
-0.919192 19131 -704.685
-0.929293 19131.5 -710.014
-0.939394 19131.9 -715.329
-0.949495 19132.3 -720.48
-0.959596 19132.6 -725.62
-0.969697 19132.7 -730.602
-0.979798 19132.9 -735.578
-0.989899 19132.9 -740.441
-1 19132.9 -745.302
