0 -17085.2 -0.00201554
-0.010101 -16024.6 9.69297
-0.020202 -16022.7 19.4069
-0.030303 -16017.6 29.9603
-0.040404 -16012.3 40.5212
-0.0505051 -16005.1 51.2602
-0.0606061 -15997.8 62.007
-0.0707071 -15989.5 72.876
-0.0808081 -15981.2 83.7512
-0.0909091 -15972.6 94.6977
-0.10101 -15964 105.649
-0.111111 -15955.7 116.638
-0.121212 -15947.4 127.631
-0.131313 -15939.7 138.643
-0.141414 -15932.1 149.656
-0.151515 -15925.3 160.676
-0.161616 -15918.6 171.696
-0.171717 -15912.8 182.713
-0.181818 -15907.1 193.728
-0.191919 -15902.3 204.731
-0.20202 -15897.7 215.729
-0.212121 -15893.8 226.709
-0.222222 -15890.2 237.68
-0.232323 -15887.3 248.626
-0.242424 -15884.5 259.562
-0.252525 -15882.4 270.468
-0.262626 -15880.5 281.361
-0.272727 -15879.2 292.219
-0.282828 -15878 303.062
-0.292929 -15877.2 313.868
-0.30303 -15876.6 324.657
-0.313131 -15876.3 335.406
-0.323232 -15876.2 346.137
-0.333333 -15876.3 356.828
-0.343434 -15876.6 367.497
-0.353535 -15877 378.126
-0.363636 -15877.5 388.731
-0.373737 -15878.2 399.295
-0.383838 -15879 409.834
-0.393939 -15879.8 420.331
-0.40404 -15880.7 430.801
-0.414141 -15881.7 441.229
-0.424242 -15882.7 451.626
-0.434343 -15883.7 461.981
-0.444444 -15884.7 472.304
-0.454545 -15885.8 482.584
-0.464646 -15886.9 492.828
-0.474747 -15888 503.029
-0.484848 -15889.1 513.19
-0.494949 -15890.2 523.309
-0.505051 -15891.3 533.384
-0.515152 -15892.4 543.416
-0.525253 -15893.5 553.401
-0.535354 -15894.6 563.342
-0.545455 -15895.6 573.231
-0.555556 -15896.7 583.077
-0.565657 -15897.8 592.865
-0.575758 -15898.9 602.61
-0.585859 -15899.9 612.292
-0.59596 -15901 621.93
-0.606061 -15902 631.501
-0.616162 -15903.1 641.027
-0.626263 -15904.2 650.479
-0.636364 -15905.2 659.887
-0.646465 -15906.3 669.215
-0.656566 -15907.3 678.498
-0.666667 -15908.4 687.695
-0.676768 -15909.4 696.847
-0.686869 -15910.5 705.904
-0.69697 -15911.6 714.918
-0.707071 -15912.6 723.829
-0.717172 -15913.7 732.697
-0.727273 -15914.7 741.454
-0.737374 -15915.7 750.168
-0.747475 -15916.8 758.763
-0.757576 -15917.8 767.316
-0.767677 -15918.8 775.741
-0.777778 -15919.8 784.125
-0.787879 -15920.8 792.371
-0.79798 -15921.7 800.578
-0.808081 -15922.6 808.637
-0.818182 -15923.5 816.66
-0.828283 -15924.3 824.524
-0.838384 -15925.1 832.355
-0.848485 -15925.9 840.017
-0.858586 -15926.6 847.648
-0.868687 -15927.2 855.102
-0.878788 -15927.8 862.528
-0.888889 -15928.3 869.768
-0.89899 -15928.8 876.982
-0.909091 -15929.2 884.003
-0.919192 -15929.5 891.003
-0.929293 -15929.8 897.804
-0.939394 -15930 904.588
-0.949495 -15930.1 911.173
-0.959596 -15930.2 917.745
-0.969697 -15930.3 924.128
-0.979798 -15930.3 930.504
-0.989899 -15930.3 936.73
-1 -15930.3 942.953
