0 -23460.1 -0.00240885
-0.010101 -23218.2 2.53447
-0.020202 -23201.2 5.08109
-0.030303 -23184.4 7.99661
-0.040404 -23167.7 10.9154
-0.0505051 -23151.9 13.9131
-0.0606061 -23136.3 16.9113
-0.0707071 -23122.2 19.9184
-0.0808081 -23108.2 22.9237
-0.0909091 -23095.9 25.9093
-0.10101 -23083.8 28.892
-0.111111 -23073.5 31.8477
-0.121212 -23063.5 34.7998
-0.131313 -23055.1 37.7252
-0.141414 -23047 40.6465
-0.151515 -23040.5 43.5425
-0.161616 -23034.2 46.4337
-0.171717 -23029.3 49.2999
-0.181818 -23024.7 52.1606
-0.191919 -23021.3 54.9959
-0.20202 -23018.1 57.8247
-0.212121 -23015.9 60.6276
-0.222222 -23013.9 63.4232
-0.232323 -23012.7 66.193
-0.242424 -23011.7 68.9549
-0.252525 -23011.3 71.6919
-0.262626 -23011.1 74.4207
-0.272727 -23011.4 77.1262
-0.282828 -23011.7 79.8233
-0.292929 -23012.5 82.4991
-0.30303 -23013.3 85.1668
-0.313131 -23014.4 87.8153
-0.323232 -23015.5 90.4559
-0.333333 -23016.9 93.0796
-0.343434 -23018.2 95.6956
-0.353535 -23019.7 98.2968
-0.363636 -23021.2 100.891
-0.373737 -23022.7 103.471
-0.383838 -23024.2 106.045
-0.393939 -23025.8 108.606
-0.40404 -23027.4 111.161
-0.414141 -23028.9 113.705
-0.424242 -23030.5 116.242
-0.434343 -23032 118.769
-0.444444 -23033.5 121.288
-0.454545 -23035 123.798
-0.464646 -23036.5 126.301
-0.474747 -23037.9 128.795
-0.484848 -23039.4 131.28
-0.494949 -23040.8 133.757
-0.505051 -23042.2 136.225
-0.515152 -23043.6 138.684
-0.525253 -23044.9 141.133
-0.535354 -23046.3 143.574
-0.545455 -23047.6 146.004
-0.555556 -23049 148.425
-0.565657 -23050.3 150.834
-0.575758 -23051.6 153.234
-0.585859 -23053 155.621
-0.59596 -23054.3 157.999
-0.606061 -23055.7 160.362
-0.616162 -23057 162.716
-0.626263 -23058.4 165.053
-0.636364 -23059.8 167.381
-0.646465 -23061.2 169.69
-0.656566 -23062.6 171.99
-0.666667 -23064 174.269
-0.676768 -23065.4 176.538
-0.686869 -23066.9 178.784
-0.69697 -23068.4 181.019
-0.707071 -23069.9 183.229
-0.717172 -23071.4 185.428
-0.727273 -23073 187.599
-0.737374 -23074.5 189.758
-0.747475 -23076.1 191.886
-0.757576 -23077.7 194.002
-0.767677 -23079.3 196.083
-0.777778 -23080.9 198.153
-0.787879 -23082.5 200.182
-0.79798 -23084.1 202.201
-0.808081 -23085.7 204.175
-0.818182 -23087.3 206.138
-0.828283 -23088.9 208.053
-0.838384 -23090.4 209.957
-0.848485 -23091.9 211.807
-0.858586 -23093.4 213.648
-0.868687 -23094.8 215.43
-0.878788 -23096.2 217.203
-0.888889 -23097.5 218.914
-0.89899 -23098.8 220.616
-0.909091 -23099.9 222.251
-0.919192 -23101 223.88
-0.929293 -23101.9 225.439
-0.939394 -23102.8 226.992
-0.949495 -23103.5 228.474
-0.959596 -23104.1 229.951
-0.969697 -23104.6 231.355
-0.979798 -23105 232.756
-0.989899 -23105.1 234.137
-1 -23105.2 235.518
