0 -11060.4 -0.00143082
-0.010101 -9733.83 11.9539
-0.020202 -9740.28 23.93
-0.030303 -9742.06 36.8624
-0.040404 -9743.7 49.8033
-0.0505051 -9742.07 62.9464
-0.0606061 -9740.29 76.1
-0.0707071 -9736.36 89.4161
-0.0808081 -9732.32 102.742
-0.0909091 -9727 116.175
-0.10101 -9721.62 129.616
-0.111111 -9715.62 143.124
-0.121212 -9709.6 156.638
-0.131313 -9703.45 170.192
-0.141414 -9697.32 183.751
-0.151515 -9691.4 197.332
-0.161616 -9685.54 210.915
-0.171717 -9680.1 224.507
-0.181818 -9674.76 238.098
-0.191919 -9669.95 251.687
-0.20202 -9665.28 265.273
-0.212121 -9661.18 278.846
-0.222222 -9657.24 292.413
-0.232323 -9653.87 305.958
-0.242424 -9650.66 319.494
-0.252525 -9648 333
-0.262626 -9645.5 346.493
-0.272727 -9643.48 359.951
-0.282828 -9641.63 373.393
-0.292929 -9640.2 386.795
-0.30303 -9638.91 400.178
-0.313131 -9637.98 413.518
-0.323232 -9637.19 426.835
-0.333333 -9636.69 440.106
-0.343434 -9636.3 453.353
-0.353535 -9636.14 466.551
-0.363636 -9636.08 479.721
-0.373737 -9636.2 492.841
-0.383838 -9636.4 505.931
-0.393939 -9636.74 518.97
-0.40404 -9637.14 531.974
-0.414141 -9637.63 544.927
-0.424242 -9638.17 557.842
-0.434343 -9638.78 570.704
-0.444444 -9639.42 583.525
-0.454545 -9640.11 596.294
-0.464646 -9640.81 609.016
-0.474747 -9641.55 621.685
-0.484848 -9642.3 634.304
-0.494949 -9643.06 646.868
-0.505051 -9643.83 659.378
-0.515152 -9644.61 671.833
-0.525253 -9645.38 684.228
-0.535354 -9646.16 696.568
-0.545455 -9646.93 708.843
-0.555556 -9647.7 721.062
-0.565657 -9648.47 733.21
-0.575758 -9649.23 745.302
-0.585859 -9649.98 757.316
-0.59596 -9650.73 769.274
-0.606061 -9651.47 781.147
-0.616162 -9652.21 792.964
-0.626263 -9652.93 804.689
-0.636364 -9653.65 816.358
-0.646465 -9654.37 827.927
-0.656566 -9655.07 839.439
-0.666667 -9655.77 850.844
-0.676768 -9656.45 862.193
-0.686869 -9657.13 873.425
-0.69697 -9657.8 884.601
-0.707071 -9658.44 895.652
-0.717172 -9659.09 906.648
-0.727273 -9659.7 917.507
-0.737374 -9660.31 928.314
-0.747475 -9660.89 938.974
-0.757576 -9661.46 949.583
-0.767677 -9661.99 960.034
-0.777778 -9662.5 970.435
-0.787879 -9662.97 980.668
-0.79798 -9663.42 990.854
-0.808081 -9663.82 1000.86
-0.818182 -9664.2 1010.82
-0.828283 -9664.51 1020.59
-0.838384 -9664.81 1030.32
-0.848485 -9665.02 1039.85
-0.858586 -9665.22 1049.34
-0.868687 -9665.34 1058.62
-0.878788 -9665.44 1067.86
-0.888889 -9665.45 1076.88
-0.89899 -9665.46 1085.87
-0.909091 -9665.37 1094.64
-0.919192 -9665.28 1103.37
-0.929293 -9665.12 1111.87
-0.939394 -9664.96 1120.35
-0.949495 -9664.76 1128.6
-0.959596 -9664.56 1136.82
-0.969697 -9664.37 1144.83
-0.979798 -9664.18 1152.83
-0.989899 -9664.1 1160.64
-1 -9664.02 1168.44
