0 14256.1 0.00161569
-0.010101 13047.2 -10.947
-0.020202 13049.9 -21.916
-0.030303 13048.5 -33.8129
-0.040404 13046.9 -45.7186
-0.0505051 13042.7 -57.8357
-0.0606061 13038.4 -69.9628
-0.0707071 13032.5 -82.2487
-0.0808081 13026.4 -94.5434
-0.0909091 13019.6 -106.939
-0.10101 13012.7 -119.341
-0.111111 13005.7 -131.804
-0.121212 12998.6 -144.27
-0.131313 12991.7 -156.771
-0.141414 12984.9 -169.274
-0.151515 12978.5 -181.793
-0.161616 12972.2 -194.313
-0.171717 12966.5 -206.836
-0.181818 12961 -219.357
-0.191919 12956.1 -231.87
-0.20202 12951.4 -244.379
-0.212121 12947.3 -256.871
-0.222222 12943.4 -269.355
-0.232323 12940.2 -281.815
-0.242424 12937.1 -294.265
-0.252525 12934.6 -306.684
-0.262626 12932.2 -319.091
-0.272727 12930.4 -331.461
-0.282828 12928.7 -343.815
-0.292929 12927.4 -356.13
-0.30303 12926.3 -368.426
-0.313131 12925.5 -380.679
-0.323232 12924.9 -392.912
-0.333333 12924.5 -405.099
-0.343434 12924.2 -417.263
-0.353535 12924.2 -429.38
-0.363636 12924.3 -441.47
-0.373737 12924.5 -453.513
-0.383838 12924.8 -465.527
-0.393939 12925.3 -477.492
-0.40404 12925.8 -489.424
-0.414141 12926.4 -501.307
-0.424242 12927 -513.155
-0.434343 12927.7 -524.952
-0.444444 12928.4 -536.71
-0.454545 12929.2 -548.418
-0.464646 12930 -560.083
-0.474747 12930.8 -571.697
-0.484848 12931.7 -583.264
-0.494949 12932.6 -594.78
-0.505051 12933.4 -606.244
-0.515152 12934.3 -617.657
-0.525253 12935.2 -629.013
-0.535354 12936.1 -640.318
-0.545455 12937 -651.561
-0.555556 12937.9 -662.751
-0.565657 12938.9 -673.875
-0.575758 12939.8 -684.946
-0.585859 12940.7 -695.944
-0.59596 12941.6 -706.89
-0.606061 12942.5 -717.756
-0.616162 12943.4 -728.57
-0.626263 12944.3 -739.297
-0.636364 12945.2 -749.972
-0.646465 12946.1 -760.553
-0.656566 12947 -771.082
-0.666667 12947.9 -781.509
-0.676768 12948.8 -791.884
-0.686869 12949.7 -802.149
-0.69697 12950.6 -812.363
-0.707071 12951.5 -822.459
-0.717172 12952.4 -832.503
-0.727273 12953.2 -842.42
-0.737374 12954 -852.287
-0.747475 12954.9 -862.016
-0.757576 12955.7 -871.697
-0.767677 12956.5 -881.231
-0.777778 12957.2 -890.717
-0.787879 12957.9 -900.046
-0.79798 12958.7 -909.33
-0.808081 12959.3 -918.445
-0.818182 12959.9 -927.518
-0.828283 12960.5 -936.412
-0.838384 12961.1 -945.267
-0.848485 12961.5 -953.932
-0.858586 12962 -962.56
-0.868687 12962.4 -970.989
-0.878788 12962.7 -979.386
-0.888889 12963 -987.574
-0.89899 12963.2 -995.733
-0.909091 12963.3 -1003.68
-0.919192 12963.5 -1011.59
-0.929293 12963.5 -1019.29
-0.939394 12963.5 -1026.97
-0.949495 12963.5 -1034.42
-0.959596 12963.4 -1041.86
-0.969697 12963.3 -1049.09
-0.979798 12963.2 -1056.31
-0.989899 12963.2 -1063.36
-1 12963.1 -1070.41
