0 -21364.2 -0.00240429
-0.010101 -20677.9 6.44153
-0.020202 -20667.9 12.9006
-0.030303 -20656.4 19.9967
-0.040404 -20644.8 27.0985
-0.0505051 -20632.7 34.336
-0.0606061 -20620.6 41.578
-0.0707071 -20608.8 48.8892
-0.0808081 -20597 56.2029
-0.0909091 -20586 63.544
-0.10101 -20575.2 70.8859
-0.111111 -20565.3 78.2342
-0.121212 -20555.7 85.5821
-0.131313 -20547.2 92.9265
-0.141414 -20539 100.269
-0.151515 -20531.9 107.603
-0.161616 -20525.1 114.934
-0.171717 -20519.4 122.25
-0.181818 -20514 129.562
-0.191919 -20509.7 136.855
-0.20202 -20505.5 144.142
-0.212121 -20502.4 151.405
-0.222222 -20499.4 158.661
-0.232323 -20497.2 165.889
-0.242424 -20495.3 173.109
-0.252525 -20494 180.299
-0.262626 -20492.9 187.478
-0.272727 -20492.3 194.626
-0.282828 -20491.8 201.763
-0.292929 -20491.8 208.868
-0.30303 -20492 215.961
-0.313131 -20492.4 223.023
-0.323232 -20492.9 230.07
-0.333333 -20493.7 237.088
-0.343434 -20494.5 244.09
-0.353535 -20495.5 251.063
-0.363636 -20496.6 258.02
-0.373737 -20497.8 264.948
-0.383838 -20499 271.859
-0.393939 -20500.2 278.742
-0.40404 -20501.5 285.607
-0.414141 -20502.8 292.444
-0.424242 -20504.2 299.262
-0.434343 -20505.5 306.052
-0.444444 -20506.9 312.821
-0.454545 -20508.2 319.562
-0.464646 -20509.6 326.28
-0.474747 -20510.9 332.972
-0.484848 -20512.3 339.638
-0.494949 -20513.6 346.277
-0.505051 -20514.9 352.888
-0.515152 -20516.2 359.472
-0.525253 -20517.5 366.025
-0.535354 -20518.8 372.552
-0.545455 -20520.1 379.045
-0.555556 -20521.4 385.51
-0.565657 -20522.6 391.939
-0.575758 -20523.9 398.34
-0.585859 -20525.2 404.702
-0.59596 -20526.4 411.035
-0.606061 -20527.7 417.325
-0.616162 -20529 423.587
-0.626263 -20530.2 429.801
-0.636364 -20531.5 435.987
-0.646465 -20532.8 442.12
-0.656566 -20534.1 448.225
-0.666667 -20535.4 454.274
-0.676768 -20536.7 460.293
-0.686869 -20538.1 466.251
-0.69697 -20539.4 472.18
-0.707071 -20540.8 478.042
-0.717172 -20542.1 483.875
-0.727273 -20543.5 489.635
-0.737374 -20544.9 495.366
-0.747475 -20546.2 501.018
-0.757576 -20547.6 506.642
-0.767677 -20549 512.179
-0.777778 -20550.3 517.689
-0.787879 -20551.7 523.105
-0.79798 -20553 528.495
-0.808081 -20554.4 533.784
-0.818182 -20555.7 539.047
-0.828283 -20556.9 544.202
-0.838384 -20558.2 549.332
-0.848485 -20559.4 554.347
-0.858586 -20560.5 559.339
-0.868687 -20561.6 564.208
-0.878788 -20562.7 569.057
-0.888889 -20563.6 573.775
-0.89899 -20564.5 578.475
-0.909091 -20565.3 583.038
-0.919192 -20566.1 587.587
-0.929293 -20566.7 591.994
-0.939394 -20567.3 596.389
-0.949495 -20567.7 600.641
-0.959596 -20568.1 604.884
-0.969697 -20568.3 608.99
-0.979798 -20568.5 613.09
-0.989899 -20568.6 617.1
-1 -20568.7 621.109
