0 17455.1 0.00205859
-0.010101 16418 -9.48868
-0.020202 16415.5 -18.9981
-0.030303 16409.9 -29.3355
-0.040404 16404.2 -39.6802
-0.0505051 16396.6 -50.2009
-0.0606061 16388.9 -60.7292
-0.0707071 16380.3 -71.3766
-0.0808081 16371.7 -82.03
-0.0909091 16362.9 -92.7521
-0.10101 16354.2 -103.478
-0.111111 16345.7 -114.241
-0.121212 16337.3 -125.007
-0.131313 16329.5 -135.791
-0.141414 16321.9 -146.576
-0.151515 16315 -157.367
-0.161616 16308.3 -168.157
-0.171717 16302.4 -178.944
-0.181818 16296.8 -189.728
-0.191919 16291.9 -200.501
-0.20202 16287.3 -211.269
-0.212121 16283.5 -222.017
-0.222222 16279.9 -232.758
-0.232323 16277.1 -243.473
-0.242424 16274.4 -254.178
-0.252525 16272.4 -264.853
-0.262626 16270.5 -275.515
-0.272727 16269.2 -286.143
-0.282828 16268 -296.756
-0.292929 16267.3 -307.332
-0.30303 16266.8 -317.892
-0.313131 16266.5 -328.413
-0.323232 16266.5 -338.915
-0.333333 16266.6 -349.378
-0.343434 16266.9 -359.82
-0.353535 16267.4 -370.222
-0.363636 16268 -380.602
-0.373737 16268.7 -390.941
-0.383838 16269.5 -401.255
-0.393939 16270.4 -411.528
-0.40404 16271.3 -421.774
-0.414141 16272.3 -431.98
-0.424242 16273.3 -442.156
-0.434343 16274.4 -452.291
-0.444444 16275.4 -462.393
-0.454545 16276.5 -472.454
-0.464646 16277.6 -482.48
-0.474747 16278.8 -492.464
-0.484848 16279.9 -502.41
-0.494949 16281 -512.313
-0.505051 16282.1 -522.175
-0.515152 16283.2 -531.994
-0.525253 16284.3 -541.766
-0.535354 16285.5 -551.496
-0.545455 16286.6 -561.176
-0.555556 16287.6 -570.812
-0.565657 16288.7 -580.394
-0.575758 16289.8 -589.931
-0.585859 16290.9 -599.409
-0.59596 16292 -608.843
-0.606061 16293.1 -618.211
-0.616162 16294.1 -627.536
-0.626263 16295.2 -636.788
-0.636364 16296.3 -645.997
-0.646465 16297.4 -655.128
-0.656566 16298.5 -664.215
-0.666667 16299.5 -673.218
-0.676768 16300.6 -682.176
-0.686869 16301.7 -691.043
-0.69697 16302.8 -699.866
-0.707071 16303.9 -708.589
-0.717172 16304.9 -717.27
-0.727273 16306 -725.842
-0.737374 16307.1 -734.373
-0.747475 16308.1 -742.786
-0.757576 16309.2 -751.159
-0.767677 16310.2 -759.406
-0.777778 16311.2 -767.613
-0.787879 16312.2 -775.684
-0.79798 16313.2 -783.718
-0.808081 16314.2 -791.606
-0.818182 16315.1 -799.459
-0.828283 16315.9 -807.157
-0.838384 16316.8 -814.82
-0.848485 16317.6 -822.32
-0.858586 16318.3 -829.788
-0.868687 16319 -837.083
-0.878788 16319.6 -844.35
-0.888889 16320.2 -851.434
-0.89899 16320.7 -858.494
-0.909091 16321.1 -865.364
-0.919192 16321.5 -872.213
-0.929293 16321.7 -878.867
-0.939394 16322 -885.503
-0.949495 16322.1 -891.945
-0.959596 16322.2 -898.373
-0.969697 16322.3 -904.617
-0.979798 16322.3 -910.852
-0.989899 16322.3 -916.942
-1 16322.3 -923.028
