0 -21804.8 -0.00197019
-0.010101 -21178.7 5.91621
-0.020202 -21167.7 11.8484
-0.030303 -21155.3 18.3826
-0.040404 -21142.9 24.9221
-0.0505051 -21130.2 31.5898
-0.0606061 -21117.5 38.2614
-0.0707071 -21105.3 44.994
-0.0808081 -21093.1 51.7283
-0.0909091 -21081.9 58.4835
-0.10101 -21070.7 65.2389
-0.111111 -21060.8 71.9959
-0.121212 -21051 78.7521
-0.131313 -21042.5 85.5014
-0.141414 -21034.2 92.2488
-0.151515 -21027.2 98.9845
-0.161616 -21020.4 105.717
-0.171717 -21014.8 112.434
-0.181818 -21009.5 119.146
-0.191919 -21005.3 125.838
-0.20202 -21001.2 132.524
-0.212121 -20998.2 139.185
-0.222222 -20995.3 145.839
-0.232323 -20993.3 152.466
-0.242424 -20991.5 159.084
-0.252525 -20990.3 165.673
-0.262626 -20989.3 172.252
-0.272727 -20988.8 178.801
-0.282828 -20988.5 185.338
-0.292929 -20988.6 191.846
-0.30303 -20988.8 198.341
-0.313131 -20989.4 204.806
-0.323232 -20990 211.259
-0.333333 -20990.8 217.683
-0.343434 -20991.8 224.093
-0.353535 -20992.8 230.476
-0.363636 -20994 236.843
-0.373737 -20995.2 243.184
-0.383838 -20996.5 249.509
-0.393939 -20997.8 255.809
-0.40404 -20999.1 262.091
-0.414141 -21000.5 268.349
-0.424242 -21001.9 274.588
-0.434343 -21003.3 280.802
-0.444444 -21004.7 286.997
-0.454545 -21006 293.167
-0.464646 -21007.4 299.316
-0.474747 -21008.8 305.44
-0.484848 -21010.1 311.541
-0.494949 -21011.5 317.618
-0.505051 -21012.8 323.669
-0.515152 -21014.1 329.696
-0.525253 -21015.5 335.695
-0.535354 -21016.8 341.67
-0.545455 -21018.1 347.614
-0.555556 -21019.4 353.533
-0.565657 -21020.6 359.419
-0.575758 -21021.9 365.28
-0.585859 -21023.2 371.105
-0.59596 -21024.5 376.904
-0.606061 -21025.8 382.664
-0.616162 -21027.1 388.398
-0.626263 -21028.4 394.088
-0.636364 -21029.7 399.753
-0.646465 -21031 405.37
-0.656566 -21032.3 410.961
-0.666667 -21033.6 416.501
-0.676768 -21035 422.014
-0.686869 -21036.4 427.47
-0.69697 -21037.7 432.901
-0.707071 -21039.1 438.269
-0.717172 -21040.5 443.612
-0.727273 -21041.9 448.887
-0.737374 -21043.3 454.136
-0.747475 -21044.7 459.312
-0.757576 -21046.1 464.462
-0.767677 -21047.5 469.532
-0.777778 -21049 474.577
-0.787879 -21050.4 479.536
-0.79798 -21051.7 484.471
-0.808081 -21053.1 489.311
-0.818182 -21054.5 494.129
-0.828283 -21055.8 498.846
-0.838384 -21057.1 503.541
-0.848485 -21058.3 508.127
-0.858586 -21059.5 512.694
-0.868687 -21060.7 517.145
-0.878788 -21061.8 521.578
-0.888889 -21062.8 525.889
-0.89899 -21063.8 530.184
-0.909091 -21064.6 534.351
-0.919192 -21065.4 538.504
-0.929293 -21066.1 542.526
-0.939394 -21066.7 546.536
-0.949495 -21067.2 550.413
-0.959596 -21067.6 554.281
-0.969697 -21067.9 558.02
-0.979798 -21068.1 561.754
-0.989899 -21068.2 565.409
-1 -21068.3 569.061
