0 -9101.04 -0.00113203
-0.010101 -7722.52 12.3831
-0.020202 -7731.25 24.7881
-0.030303 -7735 38.165
-0.040404 -7738.61 51.5505
-0.0505051 -7738.63 65.1415
-0.0606061 -7738.49 78.7433
-0.0707071 -7735.91 92.5164
-0.0808081 -7733.19 106.3
-0.0909091 -7728.92 120.199
-0.10101 -7724.56 134.107
-0.111111 -7719.35 148.089
-0.121212 -7714.1 162.078
-0.131313 -7708.51 176.112
-0.141414 -7702.93 190.151
-0.151515 -7697.38 204.217
-0.161616 -7691.88 218.285
-0.171717 -7686.65 232.366
-0.181818 -7681.52 246.447
-0.191919 -7676.8 260.528
-0.20202 -7672.21 274.606
-0.212121 -7668.11 288.674
-0.222222 -7664.16 302.736
-0.232323 -7660.72 316.777
-0.242424 -7657.43 330.81
-0.252525 -7654.65 344.814
-0.262626 -7652.03 358.805
-0.272727 -7649.86 372.761
-0.282828 -7647.85 386.702
-0.292929 -7646.25 400.603
-0.30303 -7644.8 414.484
-0.313131 -7643.7 428.321
-0.323232 -7642.73 442.136
-0.333333 -7642.04 455.903
-0.343434 -7641.48 469.645
-0.353535 -7641.15 483.338
-0.363636 -7640.93 497.002
-0.373737 -7640.88 510.614
-0.383838 -7640.92 524.195
-0.393939 -7641.1 537.723
-0.40404 -7641.35 551.216
-0.414141 -7641.7 564.655
-0.424242 -7642.1 578.055
-0.434343 -7642.57 591.4
-0.444444 -7643.08 604.702
-0.454545 -7643.64 617.949
-0.464646 -7644.23 631.149
-0.474747 -7644.84 644.293
-0.484848 -7645.48 657.384
-0.494949 -7646.13 670.42
-0.505051 -7646.79 683.398
-0.515152 -7647.45 696.319
-0.525253 -7648.12 709.178
-0.535354 -7648.79 721.979
-0.545455 -7649.46 734.713
-0.555556 -7650.13 747.388
-0.565657 -7650.79 759.989
-0.575758 -7651.45 772.532
-0.585859 -7652.1 784.994
-0.59596 -7652.74 797.398
-0.606061 -7653.38 809.713
-0.616162 -7654.01 821.97
-0.626263 -7654.62 834.131
-0.636364 -7655.23 846.234
-0.646465 -7655.83 858.233
-0.656566 -7656.42 870.174
-0.666667 -7657 882.002
-0.676768 -7657.57 893.772
-0.686869 -7658.11 905.421
-0.69697 -7658.66 917.013
-0.707071 -7659.18 928.474
-0.717172 -7659.68 939.878
-0.727273 -7660.17 951.141
-0.737374 -7660.64 962.349
-0.747475 -7661.07 973.406
-0.757576 -7661.5 984.409
-0.767677 -7661.88 995.249
-0.777778 -7662.25 1006.04
-0.787879 -7662.56 1016.65
-0.79798 -7662.86 1027.22
-0.808081 -7663.1 1037.6
-0.818182 -7663.33 1047.93
-0.828283 -7663.48 1058.07
-0.838384 -7663.62 1068.17
-0.848485 -7663.69 1078.06
-0.858586 -7663.73 1087.9
-0.868687 -7663.7 1097.53
-0.878788 -7663.65 1107.13
-0.888889 -7663.52 1116.5
-0.89899 -7663.38 1125.83
-0.909091 -7663.17 1134.93
-0.919192 -7662.95 1144
-0.929293 -7662.68 1152.84
-0.939394 -7662.41 1161.65
-0.949495 -7662.12 1170.22
-0.959596 -7661.83 1178.77
-0.969697 -7661.59 1187.1
-0.979798 -7661.34 1195.42
-0.989899 -7661.24 1203.53
-1 -7661.13 1211.64
