0 22980.7 0.00181614
-0.010101 22574.8 -3.9808
-0.020202 22560.2 -7.97468
-0.030303 22545.1 -12.4391
-0.040404 22530 -16.9077
-0.0505051 22515.4 -21.4772
-0.0606061 22500.9 -26.0487
-0.0707071 22487.4 -30.6514
-0.0808081 22474.1 -35.2539
-0.0909091 22462.1 -39.8541
-0.10101 22450.3 -44.4527
-0.111111 22440.1 -49.0366
-0.121212 22430.1 -53.6181
-0.131313 22421.6 -58.1813
-0.141414 22413.3 -62.7415
-0.151515 22406.5 -67.2821
-0.161616 22400 -71.8188
-0.171717 22394.8 -76.3344
-0.181818 22389.8 -80.8449
-0.191919 22386 -85.3323
-0.20202 22382.4 -89.8134
-0.212121 22379.8 -94.2694
-0.222222 22377.5 -98.718
-0.232323 22375.9 -103.14
-0.242424 22374.6 -107.554
-0.252525 22373.8 -111.942
-0.262626 22373.3 -116.32
-0.272727 22373.3 -120.672
-0.282828 22373.4 -125.014
-0.292929 22373.8 -129.332
-0.30303 22374.4 -133.639
-0.313131 22375.3 -137.923
-0.323232 22376.2 -142.197
-0.333333 22377.3 -146.449
-0.343434 22378.5 -150.691
-0.353535 22379.8 -154.913
-0.363636 22381.2 -159.124
-0.373737 22382.6 -163.316
-0.383838 22384.1 -167.497
-0.393939 22385.5 -171.661
-0.40404 22387 -175.813
-0.414141 22388.5 -179.949
-0.424242 22390 -184.072
-0.434343 22391.5 -188.18
-0.444444 22393 -192.275
-0.454545 22394.4 -196.354
-0.464646 22395.9 -200.419
-0.474747 22397.3 -204.469
-0.484848 22398.7 -208.505
-0.494949 22400.1 -212.525
-0.505051 22401.5 -216.529
-0.515152 22402.9 -220.518
-0.525253 22404.2 -224.489
-0.535354 22405.6 -228.445
-0.545455 22406.9 -232.382
-0.555556 22408.3 -236.303
-0.565657 22409.6 -240.203
-0.575758 22410.9 -244.087
-0.585859 22412.2 -247.948
-0.59596 22413.6 -251.793
-0.606061 22414.9 -255.613
-0.616162 22416.2 -259.416
-0.626263 22417.6 -263.191
-0.636364 22419 -266.95
-0.646465 22420.3 -270.678
-0.656566 22421.7 -274.389
-0.666667 22423.1 -278.067
-0.676768 22424.5 -281.727
-0.686869 22426 -285.35
-0.69697 22427.4 -288.955
-0.707071 22428.9 -292.52
-0.717172 22430.4 -296.068
-0.727273 22431.9 -299.57
-0.737374 22433.4 -303.055
-0.747475 22434.9 -306.49
-0.757576 22436.4 -309.907
-0.767677 22438 -313.271
-0.777778 22439.5 -316.616
-0.787879 22441.1 -319.903
-0.79798 22442.6 -323.172
-0.808081 22444.1 -326.376
-0.818182 22445.6 -329.563
-0.828283 22447.1 -332.68
-0.838384 22448.6 -335.781
-0.848485 22450 -338.805
-0.858586 22451.4 -341.815
-0.868687 22452.7 -344.742
-0.878788 22453.9 -347.656
-0.888889 22455.1 -350.482
-0.89899 22456.3 -353.296
-0.909091 22457.3 -356.018
-0.919192 22458.3 -358.729
-0.929293 22459.1 -361.344
-0.939394 22459.9 -363.951
-0.949495 22460.5 -366.46
-0.959596 22461.1 -368.962
-0.969697 22461.4 -371.368
-0.979798 22461.7 -373.77
-0.989899 22461.9 -376.125
-1 22462 -378.48
