0 23519.1 0.00275989
-0.010101 23310.5 -2.2368
-0.020202 23293 -4.486
-0.030303 23275.9 -7.08374
-0.040404 23258.9 -9.68461
-0.0505051 23243 -12.3607
-0.0606061 23227.1 -15.0371
-0.0707071 23212.9 -17.7185
-0.0808081 23198.8 -20.3979
-0.0909091 23186.5 -23.055
-0.10101 23174.4 -25.7088
-0.111111 23164.1 -28.334
-0.121212 23154 -30.9553
-0.131313 23145.7 -33.5489
-0.141414 23137.7 -36.1382
-0.151515 23131.2 -38.7016
-0.161616 23125 -41.2602
-0.171717 23120.2 -43.7936
-0.181818 23115.6 -46.3214
-0.191919 23112.3 -48.8238
-0.20202 23109.2 -51.3198
-0.212121 23107 -53.7902
-0.222222 23105.1 -56.2534
-0.232323 23104 -58.6913
-0.242424 23103.1 -61.1215
-0.252525 23102.8 -63.5275
-0.262626 23102.6 -65.9255
-0.272727 23103 -68.301
-0.282828 23103.4 -70.6686
-0.292929 23104.2 -73.0158
-0.30303 23105.1 -75.3553
-0.313131 23106.2 -77.6767
-0.323232 23107.4 -79.9907
-0.333333 23108.7 -82.289
-0.343434 23110.1 -84.5803
-0.353535 23111.6 -86.8579
-0.363636 23113.1 -89.1288
-0.373737 23114.7 -91.3877
-0.383838 23116.3 -93.6403
-0.393939 23117.8 -95.8824
-0.40404 23119.4 -98.1183
-0.414141 23121 -100.345
-0.424242 23122.5 -102.565
-0.434343 23124.1 -104.777
-0.444444 23125.6 -106.983
-0.454545 23127.1 -109.18
-0.464646 23128.6 -111.371
-0.474747 23130.1 -113.555
-0.484848 23131.5 -115.731
-0.494949 23132.9 -117.9
-0.505051 23134.3 -120.062
-0.515152 23135.7 -122.216
-0.525253 23137 -124.362
-0.535354 23138.4 -126.501
-0.545455 23139.7 -128.63
-0.555556 23141.1 -130.753
-0.565657 23142.4 -132.865
-0.575758 23143.8 -134.969
-0.585859 23145.1 -137.063
-0.59596 23146.4 -139.148
-0.606061 23147.8 -141.221
-0.616162 23149.1 -143.286
-0.626263 23150.5 -145.337
-0.636364 23151.9 -147.379
-0.646465 23153.3 -149.406
-0.656566 23154.7 -151.424
-0.666667 23156.1 -153.425
-0.676768 23157.6 -155.416
-0.686869 23159.1 -157.388
-0.69697 23160.5 -159.351
-0.707071 23162.1 -161.291
-0.717172 23163.6 -163.222
-0.727273 23165.1 -165.127
-0.737374 23166.7 -167.023
-0.747475 23168.3 -168.89
-0.757576 23169.9 -170.748
-0.767677 23171.5 -172.574
-0.777778 23173.1 -174.389
-0.787879 23174.7 -176.169
-0.79798 23176.4 -177.939
-0.808081 23178 -179.669
-0.818182 23179.6 -181.389
-0.828283 23181.2 -183.065
-0.838384 23182.7 -184.732
-0.848485 23184.3 -186.35
-0.858586 23185.8 -187.958
-0.868687 23187.2 -189.514
-0.878788 23188.6 -191.061
-0.888889 23189.9 -192.551
-0.89899 23191.2 -194.033
-0.909091 23192.3 -195.455
-0.919192 23193.4 -196.87
-0.929293 23194.4 -198.22
-0.939394 23195.3 -199.566
-0.949495 23196 -200.845
-0.959596 23196.7 -202.121
-0.969697 23197.1 -203.329
-0.979798 23197.5 -204.534
-0.989899 23197.7 -205.723
-1 23197.8 -206.912
