0 -16521.4 -0.00168523
-0.010101 -17523.7 -8.62289
-0.020202 -17497.7 -17.2526
-0.030303 -17476.5 -26.3785
-0.040404 -17455.5 -35.5088
-0.0505051 -17438.8 -44.7426
-0.0606061 -17422.4 -53.9857
-0.0707071 -17409.8 -63.3754
-0.0808081 -17397.5 -72.776
-0.0909091 -17388.4 -82.3033
-0.10101 -17379.6 -91.8412
-0.111111 -17373.4 -101.475
-0.121212 -17367.6 -111.118
-0.131313 -17363.8 -120.831
-0.141414 -17360.4 -130.553
-0.151515 -17358.5 -140.325
-0.161616 -17356.9 -150.105
-0.171717 -17356.5 -159.922
-0.181818 -17356.3 -169.746
-0.191919 -17357 -179.595
-0.20202 -17357.8 -189.45
-0.212121 -17359.2 -199.321
-0.222222 -17360.7 -209.195
-0.232323 -17362.6 -219.078
-0.242424 -17364.5 -228.96
-0.252525 -17366.7 -238.843
-0.262626 -17368.8 -248.723
-0.272727 -17371.1 -258.595
-0.282828 -17373.3 -268.462
-0.292929 -17375.6 -278.315
-0.30303 -17377.8 -288.158
-0.313131 -17379.9 -297.982
-0.323232 -17382 -307.793
-0.333333 -17384.1 -317.58
-0.343434 -17386 -327.351
-0.353535 -17387.8 -337.092
-0.363636 -17389.6 -346.815
-0.373737 -17391.3 -356.506
-0.383838 -17392.9 -366.174
-0.393939 -17394.4 -375.808
-0.40404 -17395.8 -385.416
-0.414141 -17397.1 -394.987
-0.424242 -17398.4 -404.529
-0.434343 -17399.6 -414.032
-0.444444 -17400.8 -423.504
-0.454545 -17401.8 -432.935
-0.464646 -17402.9 -442.331
-0.474747 -17403.8 -451.685
-0.484848 -17404.8 -461.001
-0.494949 -17405.7 -470.275
-0.505051 -17406.6 -479.505
-0.515152 -17407.4 -488.694
-0.525253 -17408.2 -497.835
-0.535354 -17409.1 -506.933
-0.545455 -17409.9 -515.981
-0.555556 -17410.7 -524.985
-0.565657 -17411.5 -533.934
-0.575758 -17412.3 -542.839
-0.585859 -17413.1 -551.685
-0.59596 -17414 -560.486
-0.606061 -17414.8 -569.223
-0.616162 -17415.7 -577.917
-0.626263 -17416.5 -586.541
-0.636364 -17417.4 -595.121
-0.646465 -17418.4 -603.627
-0.656566 -17419.3 -612.089
-0.666667 -17420.3 -620.471
-0.676768 -17421.3 -628.811
-0.686869 -17422.4 -637.064
-0.69697 -17423.5 -645.276
-0.707071 -17424.6 -653.395
-0.717172 -17425.7 -661.474
-0.727273 -17426.9 -669.455
-0.737374 -17428.2 -677.397
-0.747475 -17429.4 -685.235
-0.757576 -17430.7 -693.035
-0.767677 -17432.1 -700.725
-0.777778 -17433.4 -708.38
-0.787879 -17434.8 -715.918
-0.79798 -17436.3 -723.424
-0.808081 -17437.7 -730.807
-0.818182 -17439.2 -738.159
-0.828283 -17440.7 -745.384
-0.838384 -17442.3 -752.581
-0.848485 -17443.8 -759.645
-0.858586 -17445.3 -766.684
-0.868687 -17446.9 -773.585
-0.878788 -17448.4 -780.464
-0.888889 -17449.8 -787.2
-0.89899 -17451.3 -793.918
-0.909091 -17452.7 -800.489
-0.919192 -17454.1 -807.045
-0.929293 -17455.3 -813.453
-0.939394 -17456.5 -819.848
-0.949495 -17457.4 -826.099
-0.959596 -17458.4 -832.34
-0.969697 -17459.1 -838.452
-0.979798 -17459.7 -844.559
-0.989899 -17460 -850.502
-1 -17460.2 -856.441
