0 -22199.6 -0.0024951
-0.010101 -21635 5.38089
-0.020202 -21622.9 10.778
-0.030303 -21609.7 16.7393
-0.040404 -21596.4 22.7056
-0.0505051 -21583.2 28.7902
-0.0606061 -21569.9 34.878
-0.0707071 -21557.3 41.0162
-0.0808081 -21544.7 47.1554
-0.0909091 -21533.2 53.3069
-0.10101 -21521.9 59.4578
-0.111111 -21511.8 65.604
-0.121212 -21501.9 71.7486
-0.131313 -21493.4 77.8816
-0.141414 -21485.1 84.0121
-0.151515 -21478.1 90.1273
-0.161616 -21471.4 96.239
-0.171717 -21465.9 102.332
-0.181818 -21460.6 108.421
-0.191919 -21456.5 114.487
-0.20202 -21452.6 120.547
-0.212121 -21449.6 126.582
-0.222222 -21446.9 132.61
-0.232323 -21445 138.61
-0.242424 -21443.3 144.601
-0.252525 -21442.2 150.564
-0.262626 -21441.4 156.516
-0.272727 -21441 162.44
-0.282828 -21440.8 168.352
-0.292929 -21441 174.236
-0.30303 -21441.3 180.109
-0.313131 -21442 185.953
-0.323232 -21442.7 191.786
-0.333333 -21443.6 197.592
-0.343434 -21444.6 203.385
-0.353535 -21445.8 209.153
-0.363636 -21446.9 214.907
-0.373737 -21448.2 220.636
-0.383838 -21449.6 226.352
-0.393939 -21450.9 232.044
-0.40404 -21452.3 237.721
-0.414141 -21453.7 243.376
-0.424242 -21455.1 249.014
-0.434343 -21456.6 254.629
-0.444444 -21458 260.228
-0.454545 -21459.4 265.804
-0.464646 -21460.8 271.362
-0.474747 -21462.2 276.898
-0.484848 -21463.6 282.413
-0.494949 -21464.9 287.907
-0.505051 -21466.3 293.378
-0.515152 -21467.7 298.827
-0.525253 -21469 304.252
-0.535354 -21470.3 309.654
-0.545455 -21471.6 315.03
-0.555556 -21472.9 320.384
-0.565657 -21474.3 325.708
-0.575758 -21475.6 331.009
-0.585859 -21476.9 336.279
-0.59596 -21478.2 341.526
-0.606061 -21479.5 346.737
-0.616162 -21480.8 351.925
-0.626263 -21482.1 357.075
-0.636364 -21483.5 362.201
-0.646465 -21484.8 367.286
-0.656566 -21486.2 372.346
-0.666667 -21487.5 377.361
-0.676768 -21488.9 382.351
-0.686869 -21490.3 387.291
-0.69697 -21491.7 392.208
-0.707071 -21493.1 397.068
-0.717172 -21494.6 401.906
-0.727273 -21496 406.682
-0.737374 -21497.4 411.435
-0.747475 -21498.9 416.121
-0.757576 -21500.4 420.784
-0.767677 -21501.8 425.375
-0.777778 -21503.3 429.943
-0.787879 -21504.7 434.433
-0.79798 -21506.2 438.9
-0.808081 -21507.6 443.281
-0.818182 -21509 447.642
-0.828283 -21510.4 451.91
-0.838384 -21511.7 456.158
-0.848485 -21513 460.307
-0.858586 -21514.3 464.437
-0.868687 -21515.5 468.462
-0.878788 -21516.7 472.469
-0.888889 -21517.7 476.365
-0.89899 -21518.7 480.245
-0.909091 -21519.6 484.007
-0.919192 -21520.5 487.757
-0.929293 -21521.2 491.384
-0.939394 -21521.9 495.002
-0.949495 -21522.4 498.495
-0.959596 -21522.9 501.981
-0.969697 -21523.2 505.347
-0.979798 -21523.5 508.708
-0.989899 -21523.5 511.997
-1 -21523.6 515.285
