0 13377 0.00165331
-0.010101 12131 -11.2769
-0.020202 12134.5 -22.5757
-0.030303 12133.8 -34.7999
-0.040404 12133 -47.0323
-0.0505051 12129.3 -59.4608
-0.0606061 12125.5 -71.8988
-0.0707071 12119.9 -84.4867
-0.0808081 12114.3 -97.083
-0.0909091 12107.7 -109.775
-0.10101 12101.1 -122.474
-0.111111 12094.2 -135.23
-0.121212 12087.3 -147.992
-0.131313 12080.5 -160.786
-0.141414 12073.8 -173.584
-0.151515 12067.4 -186.399
-0.161616 12061.2 -199.215
-0.171717 12055.6 -212.036
-0.181818 12050 -224.856
-0.191919 12045.2 -237.67
-0.20202 12040.4 -250.48
-0.212121 12036.4 -263.275
-0.222222 12032.5 -276.064
-0.232323 12029.3 -288.829
-0.242424 12026.2 -301.584
-0.252525 12023.7 -314.309
-0.262626 12021.4 -327.021
-0.272727 12019.6 -339.697
-0.282828 12018 -352.358
-0.292929 12016.7 -364.98
-0.30303 12015.7 -377.582
-0.313131 12015 -390.143
-0.323232 12014.4 -402.682
-0.333333 12014.1 -415.177
-0.343434 12014 -427.647
-0.353535 12014 -440.072
-0.363636 12014.2 -452.47
-0.373737 12014.5 -464.821
-0.383838 12014.9 -477.143
-0.393939 12015.4 -489.417
-0.40404 12016 -501.658
-0.414141 12016.7 -513.851
-0.424242 12017.4 -526.008
-0.434343 12018.2 -538.116
-0.444444 12019 -550.185
-0.454545 12019.8 -562.204
-0.464646 12020.7 -574.181
-0.474747 12021.5 -586.107
-0.484848 12022.4 -597.987
-0.494949 12023.3 -609.815
-0.505051 12024.2 -621.593
-0.515152 12025.1 -633.319
-0.525253 12026 -644.989
-0.535354 12026.9 -656.608
-0.545455 12027.8 -668.165
-0.555556 12028.7 -679.67
-0.565657 12029.6 -691.109
-0.575758 12030.5 -702.495
-0.585859 12031.3 -713.808
-0.59596 12032.2 -725.069
-0.606061 12033.1 -736.25
-0.616162 12033.9 -747.379
-0.626263 12034.8 -758.421
-0.636364 12035.6 -769.41
-0.646465 12036.5 -780.306
-0.656566 12037.3 -791.149
-0.666667 12038.2 -801.89
-0.676768 12039 -812.579
-0.686869 12039.8 -823.158
-0.69697 12040.6 -833.685
-0.707071 12041.4 -844.093
-0.717172 12042.2 -854.45
-0.727273 12043 -864.678
-0.737374 12043.8 -874.857
-0.747475 12044.5 -884.896
-0.757576 12045.3 -894.888
-0.767677 12046 -904.73
-0.777778 12046.7 -914.526
-0.787879 12047.3 -924.162
-0.79798 12048 -933.753
-0.808081 12048.5 -943.174
-0.818182 12049.1 -952.553
-0.828283 12049.6 -961.751
-0.838384 12050.1 -970.909
-0.848485 12050.5 -979.876
-0.858586 12050.9 -988.806
-0.868687 12051.2 -997.535
-0.878788 12051.5 -1006.23
-0.888889 12051.7 -1014.72
-0.89899 12051.9 -1023.17
-0.909091 12051.9 -1031.41
-0.919192 12052 -1039.62
-0.929293 12052 -1047.61
-0.939394 12052 -1055.58
-0.949495 12051.9 -1063.32
-0.959596 12051.8 -1071.05
-0.969697 12051.7 -1078.56
-0.979798 12051.6 -1086.07
-0.989899 12051.5 -1093.4
-1 12051.4 -1100.72
