0 -16318.7 -0.00192665
-0.010101 -15212.7 10.0833
-0.020202 -15212 20.1877
-0.030303 -15207.9 31.154
-0.040404 -15203.6 42.128
-0.0505051 -15197.1 53.2847
-0.0606061 -15190.6 64.4496
-0.0707071 -15182.9 75.7434
-0.0808081 -15175.1 87.0439
-0.0909091 -15166.9 98.4215
-0.10101 -15158.8 109.804
-0.111111 -15150.7 121.23
-0.121212 -15142.7 132.658
-0.131313 -15135.2 144.11
-0.141414 -15127.8 155.563
-0.151515 -15121.1 167.026
-0.161616 -15114.5 178.488
-0.171717 -15108.6 189.95
-0.181818 -15103 201.409
-0.191919 -15098.1 212.858
-0.20202 -15093.4 224.302
-0.212121 -15089.5 235.728
-0.222222 -15085.8 247.147
-0.232323 -15082.8 258.54
-0.242424 -15080 269.924
-0.252525 -15077.8 281.276
-0.262626 -15075.8 292.616
-0.272727 -15074.4 303.921
-0.282828 -15073.1 315.211
-0.292929 -15072.2 326.463
-0.30303 -15071.5 337.698
-0.313131 -15071.1 348.892
-0.323232 -15070.9 360.067
-0.333333 -15070.9 371.201
-0.343434 -15071.1 382.313
-0.353535 -15071.4 393.383
-0.363636 -15071.9 404.428
-0.373737 -15072.5 415.431
-0.383838 -15073.2 426.408
-0.393939 -15073.9 437.341
-0.40404 -15074.8 448.245
-0.414141 -15075.7 459.107
-0.424242 -15076.6 469.936
-0.434343 -15077.6 480.722
-0.444444 -15078.6 491.473
-0.454545 -15079.6 502.18
-0.464646 -15080.6 512.849
-0.474747 -15081.7 523.474
-0.484848 -15082.7 534.057
-0.494949 -15083.8 544.596
-0.505051 -15084.8 555.089
-0.515152 -15085.9 565.537
-0.525253 -15087 575.936
-0.535354 -15088 586.289
-0.545455 -15089 596.588
-0.555556 -15090.1 606.841
-0.565657 -15091.1 617.034
-0.575758 -15092.2 627.182
-0.585859 -15093.2 637.265
-0.59596 -15094.2 647.302
-0.606061 -15095.2 657.268
-0.616162 -15096.2 667.187
-0.626263 -15097.3 677.03
-0.636364 -15098.3 686.827
-0.646465 -15099.3 696.54
-0.656566 -15100.3 706.206
-0.666667 -15101.3 715.782
-0.676768 -15102.3 725.311
-0.686869 -15103.3 734.743
-0.69697 -15104.3 744.128
-0.707071 -15105.3 753.407
-0.717172 -15106.3 762.64
-0.727273 -15107.3 771.759
-0.737374 -15108.3 780.833
-0.747475 -15109.3 789.783
-0.757576 -15110.2 798.689
-0.767677 -15111.2 807.462
-0.777778 -15112.1 816.192
-0.787879 -15113 824.78
-0.79798 -15113.9 833.327
-0.808081 -15114.7 841.72
-0.818182 -15115.5 850.076
-0.828283 -15116.3 858.267
-0.838384 -15117 866.423
-0.848485 -15117.7 874.406
-0.858586 -15118.4 882.356
-0.868687 -15118.9 890.122
-0.878788 -15119.5 897.859
-0.888889 -15119.9 905.404
-0.89899 -15120.3 912.923
-0.909091 -15120.6 920.242
-0.919192 -15120.9 927.539
-0.929293 -15121.1 934.63
-0.939394 -15121.3 941.704
-0.949495 -15121.3 948.572
-0.959596 -15121.4 955.426
-0.969697 -15121.4 962.087
-0.979798 -15121.4 968.739
-0.989899 -15121.4 975.234
-1 -15121.3 981.727
