0 16904.5 0.00172334
-0.010101 17882 8.40869
-0.020202 17856 16.8235
-0.030303 17834.8 25.7083
-0.040404 17813.7 34.5969
-0.0505051 17797 43.5769
-0.0606061 17780.5 52.5656
-0.0707071 17767.8 61.691
-0.0808081 17755.3 70.8268
-0.0909091 17746.1 80.0817
-0.10101 17737.2 89.3466
-0.111111 17730.9 98.7018
-0.121212 17724.9 108.066
-0.131313 17721 117.496
-0.141414 17717.4 126.935
-0.151515 17715.4 136.421
-0.161616 17713.7 145.915
-0.171717 17713.2 155.445
-0.181818 17712.9 164.98
-0.191919 17713.5 174.541
-0.20202 17714.2 184.107
-0.212121 17715.6 193.69
-0.222222 17717 203.276
-0.232323 17718.8 212.871
-0.242424 17720.7 222.466
-0.252525 17722.8 232.062
-0.262626 17725 241.655
-0.272727 17727.2 251.243
-0.282828 17729.4 260.825
-0.292929 17731.6 270.393
-0.30303 17733.8 279.954
-0.313131 17735.9 289.496
-0.323232 17738 299.026
-0.333333 17740 308.532
-0.343434 17742 318.023
-0.353535 17743.8 327.487
-0.363636 17745.6 336.933
-0.373737 17747.2 346.347
-0.383838 17748.8 355.74
-0.393939 17750.3 365.1
-0.40404 17751.7 374.436
-0.414141 17753 383.735
-0.424242 17754.3 393.008
-0.434343 17755.5 402.243
-0.444444 17756.6 411.447
-0.454545 17757.6 420.613
-0.464646 17758.7 429.745
-0.474747 17759.6 438.838
-0.484848 17760.5 447.893
-0.494949 17761.4 456.909
-0.505051 17762.3 465.883
-0.515152 17763.1 474.817
-0.525253 17763.9 483.706
-0.535354 17764.8 492.554
-0.545455 17765.6 501.353
-0.555556 17766.3 510.111
-0.565657 17767.1 518.817
-0.575758 17767.9 527.481
-0.585859 17768.7 536.087
-0.59596 17769.6 544.652
-0.606061 17770.4 553.156
-0.616162 17771.2 561.618
-0.626263 17772.1 570.013
-0.636364 17773 578.367
-0.646465 17773.9 586.649
-0.656566 17774.9 594.891
-0.666667 17775.9 603.055
-0.676768 17776.9 611.179
-0.686869 17777.9 619.221
-0.69697 17779 627.223
-0.707071 17780.1 635.136
-0.717172 17781.3 643.012
-0.727273 17782.5 650.793
-0.737374 17783.7 658.537
-0.747475 17785 666.181
-0.757576 17786.3 673.789
-0.767677 17787.6 681.292
-0.777778 17789 688.761
-0.787879 17790.4 696.118
-0.79798 17791.8 703.444
-0.808081 17793.3 710.653
-0.818182 17794.8 717.832
-0.828283 17796.3 724.889
-0.838384 17797.9 731.92
-0.848485 17799.4 738.822
-0.858586 17800.9 745.701
-0.868687 17802.5 752.447
-0.878788 17804 759.172
-0.888889 17805.5 765.76
-0.89899 17806.9 772.33
-0.909091 17808.3 778.76
-0.919192 17809.7 785.174
-0.929293 17810.9 791.446
-0.939394 17812.1 797.706
-0.949495 17813.1 803.826
-0.959596 17814 809.938
-0.969697 17814.7 815.927
-0.979798 17815.3 821.911
-0.989899 17815.6 827.729
-1 17815.8 833.545
