0 14479.8 0.0015407
-0.010101 15598.2 9.68726
-0.020202 15572.5 19.3835
-0.030303 15552 29.6694
-0.040404 15531.7 39.9604
-0.0505051 15516 50.3747
-0.0606061 15500.5 60.7991
-0.0707071 15488.9 71.3832
-0.0808081 15477.6 81.979
-0.0909091 15469.6 92.7088
-0.10101 15461.8 103.45
-0.111111 15456.6 114.29
-0.121212 15451.7 125.141
-0.131313 15448.9 136.063
-0.141414 15446.3 146.993
-0.151515 15445.2 157.975
-0.161616 15444.4 168.965
-0.171717 15444.7 179.991
-0.181818 15445.1 191.022
-0.191919 15446.3 202.079
-0.20202 15447.7 213.14
-0.212121 15449.5 224.216
-0.222222 15451.4 235.293
-0.232323 15453.6 246.376
-0.242424 15455.9 257.457
-0.252525 15458.3 268.535
-0.262626 15460.6 279.609
-0.272727 15463 290.672
-0.282828 15465.4 301.727
-0.292929 15467.7 312.764
-0.30303 15470 323.79
-0.313131 15472.2 334.792
-0.323232 15474.3 345.779
-0.333333 15476.3 356.736
-0.343434 15478.2 367.676
-0.353535 15480 378.582
-0.363636 15481.7 389.467
-0.373737 15483.2 400.315
-0.383838 15484.7 411.138
-0.393939 15486.1 421.921
-0.40404 15487.5 432.676
-0.414141 15488.7 443.389
-0.424242 15489.8 454.07
-0.434343 15490.9 464.708
-0.444444 15491.9 475.31
-0.454545 15492.9 485.867
-0.464646 15493.8 496.385
-0.474747 15494.6 506.856
-0.484848 15495.4 517.285
-0.494949 15496.2 527.667
-0.505051 15496.9 538.001
-0.515152 15497.7 548.288
-0.525253 15498.4 558.523
-0.535354 15499.1 568.71
-0.545455 15499.7 578.841
-0.555556 15500.4 588.923
-0.565657 15501.1 598.944
-0.575758 15501.8 608.916
-0.585859 15502.5 618.822
-0.59596 15503.2 628.68
-0.606061 15503.9 638.465
-0.616162 15504.6 648.202
-0.626263 15505.4 657.86
-0.636364 15506.2 667.471
-0.646465 15507 676.998
-0.656566 15507.8 686.477
-0.666667 15508.7 695.866
-0.676768 15509.6 705.208
-0.686869 15510.5 714.453
-0.69697 15511.4 723.652
-0.707071 15512.4 732.747
-0.717172 15513.5 741.797
-0.727273 15514.5 750.737
-0.737374 15515.6 759.633
-0.747475 15516.8 768.412
-0.757576 15517.9 777.149
-0.767677 15519.2 785.761
-0.777778 15520.4 794.334
-0.787879 15521.7 802.775
-0.79798 15523 811.178
-0.808081 15524.4 819.443
-0.818182 15525.7 827.674
-0.828283 15527.2 835.76
-0.838384 15528.6 843.813
-0.848485 15530 851.716
-0.858586 15531.5 859.589
-0.868687 15532.9 867.306
-0.878788 15534.4 874.996
-0.888889 15535.8 882.525
-0.89899 15537.2 890.031
-0.909091 15538.5 897.37
-0.919192 15539.8 904.691
-0.929293 15541 911.842
-0.939394 15542.1 918.978
-0.949495 15543.1 925.947
-0.959596 15544.1 932.906
-0.969697 15544.7 939.715
-0.979798 15545.4 946.518
-0.989899 15545.6 953.141
-1 15545.8 959.76
