0 -953.5 -0.000106006
-0.010101 -2415.87 -12.9615
-0.020202 -2397.61 -25.9416
-0.030303 -2385.16 -39.8564
-0.040404 -2372.9 -53.7795
-0.0505051 -2365.25 -67.8996
-0.0606061 -2357.83 -82.032
-0.0707071 -2353.93 -96.3563
-0.0808081 -2350.26 -110.693
-0.0909091 -2349.19 -125.173
-0.10101 -2348.33 -139.663
-0.111111 -2349.3 -154.252
-0.121212 -2350.43 -168.849
-0.131313 -2352.78 -183.513
-0.141414 -2355.25 -198.183
-0.151515 -2358.44 -212.897
-0.161616 -2361.7 -227.615
-0.171717 -2365.32 -242.361
-0.181818 -2368.96 -257.108
-0.191919 -2372.7 -271.869
-0.20202 -2376.41 -286.629
-0.212121 -2380.04 -301.39
-0.222222 -2383.61 -316.148
-0.232323 -2386.97 -330.894
-0.242424 -2390.25 -345.635
-0.252525 -2393.26 -360.354
-0.262626 -2396.16 -375.064
-0.272727 -2398.76 -389.744
-0.282828 -2401.25 -404.411
-0.292929 -2403.44 -419.042
-0.30303 -2405.52 -433.655
-0.313131 -2407.3 -448.226
-0.323232 -2408.97 -462.776
-0.333333 -2410.39 -477.28
-0.343434 -2411.69 -491.759
-0.353535 -2412.78 -506.188
-0.363636 -2413.76 -520.588
-0.373737 -2414.55 -534.935
-0.383838 -2415.26 -549.249
-0.393939 -2415.81 -563.509
-0.40404 -2416.29 -577.732
-0.414141 -2416.64 -591.898
-0.424242 -2416.93 -606.023
-0.434343 -2417.14 -620.091
-0.444444 -2417.29 -634.113
-0.454545 -2417.37 -648.075
-0.464646 -2417.42 -661.988
-0.474747 -2417.42 -675.84
-0.484848 -2417.39 -689.637
-0.494949 -2417.33 -703.374
-0.505051 -2417.25 -717.05
-0.515152 -2417.15 -730.664
-0.525253 -2417.05 -744.212
-0.535354 -2416.94 -757.698
-0.545455 -2416.82 -771.112
-0.555556 -2416.71 -784.463
-0.565657 -2416.6 -797.735
-0.575758 -2416.49 -810.945
-0.585859 -2416.39 -824.068
-0.59596 -2416.3 -837.129
-0.606061 -2416.23 -850.096
-0.616162 -2416.17 -863
-0.626263 -2416.12 -875.803
-0.636364 -2416.09 -888.544
-0.646465 -2416.09 -901.174
-0.656566 -2416.09 -913.743
-0.666667 -2416.13 -926.192
-0.676768 -2416.18 -938.581
-0.686869 -2416.26 -950.841
-0.69697 -2416.36 -963.041
-0.707071 -2416.5 -975.103
-0.717172 -2416.65 -987.105
-0.727273 -2416.85 -998.96
-0.737374 -2417.07 -1010.76
-0.747475 -2417.33 -1022.4
-0.757576 -2417.62 -1033.98
-0.767677 -2417.96 -1045.39
-0.777778 -2418.31 -1056.75
-0.787879 -2418.73 -1067.93
-0.79798 -2419.17 -1079.06
-0.808081 -2419.67 -1090
-0.818182 -2420.18 -1100.89
-0.828283 -2420.76 -1111.58
-0.838384 -2421.36 -1122.23
-0.848485 -2422.02 -1132.66
-0.858586 -2422.69 -1143.05
-0.868687 -2423.41 -1153.23
-0.878788 -2424.14 -1163.36
-0.888889 -2424.91 -1173.27
-0.89899 -2425.69 -1183.14
-0.909091 -2426.47 -1192.78
-0.919192 -2427.25 -1202.38
-0.929293 -2428 -1211.75
-0.939394 -2428.75 -1221.09
-0.949495 -2429.41 -1230.19
-0.959596 -2430.06 -1239.28
-0.969697 -2430.55 -1248.14
-0.979798 -2431.02 -1257
-0.989899 -2431.21 -1265.63
-1 -2431.39 -1274.25
