0 18346 0.00171221
-0.010101 19219 7.44588
-0.020202 19193 14.8965
-0.030303 19171.4 22.7435
-0.040404 19150 30.5939
-0.0505051 19132.6 38.5266
-0.0606061 19115.5 46.4676
-0.0707071 19102.1 54.54
-0.0808081 19088.9 62.6226
-0.0909091 19078.9 70.8226
-0.10101 19069.2 79.0326
-0.111111 19062.1 87.3331
-0.121212 19055.4 95.6428
-0.131313 19050.8 104.02
-0.141414 19046.4 112.404
-0.151515 19043.8 120.839
-0.161616 19041.5 129.281
-0.171717 19040.4 137.76
-0.181818 19039.6 146.246
-0.191919 19039.7 154.759
-0.20202 19039.9 163.277
-0.212121 19040.9 171.814
-0.222222 19042 180.355
-0.232323 19043.5 188.907
-0.242424 19045.1 197.46
-0.252525 19047 206.017
-0.262626 19049 214.572
-0.272727 19051 223.124
-0.282828 19053.1 231.672
-0.292929 19055.3 240.21
-0.30303 19057.4 248.741
-0.313131 19059.5 257.257
-0.323232 19061.6 265.763
-0.333333 19063.6 274.248
-0.343434 19065.5 282.721
-0.353535 19067.4 291.169
-0.363636 19069.2 299.601
-0.373737 19071 308.006
-0.383838 19072.6 316.392
-0.393939 19074.2 324.747
-0.40404 19075.7 333.081
-0.414141 19077.2 341.382
-0.424242 19078.6 349.659
-0.434343 19079.9 357.902
-0.444444 19081.1 366.117
-0.454545 19082.3 374.296
-0.464646 19083.4 382.445
-0.474747 19084.5 390.558
-0.484848 19085.6 398.636
-0.494949 19086.6 406.678
-0.505051 19087.6 414.682
-0.515152 19088.6 422.649
-0.525253 19089.5 430.575
-0.535354 19090.5 438.463
-0.545455 19091.4 446.307
-0.555556 19092.3 454.112
-0.565657 19093.3 461.869
-0.575758 19094.2 469.588
-0.585859 19095.1 477.255
-0.59596 19096.1 484.884
-0.606061 19097 492.455
-0.616162 19098 499.989
-0.626263 19099 507.462
-0.636364 19100 514.897
-0.646465 19101.1 522.267
-0.656566 19102.1 529.599
-0.666667 19103.2 536.861
-0.676768 19104.4 544.087
-0.686869 19105.5 551.237
-0.69697 19106.7 558.352
-0.707071 19107.9 565.386
-0.717172 19109.2 572.385
-0.727273 19110.5 579.3
-0.737374 19111.8 586.181
-0.747475 19113.2 592.972
-0.757576 19114.6 599.731
-0.767677 19116.1 606.394
-0.777778 19117.5 613.028
-0.787879 19119.1 619.562
-0.79798 19120.6 626.068
-0.808081 19122.1 632.469
-0.818182 19123.7 638.844
-0.828283 19125.3 645.11
-0.838384 19126.9 651.353
-0.848485 19128.5 657.483
-0.858586 19130.1 663.592
-0.868687 19131.7 669.584
-0.878788 19133.3 675.557
-0.888889 19134.8 681.411
-0.89899 19136.3 687.248
-0.909091 19137.7 692.963
-0.919192 19139.1 698.664
-0.929293 19140.3 704.241
-0.939394 19141.6 709.808
-0.949495 19142.5 715.254
-0.959596 19143.5 720.692
-0.969697 19144.2 726.023
-0.979798 19144.8 731.351
-0.989899 19145.1 736.533
-1 19145.3 741.712
