0 23427.4 0.00201476
-0.010101 23554.5 0.741572
-0.020202 23533 1.47658
-0.030303 23513.3 2.0808
-0.040404 23493.7 2.68381
-0.0505051 23476.3 3.25764
-0.0606061 23459 3.83395
-0.0707071 23444 4.44908
-0.0808081 23429.3 5.06897
-0.0909091 23416.9 5.74354
-0.10101 23404.7 6.42374
-0.111111 23394.8 7.1546
-0.121212 23385.1 7.89125
-0.131313 23377.5 8.67025
-0.141414 23370.1 9.45501
-0.151515 23364.4 10.2752
-0.161616 23359 11.1013
-0.171717 23355.1 11.9582
-0.181818 23351.5 12.8213
-0.191919 23349 13.7123
-0.20202 23346.8 14.6096
-0.212121 23345.5 15.5322
-0.222222 23344.4 16.4611
-0.232323 23344.1 17.4126
-0.242424 23343.9 18.3701
-0.252525 23344.3 19.3469
-0.262626 23344.8 20.3292
-0.272727 23345.7 21.3271
-0.282828 23346.8 22.3297
-0.292929 23348 23.3442
-0.30303 23349.4 24.3622
-0.313131 23350.9 25.3886
-0.323232 23352.4 26.4173
-0.333333 23354.1 27.4512
-0.343434 23355.8 28.4861
-0.353535 23357.5 29.5233
-0.363636 23359.2 30.5604
-0.373737 23360.9 31.5974
-0.383838 23362.6 32.6331
-0.393939 23364.3 33.6667
-0.40404 23366 34.698
-0.414141 23367.6 35.7258
-0.424242 23369.2 36.7502
-0.434343 23370.8 37.7699
-0.444444 23372.3 38.7854
-0.454545 23373.8 39.7953
-0.464646 23375.3 40.8002
-0.474747 23376.7 41.799
-0.484848 23378.1 42.792
-0.494949 23379.5 43.7786
-0.505051 23380.9 44.7586
-0.515152 23382.2 45.732
-0.525253 23383.5 46.6982
-0.535354 23384.9 47.6577
-0.545455 23386.2 48.6095
-0.555556 23387.5 49.5547
-0.565657 23388.7 50.4916
-0.575758 23390 51.4219
-0.585859 23391.3 52.3435
-0.59596 23392.6 53.2588
-0.606061 23393.9 54.1649
-0.616162 23395.3 55.0648
-0.626263 23396.6 55.9554
-0.636364 23398 56.8401
-0.646465 23399.3 57.7151
-0.656566 23400.7 58.5847
-0.666667 23402.2 59.4445
-0.676768 23403.6 60.2993
-0.686869 23405.1 61.1444
-0.69697 23406.6 61.9849
-0.707071 23408.1 62.816
-0.717172 23409.6 63.643
-0.727273 23411.2 64.4611
-0.737374 23412.8 65.2758
-0.747475 23414.4 66.0823
-0.757576 23416.1 66.8859
-0.767677 23417.8 67.6824
-0.777778 23419.4 68.4767
-0.787879 23421.1 69.2653
-0.79798 23422.8 70.0522
-0.808081 23424.5 70.8349
-0.818182 23426.2 71.6167
-0.828283 23427.9 72.3961
-0.838384 23429.6 73.1751
-0.848485 23431.3 73.9537
-0.858586 23432.9 74.7322
-0.868687 23434.5 75.5125
-0.878788 23436 76.2931
-0.888889 23437.5 77.0774
-0.89899 23438.9 77.8622
-0.909091 23440.2 78.6526
-0.919192 23441.5 79.4437
-0.929293 23442.6 80.2422
-0.939394 23443.7 81.0414
-0.949495 23444.5 81.8505
-0.959596 23445.3 82.6602
-0.969697 23445.9 83.4855
-0.979798 23446.4 84.3115
-0.989899 23446.6 85.1024
-1 23446.8 85.8926
