0 -22918.7 -0.00215037
-0.010101 -23212.2 -2.22725
-0.020202 -23189.3 -4.44994
-0.030303 -23168.7 -6.65375
-0.040404 -23148.1 -8.85733
-0.0505051 -23130.3 -11.0554
-0.0606061 -23112.5 -13.2573
-0.0707071 -23097.5 -15.5193
-0.0808081 -23082.8 -17.7874
-0.0909091 -23070.6 -20.1254
-0.10101 -23058.6 -22.4701
-0.111111 -23049.1 -24.8755
-0.121212 -23039.8 -27.2877
-0.131313 -23032.6 -29.7487
-0.141414 -23025.7 -32.2162
-0.151515 -23020.6 -34.7233
-0.161616 -23015.7 -37.2366
-0.171717 -23012.3 -39.7832
-0.181818 -23009.2 -42.336
-0.191919 -23007.2 -44.9175
-0.20202 -23005.5 -47.5051
-0.212121 -23004.7 -50.1175
-0.222222 -23004 -52.7357
-0.232323 -23004.1 -55.3746
-0.242424 -23004.3 -58.0186
-0.252525 -23005 -60.6791
-0.262626 -23005.9 -63.3437
-0.272727 -23007.1 -66.0202
-0.282828 -23008.3 -68.6996
-0.292929 -23009.8 -71.3865
-0.30303 -23011.4 -74.0748
-0.313131 -23013.1 -76.7665
-0.323232 -23014.8 -79.458
-0.333333 -23016.5 -82.149
-0.343434 -23018.3 -84.8383
-0.353535 -23020.1 -87.524
-0.363636 -23021.9 -90.2062
-0.373737 -23023.7 -92.8823
-0.383838 -23025.4 -95.5533
-0.393939 -23027.1 -98.216
-0.40404 -23028.8 -100.872
-0.414141 -23030.4 -103.518
-0.424242 -23032 -106.156
-0.434343 -23033.6 -108.783
-0.444444 -23035.1 -111.401
-0.454545 -23036.6 -114.006
-0.464646 -23038 -116.6
-0.474747 -23039.4 -119.182
-0.484848 -23040.8 -121.752
-0.494949 -23042.1 -124.308
-0.505051 -23043.4 -126.851
-0.515152 -23044.7 -129.38
-0.525253 -23046 -131.895
-0.535354 -23047.3 -134.396
-0.545455 -23048.5 -136.881
-0.555556 -23049.8 -139.352
-0.565657 -23051 -141.806
-0.575758 -23052.2 -144.246
-0.585859 -23053.5 -146.668
-0.59596 -23054.8 -149.077
-0.606061 -23056 -151.466
-0.616162 -23057.3 -153.841
-0.626263 -23058.6 -156.196
-0.636364 -23059.9 -158.538
-0.646465 -23061.3 -160.857
-0.656566 -23062.6 -163.164
-0.666667 -23064 -165.448
-0.676768 -23065.4 -167.72
-0.686869 -23066.9 -169.967
-0.69697 -23068.3 -172.203
-0.707071 -23069.8 -174.414
-0.717172 -23071.4 -176.614
-0.727273 -23072.9 -178.788
-0.737374 -23074.5 -180.952
-0.747475 -23076.1 -183.09
-0.757576 -23077.7 -185.218
-0.767677 -23079.4 -187.32
-0.777778 -23081.1 -189.414
-0.787879 -23082.8 -191.481
-0.79798 -23084.5 -193.54
-0.808081 -23086.2 -195.574
-0.818182 -23087.9 -197.601
-0.828283 -23089.6 -199.602
-0.838384 -23091.3 -201.598
-0.848485 -23093 -203.569
-0.858586 -23094.7 -205.535
-0.868687 -23096.3 -207.477
-0.878788 -23097.9 -209.415
-0.888889 -23099.4 -211.33
-0.89899 -23100.9 -213.242
-0.909091 -23102.3 -215.131
-0.919192 -23103.6 -217.018
-0.929293 -23104.8 -218.885
-0.939394 -23105.9 -220.749
-0.949495 -23106.8 -222.595
-0.959596 -23107.7 -224.44
-0.969697 -23108.2 -226.274
-0.979798 -23108.8 -228.108
-0.989899 -23109 -229.881
-1 -23109.2 -231.653
