0 13608.3 0.00151084
-0.010101 14769.1 10.0834
-0.020202 14743.7 20.1765
-0.030303 14723.6 30.8928
-0.040404 14703.7 41.6145
-0.0505051 14688.4 52.4648
-0.0606061 14673.3 63.3254
-0.0707071 14662.2 74.3484
-0.0808081 14651.3 85.3831
-0.0909091 14643.7 96.5526
-0.10101 14636.4 107.733
-0.111111 14631.7 119.013
-0.121212 14627.2 130.303
-0.131313 14624.7 141.663
-0.141414 14622.5 153.032
-0.151515 14621.8 164.451
-0.161616 14621.3 175.877
-0.171717 14621.8 187.339
-0.181818 14622.5 198.806
-0.191919 14624 210.297
-0.20202 14625.5 221.791
-0.212121 14627.5 233.299
-0.222222 14629.6 244.808
-0.232323 14632 256.32
-0.242424 14634.3 267.831
-0.252525 14636.8 279.337
-0.262626 14639.2 290.839
-0.272727 14641.7 302.327
-0.282828 14644.1 313.807
-0.292929 14646.4 325.267
-0.30303 14648.7 336.716
-0.313131 14650.9 348.139
-0.323232 14653 359.546
-0.333333 14655 370.923
-0.343434 14656.9 382.28
-0.353535 14658.6 393.603
-0.363636 14660.3 404.903
-0.373737 14661.8 416.165
-0.383838 14663.3 427.401
-0.393939 14664.6 438.596
-0.40404 14665.9 449.761
-0.414141 14667.1 460.883
-0.424242 14668.2 471.973
-0.434343 14669.2 483.017
-0.444444 14670.1 494.024
-0.454545 14671 504.985
-0.464646 14671.9 515.906
-0.474747 14672.7 526.779
-0.484848 14673.4 537.607
-0.494949 14674.1 548.387
-0.505051 14674.8 559.117
-0.515152 14675.5 569.799
-0.525253 14676.1 580.428
-0.535354 14676.8 591.006
-0.545455 14677.4 601.527
-0.555556 14678 611.997
-0.565657 14678.6 622.404
-0.575758 14679.3 632.761
-0.585859 14679.9 643.049
-0.59596 14680.5 653.287
-0.606061 14681.2 663.451
-0.616162 14681.9 673.564
-0.626263 14682.6 683.597
-0.636364 14683.3 693.58
-0.646465 14684 703.476
-0.656566 14684.8 713.322
-0.666667 14685.6 723.075
-0.676768 14686.4 732.78
-0.686869 14687.3 742.384
-0.69697 14688.2 751.94
-0.707071 14689.1 761.388
-0.717172 14690.1 770.791
-0.727273 14691.1 780.078
-0.737374 14692.1 789.32
-0.747475 14693.2 798.44
-0.757576 14694.3 807.517
-0.767677 14695.5 816.464
-0.777778 14696.7 825.37
-0.787879 14697.9 834.139
-0.79798 14699.2 842.869
-0.808081 14700.5 851.455
-0.818182 14701.8 860.005
-0.828283 14703.2 868.403
-0.838384 14704.5 876.768
-0.848485 14705.9 884.976
-0.858586 14707.3 893.153
-0.868687 14708.7 901.166
-0.878788 14710.1 909.152
-0.888889 14711.5 916.968
-0.89899 14712.9 924.761
-0.909091 14714.2 932.379
-0.919192 14715.5 939.978
-0.929293 14716.6 947.399
-0.939394 14717.8 954.805
-0.949495 14718.7 962.035
-0.959596 14719.6 969.254
-0.969697 14720.3 976.316
-0.979798 14720.9 983.371
-0.989899 14721.2 990.239
-1 14721.4 997.104
