0 -19929.7 -0.00170397
-0.010101 -20662 -6.17011
-0.020202 -20636.4 -12.3428
-0.030303 -20614.6 -18.8069
-0.040404 -20593 -25.2734
-0.0505051 -20575.2 -31.8001
-0.0606061 -20557.6 -38.3342
-0.0707071 -20543.5 -44.9827
-0.0808081 -20529.6 -51.6406
-0.0909091 -20518.8 -58.4052
-0.10101 -20508.3 -65.1791
-0.111111 -20500.5 -72.0373
-0.121212 -20492.9 -78.904
-0.131313 -20487.5 -85.8343
-0.141414 -20482.4 -92.7724
-0.151515 -20479.1 -99.7585
-0.161616 -20476 -106.752
-0.171717 -20474.3 -113.782
-0.181818 -20472.8 -120.818
-0.191919 -20472.3 -127.883
-0.20202 -20472.1 -134.954
-0.212121 -20472.6 -142.045
-0.222222 -20473.2 -149.141
-0.232323 -20474.4 -156.25
-0.242424 -20475.6 -163.362
-0.252525 -20477.3 -170.481
-0.262626 -20478.9 -177.6
-0.272727 -20480.8 -184.72
-0.282828 -20482.7 -191.838
-0.292929 -20484.7 -198.95
-0.30303 -20486.7 -206.058
-0.313131 -20488.7 -213.155
-0.323232 -20490.8 -220.245
-0.333333 -20492.7 -227.319
-0.343434 -20494.7 -234.383
-0.353535 -20496.6 -241.428
-0.363636 -20498.4 -248.46
-0.373737 -20500.2 -255.47
-0.383838 -20501.9 -262.464
-0.393939 -20503.6 -269.434
-0.40404 -20505.2 -276.385
-0.414141 -20506.7 -283.31
-0.424242 -20508.1 -290.214
-0.434343 -20509.5 -297.089
-0.444444 -20510.9 -303.942
-0.454545 -20512.2 -310.764
-0.464646 -20513.4 -317.561
-0.474747 -20514.6 -324.327
-0.484848 -20515.8 -331.064
-0.494949 -20516.9 -337.77
-0.505051 -20518 -344.445
-0.515152 -20519.1 -351.088
-0.525253 -20520.1 -357.696
-0.535354 -20521.2 -364.273
-0.545455 -20522.2 -370.811
-0.555556 -20523.2 -377.318
-0.565657 -20524.3 -383.784
-0.575758 -20525.3 -390.217
-0.585859 -20526.3 -396.607
-0.59596 -20527.4 -402.964
-0.606061 -20528.5 -409.274
-0.616162 -20529.5 -415.552
-0.626263 -20530.6 -421.778
-0.636364 -20531.7 -427.973
-0.646465 -20532.9 -434.112
-0.656566 -20534.1 -440.221
-0.666667 -20535.3 -446.27
-0.676768 -20536.5 -452.289
-0.686869 -20537.7 -458.245
-0.69697 -20539 -464.172
-0.707071 -20540.4 -470.031
-0.717172 -20541.7 -475.862
-0.727273 -20543.1 -481.622
-0.737374 -20544.5 -487.355
-0.747475 -20546 -493.012
-0.757576 -20547.5 -498.644
-0.767677 -20549 -504.197
-0.777778 -20550.6 -509.725
-0.787879 -20552.2 -515.172
-0.79798 -20553.8 -520.595
-0.808081 -20555.4 -525.933
-0.818182 -20557.1 -531.25
-0.828283 -20558.7 -536.479
-0.838384 -20560.4 -541.689
-0.848485 -20562 -546.807
-0.858586 -20563.7 -551.909
-0.868687 -20565.3 -556.916
-0.878788 -20566.9 -561.909
-0.888889 -20568.5 -566.805
-0.89899 -20570 -571.689
-0.909091 -20571.4 -576.475
-0.919192 -20572.8 -581.251
-0.929293 -20574.1 -585.928
-0.939394 -20575.3 -590.596
-0.949495 -20576.3 -595.17
-0.959596 -20577.2 -599.737
-0.969697 -20577.9 -604.222
-0.979798 -20578.5 -608.703
-0.989899 -20578.7 -613.059
-1 -20579 -617.413
