0 -6023.83 -0.000755221
-0.010101 -4589.23 12.8303
-0.020202 -4601.25 25.682
-0.030303 -4607.91 39.5138
-0.040404 -4614.4 53.3542
-0.0505051 -4616.9 67.4015
-0.0606061 -4619.22 81.4604
-0.0707071 -4618.68 95.7008
-0.0808081 -4617.98 109.952
-0.0909091 -4615.36 124.331
-0.10101 -4612.61 138.719
-0.111111 -4608.67 153.191
-0.121212 -4604.64 167.67
-0.131313 -4599.99 182.202
-0.141414 -4595.3 196.74
-0.151515 -4590.4 211.31
-0.161616 -4585.52 225.884
-0.171717 -4580.7 240.475
-0.181818 -4575.94 255.067
-0.191919 -4571.45 269.663
-0.20202 -4567.04 284.257
-0.212121 -4563.01 298.843
-0.222222 -4559.1 313.425
-0.232323 -4555.61 327.989
-0.242424 -4552.26 342.545
-0.252525 -4549.35 357.074
-0.262626 -4546.58 371.591
-0.272727 -4544.23 386.074
-0.282828 -4542.02 400.541
-0.292929 -4540.19 414.969
-0.30303 -4538.51 429.378
-0.313131 -4537.16 443.743
-0.323232 -4535.94 458.085
-0.333333 -4535.01 472.379
-0.343434 -4534.19 486.647
-0.353535 -4533.61 500.865
-0.363636 -4533.14 515.053
-0.373737 -4532.85 529.188
-0.383838 -4532.64 543.291
-0.393939 -4532.59 557.339
-0.40404 -4532.61 571.35
-0.414141 -4532.73 585.306
-0.424242 -4532.92 599.221
-0.434343 -4533.18 613.08
-0.444444 -4533.48 626.893
-0.454545 -4533.85 640.649
-0.464646 -4534.24 654.355
-0.474747 -4534.67 668.004
-0.484848 -4535.12 681.598
-0.494949 -4535.59 695.133
-0.505051 -4536.07 708.608
-0.515152 -4536.57 722.024
-0.525253 -4537.07 735.375
-0.535354 -4537.57 748.666
-0.545455 -4538.08 761.886
-0.555556 -4538.58 775.045
-0.565657 -4539.07 788.127
-0.575758 -4539.57 801.148
-0.585859 -4540.05 814.085
-0.59596 -4540.53 826.961
-0.606061 -4540.99 839.745
-0.616162 -4541.45 852.467
-0.626263 -4541.89 865.091
-0.636364 -4542.33 877.653
-0.646465 -4542.75 890.107
-0.656566 -4543.15 902.501
-0.666667 -4543.54 914.778
-0.676768 -4543.92 926.994
-0.686869 -4544.28 939.085
-0.69697 -4544.62 951.116
-0.707071 -4544.94 963.011
-0.717172 -4545.24 974.847
-0.727273 -4545.51 986.537
-0.737374 -4545.77 998.17
-0.747475 -4545.99 1009.65
-0.757576 -4546.19 1021.07
-0.767677 -4546.35 1032.32
-0.777778 -4546.48 1043.52
-0.787879 -4546.57 1054.54
-0.79798 -4546.64 1065.51
-0.808081 -4546.64 1076.29
-0.818182 -4546.63 1087.02
-0.828283 -4546.55 1097.55
-0.838384 -4546.45 1108.03
-0.848485 -4546.28 1118.3
-0.858586 -4546.1 1128.53
-0.868687 -4545.84 1138.54
-0.878788 -4545.57 1148.51
-0.888889 -4545.23 1158.25
-0.89899 -4544.88 1167.95
-0.909091 -4544.48 1177.41
-0.919192 -4544.07 1186.85
-0.929293 -4543.64 1196.04
-0.939394 -4543.2 1205.21
-0.949495 -4542.79 1214.13
-0.959596 -4542.38 1223.03
-0.969697 -4542.05 1231.71
-0.979798 -4541.73 1240.37
-0.989899 -4541.59 1248.82
-1 -4541.46 1257.27
