0 21590.2 0.00195214
-0.010101 20933.8 -6.18071
-0.020202 20923.3 -12.3778
-0.030303 20911.3 -19.1944
-0.040404 20899.3 -26.0165
-0.0505051 20886.9 -32.9706
-0.0606061 20874.5 -39.9289
-0.0707071 20862.5 -46.9523
-0.0808081 20850.6 -53.9779
-0.0909091 20839.4 -61.0277
-0.10101 20828.4 -68.0779
-0.111111 20818.5 -75.1324
-0.121212 20808.8 -82.1861
-0.131313 20800.3 -89.2348
-0.141414 20792.1 -96.2818
-0.151515 20785 -103.318
-0.161616 20778.2 -110.352
-0.171717 20772.6 -117.37
-0.181818 20767.2 -124.384
-0.191919 20762.9 -131.379
-0.20202 20758.9 -138.367
-0.212121 20755.7 -145.332
-0.222222 20752.8 -152.289
-0.232323 20750.7 -159.219
-0.242424 20748.8 -166.14
-0.252525 20747.6 -173.031
-0.262626 20746.5 -179.912
-0.272727 20746 -186.763
-0.282828 20745.6 -193.603
-0.292929 20745.7 -200.411
-0.30303 20745.9 -207.208
-0.313131 20746.3 -213.974
-0.323232 20746.9 -220.726
-0.333333 20747.7 -227.449
-0.343434 20748.6 -234.158
-0.353535 20749.6 -240.838
-0.363636 20750.7 -247.503
-0.373737 20751.9 -254.14
-0.383838 20753.2 -260.761
-0.393939 20754.5 -267.355
-0.40404 20755.8 -273.931
-0.414141 20757.1 -280.481
-0.424242 20758.5 -287.012
-0.434343 20759.9 -293.517
-0.444444 20761.2 -300.001
-0.454545 20762.6 -306.459
-0.464646 20764 -312.896
-0.474747 20765.3 -319.306
-0.484848 20766.7 -325.693
-0.494949 20768 -332.053
-0.505051 20769.3 -338.387
-0.515152 20770.7 -344.695
-0.525253 20772 -350.975
-0.535354 20773.3 -357.228
-0.545455 20774.5 -363.449
-0.555556 20775.8 -369.644
-0.565657 20777.1 -375.805
-0.575758 20778.4 -381.939
-0.585859 20779.7 -388.035
-0.59596 20780.9 -394.104
-0.606061 20782.2 -400.132
-0.616162 20783.5 -406.132
-0.626263 20784.8 -412.088
-0.636364 20786.1 -418.016
-0.646465 20787.4 -423.894
-0.656566 20788.7 -429.745
-0.666667 20790 -435.542
-0.676768 20791.3 -441.311
-0.686869 20792.7 -447.021
-0.69697 20794 -452.704
-0.707071 20795.4 -458.322
-0.717172 20796.8 -463.913
-0.727273 20798.2 -469.433
-0.737374 20799.6 -474.926
-0.747475 20801 -480.343
-0.757576 20802.3 -485.733
-0.767677 20803.7 -491.04
-0.777778 20805.1 -496.32
-0.787879 20806.5 -501.51
-0.79798 20807.9 -506.675
-0.808081 20809.2 -511.743
-0.818182 20810.6 -516.787
-0.828283 20811.8 -521.725
-0.838384 20813.1 -526.641
-0.848485 20814.3 -531.445
-0.858586 20815.5 -536.227
-0.868687 20816.6 -540.89
-0.878788 20817.7 -545.533
-0.888889 20818.7 -550.051
-0.89899 20819.6 -554.551
-0.909091 20820.4 -558.919
-0.919192 20821.2 -563.273
-0.929293 20821.9 -567.49
-0.939394 20822.5 -571.696
-0.949495 20822.9 -575.763
-0.959596 20823.3 -579.822
-0.969697 20823.6 -583.748
-0.979798 20823.8 -587.668
-0.989899 20823.9 -591.502
-1 20824 -595.335
