0 -9101.04 -0.00113203
-0.010101 -7722.52 12.383
-0.020202 -7731.25 24.788
-0.030303 -7735 38.1649
-0.040404 -7738.61 51.5503
-0.0505051 -7738.63 65.1412
-0.0606061 -7738.49 78.743
-0.0707071 -7735.91 92.5161
-0.0808081 -7733.19 106.299
-0.0909091 -7728.92 120.199
-0.10101 -7724.56 134.107
-0.111111 -7719.36 148.089
-0.121212 -7714.1 162.077
-0.131313 -7708.51 176.112
-0.141414 -7702.93 190.151
-0.151515 -7697.38 204.217
-0.161616 -7691.88 218.285
-0.171717 -7686.65 232.366
-0.181818 -7681.52 246.447
-0.191919 -7676.8 260.528
-0.20202 -7672.21 274.606
-0.212121 -7668.11 288.674
-0.222222 -7664.16 302.736
-0.232323 -7660.72 316.777
-0.242424 -7657.43 330.81
-0.252525 -7654.65 344.813
-0.262626 -7652.03 358.805
-0.272727 -7649.86 372.761
-0.282828 -7647.86 386.702
-0.292929 -7646.25 400.603
-0.30303 -7644.8 414.484
-0.313131 -7643.7 428.321
-0.323232 -7642.73 442.136
-0.333333 -7642.05 455.904
-0.343434 -7641.48 469.646
-0.353535 -7641.16 483.338
-0.363636 -7640.93 497.002
-0.373737 -7640.88 510.615
-0.383838 -7640.92 524.196
-0.393939 -7641.1 537.724
-0.40404 -7641.35 551.217
-0.414141 -7641.7 564.656
-0.424242 -7642.1 578.056
-0.434343 -7642.57 591.401
-0.444444 -7643.08 604.704
-0.454545 -7643.64 617.951
-0.464646 -7644.23 631.15
-0.474747 -7644.84 644.294
-0.484848 -7645.48 657.386
-0.494949 -7646.13 670.421
-0.505051 -7646.79 683.4
-0.515152 -7647.45 696.321
-0.525253 -7648.12 709.18
-0.535354 -7648.8 721.982
-0.545455 -7649.46 734.715
-0.555556 -7650.13 747.391
-0.565657 -7650.79 759.992
-0.575758 -7651.45 772.535
-0.585859 -7652.1 784.997
-0.59596 -7652.74 797.401
-0.606061 -7653.38 809.716
-0.616162 -7654.01 821.973
-0.626263 -7654.62 834.135
-0.636364 -7655.24 846.237
-0.646465 -7655.83 858.237
-0.656566 -7656.42 870.177
-0.666667 -7657 882.006
-0.676768 -7657.57 893.776
-0.686869 -7658.12 905.425
-0.69697 -7658.66 917.017
-0.707071 -7659.18 928.478
-0.717172 -7659.69 939.883
-0.727273 -7660.17 951.146
-0.737374 -7660.64 962.354
-0.747475 -7661.08 973.41
-0.757576 -7661.5 984.414
-0.767677 -7661.88 995.254
-0.777778 -7662.25 1006.04
-0.787879 -7662.56 1016.66
-0.79798 -7662.87 1027.22
-0.808081 -7663.11 1037.61
-0.818182 -7663.33 1047.94
-0.828283 -7663.49 1058.08
-0.838384 -7663.63 1068.17
-0.848485 -7663.69 1078.06
-0.858586 -7663.73 1087.91
-0.868687 -7663.7 1097.54
-0.878788 -7663.65 1107.14
-0.888889 -7663.52 1116.5
-0.89899 -7663.38 1125.84
-0.909091 -7663.17 1134.94
-0.919192 -7662.95 1144.01
-0.929293 -7662.68 1152.84
-0.939394 -7662.41 1161.65
-0.949495 -7662.12 1170.22
-0.959596 -7661.83 1178.78
-0.969697 -7661.59 1187.1
-0.979798 -7661.34 1195.42
-0.989899 -7661.24 1203.54
-1 -7661.14 1211.65
