0 15320.8 0.00163177
-0.010101 16394.4 9.27652
-0.020202 16368.6 18.5611
-0.030303 16347.8 28.3988
-0.040404 16327.2 38.2413
-0.0505051 16311.1 48.1992
-0.0606061 16295.2 58.167
-0.0707071 16283.2 68.2894
-0.0808081 16271.4 78.4232
-0.0909091 16262.9 88.6882
-0.10101 16254.7 98.964
-0.111111 16249.2 109.338
-0.121212 16243.9 119.722
-0.131313 16240.7 130.177
-0.141414 16237.7 140.64
-0.151515 16236.4 151.155
-0.161616 16235.2 161.677
-0.171717 16235.2 172.236
-0.181818 16235.4 182.8
-0.191919 16236.4 193.391
-0.20202 16237.5 203.985
-0.212121 16239.2 214.596
-0.222222 16241 225.208
-0.232323 16243 235.827
-0.242424 16245.2 246.445
-0.252525 16247.5 257.061
-0.262626 16249.8 267.674
-0.272727 16252.1 278.277
-0.282828 16254.4 288.873
-0.292929 16256.7 299.452
-0.30303 16259 310.021
-0.313131 16261.1 320.568
-0.323232 16263.2 331.101
-0.333333 16265.2 341.605
-0.343434 16267.2 352.094
-0.353535 16269 362.55
-0.363636 16270.7 372.986
-0.373737 16272.3 383.386
-0.383838 16273.9 393.763
-0.393939 16275.3 404.102
-0.40404 16276.7 414.413
-0.414141 16277.9 424.685
-0.424242 16279.2 434.926
-0.434343 16280.3 445.125
-0.444444 16281.3 455.29
-0.454545 16282.3 465.412
-0.464646 16283.3 475.496
-0.474747 16284.2 485.536
-0.484848 16285.1 495.534
-0.494949 16285.9 505.487
-0.505051 16286.7 515.395
-0.515152 16287.5 525.257
-0.525253 16288.2 535.069
-0.535354 16289 544.835
-0.545455 16289.7 554.547
-0.555556 16290.4 564.212
-0.565657 16291.2 573.818
-0.575758 16291.9 583.378
-0.585859 16292.6 592.874
-0.59596 16293.4 602.323
-0.606061 16294.2 611.703
-0.616162 16295 621.036
-0.626263 16295.8 630.294
-0.636364 16296.6 639.507
-0.646465 16297.5 648.638
-0.656566 16298.3 657.724
-0.666667 16299.3 666.723
-0.676768 16300.2 675.677
-0.686869 16301.2 684.538
-0.69697 16302.2 693.355
-0.707071 16303.2 702.073
-0.717172 16304.3 710.747
-0.727273 16305.4 719.316
-0.737374 16306.6 727.843
-0.747475 16307.8 736.257
-0.757576 16309 744.632
-0.767677 16310.3 752.887
-0.777778 16311.6 761.104
-0.787879 16312.9 769.196
-0.79798 16314.3 777.252
-0.808081 16315.7 785.176
-0.818182 16317.1 793.067
-0.828283 16318.5 800.819
-0.838384 16320 808.541
-0.848485 16321.5 816.119
-0.858586 16323 823.669
-0.868687 16324.4 831.07
-0.878788 16325.9 838.447
-0.888889 16327.4 845.669
-0.89899 16328.8 852.869
-0.909091 16330.1 859.912
-0.919192 16331.5 866.936
-0.929293 16332.7 873.799
-0.939394 16333.8 880.649
-0.949495 16334.8 887.34
-0.959596 16335.8 894.021
-0.969697 16336.4 900.56
-0.979798 16337.1 907.094
-0.989899 16337.3 913.454
-1 16337.6 919.81
