0 20215.7 0.00172903
-0.010101 20918.6 5.90522
-0.020202 20893.1 11.8126
-0.030303 20871.3 17.9897
-0.040404 20849.7 24.1692
-0.0505051 20831.8 30.4041
-0.0606061 20814.2 36.6462
-0.0707071 20799.9 42.9992
-0.0808081 20786 49.3612
-0.0909091 20775 55.8277
-0.10101 20764.4 62.3033
-0.111111 20756.4 68.8617
-0.121212 20748.7 75.4285
-0.131313 20743.1 82.058
-0.141414 20737.9 88.6952
-0.151515 20734.4 95.3799
-0.161616 20731.2 102.072
-0.171717 20729.3 108.8
-0.181818 20727.7 115.535
-0.191919 20727.2 122.299
-0.20202 20726.8 129.068
-0.212121 20727.2 135.858
-0.222222 20727.7 142.652
-0.232323 20728.8 149.461
-0.242424 20730 156.273
-0.252525 20731.6 163.092
-0.262626 20733.2 169.912
-0.272727 20735 176.733
-0.282828 20736.9 183.553
-0.292929 20738.9 190.368
-0.30303 20740.8 197.179
-0.313131 20742.9 203.98
-0.323232 20744.9 210.774
-0.333333 20746.8 217.553
-0.343434 20748.8 224.323
-0.353535 20750.7 231.075
-0.363636 20752.5 237.815
-0.373737 20754.3 244.534
-0.383838 20756 251.238
-0.393939 20757.7 257.918
-0.40404 20759.3 264.58
-0.414141 20760.8 271.217
-0.424242 20762.3 277.835
-0.434343 20763.7 284.424
-0.444444 20765.1 290.992
-0.454545 20766.4 297.531
-0.464646 20767.6 304.045
-0.474747 20768.8 310.529
-0.484848 20770 316.986
-0.494949 20771.2 323.413
-0.505051 20772.3 329.81
-0.515152 20773.4 336.176
-0.525253 20774.5 342.509
-0.535354 20775.5 348.811
-0.545455 20776.6 355.077
-0.555556 20777.6 361.312
-0.565657 20778.7 367.507
-0.575758 20779.7 373.672
-0.585859 20780.8 379.794
-0.59596 20781.9 385.886
-0.606061 20782.9 391.931
-0.616162 20784 397.946
-0.626263 20785.2 403.912
-0.636364 20786.3 409.847
-0.646465 20787.4 415.729
-0.656566 20788.6 421.581
-0.666667 20789.9 427.377
-0.676768 20791.1 433.143
-0.686869 20792.4 438.849
-0.69697 20793.7 444.527
-0.707071 20795 450.14
-0.717172 20796.4 455.726
-0.727273 20797.8 461.244
-0.737374 20799.3 466.736
-0.747475 20800.7 472.156
-0.757576 20802.2 477.551
-0.767677 20803.8 482.872
-0.777778 20805.4 488.168
-0.787879 20807 493.387
-0.79798 20808.6 498.583
-0.808081 20810.2 503.699
-0.818182 20811.9 508.794
-0.828283 20813.5 513.805
-0.838384 20815.2 518.797
-0.848485 20816.9 523.703
-0.858586 20818.5 528.593
-0.868687 20820.2 533.394
-0.878788 20821.8 538.18
-0.888889 20823.3 542.876
-0.89899 20824.9 547.559
-0.909091 20826.3 552.15
-0.919192 20827.7 556.73
-0.929293 20828.9 561.218
-0.939394 20830.1 565.697
-0.949495 20831.1 570.087
-0.959596 20832.1 574.47
-0.969697 20832.7 578.776
-0.979798 20833.4 583.079
-0.989899 20833.6 587.261
-1 20833.8 591.441
