0 -8355.78 -0.00100683
-0.010101 -9703.98 -11.8269
-0.020202 -9680.79 -23.6679
-0.030303 -9663.35 -36.3026
-0.040404 -9646.11 -48.9442
-0.0505051 -9633.68 -61.7527
-0.0606061 -9621.5 -74.573
-0.0707071 -9613.23 -87.5773
-0.0808081 -9605.22 -100.594
-0.0909091 -9600.3 -113.756
-0.10101 -9595.64 -126.93
-0.111111 -9593.32 -140.208
-0.121212 -9591.24 -153.496
-0.131313 -9590.88 -166.856
-0.141414 -9590.72 -180.224
-0.151515 -9591.76 -193.642
-0.161616 -9592.95 -207.067
-0.171717 -9594.93 -220.525
-0.181818 -9597.02 -233.988
-0.191919 -9599.57 -247.47
-0.20202 -9602.18 -260.955
-0.212121 -9605.01 -274.448
-0.222222 -9607.86 -287.941
-0.232323 -9610.76 -301.431
-0.242424 -9613.64 -314.917
-0.252525 -9616.45 -328.391
-0.262626 -9619.22 -341.858
-0.272727 -9621.84 -355.304
-0.282828 -9624.39 -368.739
-0.292929 -9626.75 -382.145
-0.30303 -9629.04 -395.537
-0.313131 -9631.12 -408.895
-0.323232 -9633.11 -422.233
-0.333333 -9634.91 -435.533
-0.343434 -9636.61 -448.81
-0.353535 -9638.12 -462.044
-0.363636 -9639.55 -475.251
-0.373737 -9640.81 -488.412
-0.383838 -9641.98 -501.542
-0.393939 -9643.02 -514.623
-0.40404 -9643.98 -527.671
-0.414141 -9644.82 -540.666
-0.424242 -9645.6 -553.624
-0.434343 -9646.28 -566.529
-0.444444 -9646.91 -579.391
-0.454545 -9647.46 -592.199
-0.464646 -9647.97 -604.961
-0.474747 -9648.43 -617.667
-0.484848 -9648.86 -630.321
-0.494949 -9649.25 -642.919
-0.505051 -9649.62 -655.461
-0.515152 -9649.96 -667.946
-0.525253 -9650.29 -680.369
-0.535354 -9650.61 -692.735
-0.545455 -9650.92 -705.033
-0.555556 -9651.23 -717.274
-0.565657 -9651.55 -729.441
-0.575758 -9651.87 -741.55
-0.585859 -9652.2 -753.579
-0.59596 -9652.53 -765.55
-0.606061 -9652.89 -777.435
-0.616162 -9653.26 -789.261
-0.626263 -9653.65 -800.994
-0.636364 -9654.05 -812.669
-0.646465 -9654.49 -824.243
-0.656566 -9654.94 -835.759
-0.666667 -9655.43 -847.166
-0.676768 -9655.93 -858.517
-0.686869 -9656.48 -869.75
-0.69697 -9657.05 -880.927
-0.707071 -9657.66 -891.978
-0.717172 -9658.29 -902.975
-0.727273 -9658.98 -913.837
-0.737374 -9659.68 -924.646
-0.747475 -9660.44 -935.311
-0.757576 -9661.22 -945.925
-0.767677 -9662.06 -956.385
-0.777778 -9662.91 -966.797
-0.787879 -9663.83 -977.047
-0.79798 -9664.76 -987.25
-0.808081 -9665.75 -997.282
-0.818182 -9666.76 -1007.27
-0.828283 -9667.82 -1017.08
-0.838384 -9668.9 -1026.85
-0.848485 -9670.01 -1036.42
-0.858586 -9671.14 -1045.97
-0.868687 -9672.29 -1055.31
-0.878788 -9673.44 -1064.63
-0.888889 -9674.6 -1073.73
-0.89899 -9675.75 -1082.81
-0.909091 -9676.87 -1091.68
-0.919192 -9677.98 -1100.53
-0.929293 -9679 -1109.15
-0.939394 -9680.02 -1117.76
-0.949495 -9680.87 -1126.16
-0.959596 -9681.72 -1134.55
-0.969697 -9682.32 -1142.74
-0.979798 -9682.91 -1150.92
-0.989899 -9683.14 -1158.89
-1 -9683.36 -1166.85
