0 -21911.9 -0.00205666
-0.010101 -22399.9 -3.96976
-0.020202 -22375.5 -7.93787
-0.030303 -22354.1 -12.0217
-0.040404 -22332.9 -16.1064
-0.0505051 -22314.8 -20.214
-0.0606061 -22296.9 -24.327
-0.0707071 -22282.1 -28.5246
-0.0808081 -22267.5 -32.7296
-0.0909091 -22255.8 -37.0215
-0.10101 -22244.3 -41.3213
-0.111111 -22235.4 -45.6928
-0.121212 -22226.7 -50.0719
-0.131313 -22220.2 -54.5069
-0.141414 -22214 -58.949
-0.151515 -22209.6 -63.4348
-0.161616 -22205.4 -67.9274
-0.171717 -22202.7 -72.4552
-0.181818 -22200.3 -76.9894
-0.191919 -22198.9 -81.5525
-0.20202 -22197.8 -86.1215
-0.212121 -22197.6 -90.714
-0.222222 -22197.5 -95.3116
-0.232323 -22198 -99.9272
-0.242424 -22198.7 -104.547
-0.252525 -22199.8 -109.179
-0.262626 -22201 -113.814
-0.272727 -22202.5 -118.456
-0.282828 -22204.1 -123.098
-0.292929 -22205.8 -127.743
-0.30303 -22207.6 -132.386
-0.313131 -22209.4 -137.027
-0.323232 -22211.3 -141.664
-0.333333 -22213.2 -146.294
-0.343434 -22215.1 -150.919
-0.353535 -22216.9 -155.534
-0.363636 -22218.8 -160.141
-0.373737 -22220.6 -164.735
-0.383838 -22222.3 -169.319
-0.393939 -22224 -173.887
-0.40404 -22225.7 -178.444
-0.414141 -22227.3 -182.983
-0.424242 -22228.8 -187.509
-0.434343 -22230.3 -192.016
-0.444444 -22231.8 -196.507
-0.454545 -22233.2 -200.979
-0.464646 -22234.6 -205.432
-0.474747 -22235.9 -209.865
-0.484848 -22237.2 -214.279
-0.494949 -22238.5 -218.671
-0.505051 -22239.7 -223.042
-0.515152 -22240.9 -227.392
-0.525253 -22242.1 -231.718
-0.535354 -22243.3 -236.022
-0.545455 -22244.5 -240.3
-0.555556 -22245.7 -244.557
-0.565657 -22246.8 -248.785
-0.575758 -22248 -252.993
-0.585859 -22249.2 -257.17
-0.59596 -22250.3 -261.325
-0.606061 -22251.5 -265.448
-0.616162 -22252.7 -269.55
-0.626263 -22254 -273.617
-0.636364 -22255.2 -277.663
-0.646465 -22256.5 -281.672
-0.656566 -22257.8 -285.661
-0.666667 -22259.1 -289.61
-0.676768 -22260.5 -293.54
-0.686869 -22261.8 -297.427
-0.69697 -22263.3 -301.296
-0.707071 -22264.7 -305.12
-0.717172 -22266.2 -308.926
-0.727273 -22267.7 -312.686
-0.737374 -22269.2 -316.429
-0.747475 -22270.8 -320.124
-0.757576 -22272.4 -323.801
-0.767677 -22274 -327.43
-0.777778 -22275.6 -331.043
-0.787879 -22277.3 -334.605
-0.79798 -22279 -338.153
-0.808081 -22280.7 -341.648
-0.818182 -22282.4 -345.131
-0.828283 -22284.1 -348.56
-0.838384 -22285.8 -351.978
-0.848485 -22287.5 -355.342
-0.858586 -22289.2 -358.696
-0.868687 -22290.9 -361.995
-0.878788 -22292.5 -365.285
-0.888889 -22294 -368.52
-0.89899 -22295.6 -371.747
-0.909091 -22297 -374.92
-0.919192 -22298.3 -378.086
-0.929293 -22299.5 -381.198
-0.939394 -22300.7 -384.304
-0.949495 -22301.7 -387.359
-0.959596 -22302.6 -390.41
-0.969697 -22303.2 -393.42
-0.979798 -22303.8 -396.428
-0.989899 -22304 -399.346
-1 -22304.2 -402.262
