0 4715.26 0.000588526
-0.010101 6140.2 12.5711
-0.020202 6120.56 25.1579
-0.030303 6106.69 38.5749
-0.040404 6093.01 51.9979
-0.0505051 6083.94 65.5664
-0.0606061 6075.1 79.1455
-0.0707071 6069.83 92.8909
-0.0808081 6064.78 106.648
-0.0909091 6062.38 120.54
-0.10101 6060.18 134.443
-0.111111 6059.85 148.448
-0.121212 6059.69 162.462
-0.131313 6060.77 176.549
-0.141414 6061.97 190.645
-0.151515 6063.93 204.793
-0.161616 6065.97 218.948
-0.171717 6068.4 233.137
-0.181818 6070.86 247.33
-0.191919 6073.47 261.543
-0.20202 6076.06 275.758
-0.212121 6078.62 289.979
-0.222222 6081.15 304.2
-0.232323 6083.54 318.416
-0.242424 6085.87 332.629
-0.252525 6088.02 346.828
-0.262626 6090.09 361.019
-0.272727 6091.96 375.189
-0.282828 6093.75 389.349
-0.292929 6095.34 403.48
-0.30303 6096.85 417.597
-0.313131 6098.17 431.681
-0.323232 6099.43 445.747
-0.333333 6100.52 459.774
-0.343434 6101.55 473.78
-0.353535 6102.44 487.744
-0.363636 6103.28 501.682
-0.373737 6104.01 515.575
-0.383838 6104.7 529.438
-0.393939 6105.3 543.253
-0.40404 6105.86 557.034
-0.414141 6106.36 570.765
-0.424242 6106.83 584.457
-0.434343 6107.25 598.096
-0.444444 6107.65 611.693
-0.454545 6108.02 625.235
-0.464646 6108.37 638.729
-0.474747 6108.7 652.167
-0.484848 6109.02 665.552
-0.494949 6109.32 678.88
-0.505051 6109.61 692.149
-0.515152 6109.9 705.36
-0.525253 6110.18 718.507
-0.535354 6110.46 731.595
-0.545455 6110.74 744.612
-0.555556 6111.02 757.57
-0.565657 6111.3 770.451
-0.575758 6111.59 783.272
-0.585859 6111.88 796.01
-0.59596 6112.17 808.687
-0.606061 6112.47 821.274
-0.616162 6112.77 833.8
-0.626263 6113.08 846.229
-0.636364 6113.41 858.598
-0.646465 6113.74 870.861
-0.656566 6114.08 883.065
-0.666667 6114.44 895.156
-0.676768 6114.81 907.187
-0.686869 6115.19 919.097
-0.69697 6115.59 930.949
-0.707071 6116.01 942.67
-0.717172 6116.44 954.334
-0.727273 6116.9 965.859
-0.737374 6117.38 977.33
-0.747475 6117.89 988.651
-0.757576 6118.41 999.919
-0.767677 6118.97 1011.03
-0.777778 6119.54 1022.09
-0.787879 6120.16 1032.98
-0.79798 6120.79 1043.82
-0.808081 6121.47 1054.49
-0.818182 6122.16 1065.11
-0.828283 6122.9 1075.54
-0.838384 6123.65 1085.93
-0.848485 6124.45 1096.13
-0.858586 6125.25 1106.28
-0.868687 6126.1 1116.23
-0.878788 6126.95 1126.15
-0.888889 6127.82 1135.85
-0.89899 6128.69 1145.53
-0.909091 6129.56 1154.98
-0.919192 6130.43 1164.4
-0.929293 6131.24 1173.6
-0.939394 6132.06 1182.78
-0.949495 6132.76 1191.74
-0.959596 6133.46 1200.68
-0.969697 6133.97 1209.42
-0.979798 6134.47 1218.14
-0.989899 6134.67 1226.64
-1 6134.86 1235.13
