0 -23628.4 -0.00143149
-0.010101 -23587.4 0.755979
-0.020202 -23567.8 1.51963
-0.030303 -23549.3 2.524
-0.040404 -23530.8 3.53055
-0.0505051 -23514 4.58928
-0.0606061 -23497.3 5.64691
-0.0707071 -23482.6 6.68731
-0.0808081 -23468.1 7.72432
-0.0909091 -23455.7 8.72238
-0.10101 -23443.5 9.71599
-0.111111 -23433.3 10.6696
-0.121212 -23423.4 11.6183
-0.131313 -23415.3 12.5317
-0.141414 -23407.5 13.44
-0.151515 -23401.4 14.3174
-0.161616 -23395.6 15.1895
-0.171717 -23391.2 16.0332
-0.181818 -23387.1 16.871
-0.191919 -23384.2 17.682
-0.20202 -23381.5 18.4865
-0.212121 -23379.8 19.2654
-0.222222 -23378.3 20.0375
-0.232323 -23377.6 20.7855
-0.242424 -23377 21.5265
-0.252525 -23377 22.2456
-0.262626 -23377.2 22.9579
-0.272727 -23377.9 23.651
-0.282828 -23378.6 24.3378
-0.292929 -23379.6 25.0082
-0.30303 -23380.7 25.673
-0.313131 -23382.1 26.3245
-0.323232 -23383.5 26.971
-0.333333 -23385 27.607
-0.343434 -23386.5 28.2389
-0.353535 -23388.1 28.8628
-0.363636 -23389.7 29.4833
-0.373737 -23391.4 30.0979
-0.383838 -23393 30.7099
-0.393939 -23394.7 31.3176
-0.40404 -23396.3 31.9233
-0.414141 -23397.9 32.5261
-0.424242 -23399.5 33.1275
-0.434343 -23401.1 33.7269
-0.444444 -23402.6 34.3253
-0.454545 -23404.1 34.9223
-0.464646 -23405.6 35.5187
-0.474747 -23407.1 36.1142
-0.484848 -23408.5 36.7093
-0.494949 -23409.9 37.3037
-0.505051 -23411.3 37.8977
-0.515152 -23412.7 38.4913
-0.525253 -23414 39.0844
-0.535354 -23415.4 39.677
-0.545455 -23416.7 40.2691
-0.555556 -23418 40.8607
-0.565657 -23419.3 41.4514
-0.575758 -23420.7 42.0415
-0.585859 -23422 42.6304
-0.59596 -23423.3 43.2184
-0.606061 -23424.7 43.8049
-0.616162 -23426 44.3902
-0.626263 -23427.4 44.9733
-0.636364 -23428.8 45.5551
-0.646465 -23430.2 46.1339
-0.656566 -23431.6 46.711
-0.666667 -23433 47.2841
-0.676768 -23434.5 47.8553
-0.686869 -23435.9 48.4214
-0.69697 -23437.4 48.985
-0.707071 -23439 49.5422
-0.717172 -23440.5 50.0966
-0.727273 -23442.1 50.6429
-0.737374 -23443.7 51.1859
-0.747475 -23445.3 51.7188
-0.757576 -23446.9 52.2481
-0.767677 -23448.6 52.765
-0.777778 -23450.2 53.2779
-0.787879 -23451.9 53.7757
-0.79798 -23453.6 54.2693
-0.808081 -23455.3 54.7449
-0.818182 -23456.9 55.216
-0.828283 -23458.6 55.6661
-0.838384 -23460.2 56.1115
-0.848485 -23461.8 56.5326
-0.858586 -23463.4 56.9491
-0.868687 -23464.9 57.3381
-0.878788 -23466.4 57.7226
-0.888889 -23467.8 58.0765
-0.89899 -23469.2 58.4262
-0.909091 -23470.4 58.7425
-0.919192 -23471.6 59.0551
-0.929293 -23472.6 59.3318
-0.939394 -23473.6 59.6053
-0.949495 -23474.4 59.8406
-0.959596 -23475.1 60.0734
-0.969697 -23475.6 60.2644
-0.979798 -23476.1 60.4536
-0.989899 -23476.3 60.6532
-1 -23476.4 60.853
