0 -4183.05 -0.0005445
-0.010101 -5614.46 -12.632
-0.020202 -5593.81 -25.281
-0.030303 -5579.03 -38.8155
-0.040404 -5564.45 -52.3579
-0.0505051 -5554.63 -66.0872
-0.0606061 -5545.04 -79.8288
-0.0707071 -5539.19 -93.7618
-0.0808081 -5533.59 -107.708
-0.0909091 -5530.83 -121.799
-0.10101 -5528.3 -135.903
-0.111111 -5527.85 -150.108
-0.121212 -5527.6 -164.323
-0.131313 -5528.8 -178.608
-0.141414 -5530.16 -192.901
-0.151515 -5532.45 -207.241
-0.161616 -5534.86 -221.586
-0.171717 -5537.81 -235.962
-0.181818 -5540.82 -250.341
-0.191919 -5544.09 -264.737
-0.20202 -5547.37 -279.133
-0.212121 -5550.69 -293.534
-0.222222 -5553.99 -307.932
-0.232323 -5557.2 -322.323
-0.242424 -5560.34 -336.709
-0.252525 -5563.3 -351.078
-0.262626 -5566.18 -365.438
-0.272727 -5568.83 -379.772
-0.282828 -5571.37 -394.093
-0.292929 -5573.67 -408.381
-0.30303 -5575.85 -422.653
-0.313131 -5577.79 -436.886
-0.323232 -5579.62 -451.098
-0.333333 -5581.22 -465.267
-0.343434 -5582.71 -479.411
-0.353535 -5584 -493.507
-0.363636 -5585.18 -507.576
-0.373737 -5586.19 -521.594
-0.383838 -5587.11 -535.579
-0.393939 -5587.88 -549.512
-0.40404 -5588.57 -563.408
-0.414141 -5589.14 -577.249
-0.424242 -5589.65 -591.05
-0.434343 -5590.06 -604.795
-0.444444 -5590.42 -618.494
-0.454545 -5590.71 -632.137
-0.464646 -5590.96 -645.729
-0.474747 -5591.15 -659.263
-0.484848 -5591.32 -672.742
-0.494949 -5591.46 -686.162
-0.505051 -5591.57 -699.522
-0.515152 -5591.66 -712.822
-0.525253 -5591.75 -726.056
-0.535354 -5591.82 -739.23
-0.545455 -5591.89 -752.333
-0.555556 -5591.96 -765.374
-0.565657 -5592.03 -778.338
-0.575758 -5592.11 -791.24
-0.585859 -5592.19 -804.058
-0.59596 -5592.29 -816.814
-0.606061 -5592.4 -829.479
-0.616162 -5592.52 -842.082
-0.626263 -5592.67 -854.585
-0.636364 -5592.83 -867.028
-0.646465 -5593.01 -879.363
-0.656566 -5593.21 -891.637
-0.666667 -5593.44 -903.794
-0.676768 -5593.69 -915.892
-0.686869 -5593.98 -927.865
-0.69697 -5594.28 -939.778
-0.707071 -5594.63 -951.557
-0.717172 -5594.99 -963.278
-0.727273 -5595.4 -974.855
-0.737374 -5595.84 -986.375
-0.747475 -5596.32 -997.741
-0.757576 -5596.82 -1009.05
-0.767677 -5597.38 -1020.2
-0.777778 -5597.96 -1031.3
-0.787879 -5598.6 -1042.22
-0.79798 -5599.26 -1053.09
-0.808081 -5599.98 -1063.77
-0.818182 -5600.71 -1074.42
-0.828283 -5601.51 -1084.86
-0.838384 -5602.32 -1095.26
-0.848485 -5603.19 -1105.46
-0.858586 -5604.06 -1115.62
-0.868687 -5604.98 -1125.56
-0.878788 -5605.91 -1135.48
-0.888889 -5606.86 -1145.16
-0.89899 -5607.8 -1154.82
-0.909091 -5608.74 -1164.25
-0.919192 -5609.68 -1173.65
-0.929293 -5610.56 -1182.82
-0.939394 -5611.43 -1191.96
-0.949495 -5612.18 -1200.88
-0.959596 -5612.93 -1209.78
-0.969697 -5613.47 -1218.46
-0.979798 -5614 -1227.14
-0.989899 -5614.21 -1235.6
-1 -5614.41 -1244.05
