0 -1754.17 -0.000232466
-0.010101 -287.091 13.0486
-0.020202 -303.117 26.1171
-0.030303 -313.442 40.1478
-0.040404 -323.583 54.187
-0.0505051 -329.308 68.429
-0.0606061 -334.822 82.6832
-0.0707071 -337.034 97.1271
-0.0808081 -339.04 111.583
-0.0909091 -338.681 126.177
-0.10101 -338.145 140.782
-0.111111 -336.008 155.48
-0.121212 -333.734 170.186
-0.131313 -330.464 184.954
-0.141414 -327.107 199.728
-0.151515 -323.215 214.542
-0.161616 -319.286 229.36
-0.171717 -315.161 244.201
-0.181818 -311.046 259.045
-0.191919 -306.974 273.897
-0.20202 -302.951 288.749
-0.212121 -299.129 303.598
-0.222222 -295.388 318.443
-0.232323 -291.94 333.275
-0.242424 -288.599 348.099
-0.252525 -285.594 362.9
-0.262626 -282.712 377.69
-0.272727 -280.177 392.449
-0.282828 -277.771 407.193
-0.292929 -275.698 421.899
-0.30303 -273.756 436.587
-0.313131 -272.119 451.231
-0.323232 -270.607 465.854
-0.333333 -269.363 480.429
-0.343434 -268.237 494.978
-0.353535 -267.337 509.477
-0.363636 -266.542 523.946
-0.373737 -265.935 538.362
-0.383838 -265.419 552.745
-0.393939 -265.053 567.073
-0.40404 -264.764 581.363
-0.414141 -264.591 595.596
-0.424242 -264.48 609.788
-0.434343 -264.457 623.922
-0.444444 -264.482 638.01
-0.454545 -264.571 652.04
-0.464646 -264.695 666.018
-0.474747 -264.863 679.937
-0.484848 -265.056 693.8
-0.494949 -265.277 707.603
-0.505051 -265.513 721.344
-0.515152 -265.765 735.025
-0.525253 -266.024 748.638
-0.535354 -266.29 762.19
-0.545455 -266.556 775.669
-0.555556 -266.823 789.086
-0.565657 -267.085 802.424
-0.575758 -267.343 815.699
-0.585859 -267.591 828.888
-0.59596 -267.832 842.014
-0.606061 -268.058 855.046
-0.616162 -268.276 868.015
-0.626263 -268.475 880.883
-0.636364 -268.664 893.688
-0.646465 -268.831 906.382
-0.656566 -268.986 919.015
-0.666667 -269.116 931.528
-0.676768 -269.232 943.98
-0.686869 -269.318 956.302
-0.69697 -269.391 968.565
-0.707071 -269.428 980.688
-0.717172 -269.45 992.752
-0.727273 -269.432 1004.67
-0.737374 -269.398 1016.52
-0.747475 -269.317 1028.22
-0.757576 -269.22 1039.86
-0.767677 -269.069 1051.33
-0.777778 -268.902 1062.75
-0.787879 -268.675 1073.99
-0.79798 -268.431 1085.17
-0.808081 -268.123 1096.16
-0.818182 -267.798 1107.1
-0.828283 -267.405 1117.84
-0.838384 -266.998 1128.54
-0.848485 -266.522 1139.02
-0.858586 -266.034 1149.46
-0.868687 -265.483 1159.67
-0.878788 -264.923 1169.85
-0.888889 -264.313 1179.79
-0.89899 -263.696 1189.7
-0.909091 -263.053 1199.37
-0.919192 -262.408 1209.01
-0.929293 -261.773 1218.41
-0.939394 -261.139 1227.78
-0.949495 -260.569 1236.91
-0.959596 -260.003 1246.02
-0.969697 -259.576 1254.9
-0.979798 -259.154 1263.77
-0.989899 -258.984 1272.42
-1 -258.82 1281.07
