0 13377 0.00165331
-0.010101 12131 -11.2746
-0.020202 12134.5 -22.5712
-0.030303 12133.8 -34.7936
-0.040404 12133 -47.0242
-0.0505051 12129.3 -59.4514
-0.0606061 12125.5 -71.8882
-0.0707071 12119.9 -84.4756
-0.0808081 12114.3 -97.0713
-0.0909091 12107.7 -109.763
-0.10101 12101.1 -122.462
-0.111111 12094.2 -135.219
-0.121212 12087.3 -147.981
-0.131313 12080.5 -160.777
-0.141414 12073.8 -173.575
-0.151515 12067.5 -186.392
-0.161616 12061.2 -199.209
-0.171717 12055.6 -212.032
-0.181818 12050.1 -224.854
-0.191919 12045.2 -237.67
-0.20202 12040.5 -250.483
-0.212121 12036.4 -263.281
-0.222222 12032.5 -276.072
-0.232323 12029.3 -288.839
-0.242424 12026.2 -301.598
-0.252525 12023.8 -314.326
-0.262626 12021.4 -327.041
-0.272727 12019.6 -339.721
-0.282828 12018 -352.385
-0.292929 12016.8 -365.01
-0.30303 12015.7 -377.617
-0.313131 12015 -390.181
-0.323232 12014.5 -402.724
-0.333333 12014.2 -415.223
-0.343434 12014 -427.697
-0.353535 12014.1 -440.126
-0.363636 12014.3 -452.528
-0.373737 12014.6 -464.883
-0.383838 12015 -477.209
-0.393939 12015.5 -489.487
-0.40404 12016.1 -501.732
-0.414141 12016.8 -513.929
-0.424242 12017.5 -526.091
-0.434343 12018.2 -538.203
-0.444444 12019 -550.276
-0.454545 12019.9 -562.299
-0.464646 12020.7 -574.28
-0.474747 12021.6 -586.21
-0.484848 12022.5 -598.093
-0.494949 12023.4 -609.926
-0.505051 12024.3 -621.708
-0.515152 12025.2 -633.438
-0.525253 12026.1 -645.112
-0.535354 12027 -656.734
-0.545455 12027.9 -668.296
-0.555556 12028.8 -679.805
-0.565657 12029.7 -691.247
-0.575758 12030.5 -702.637
-0.585859 12031.4 -713.954
-0.59596 12032.3 -725.218
-0.606061 12033.1 -736.403
-0.616162 12034 -747.535
-0.626263 12034.9 -758.581
-0.636364 12035.7 -769.574
-0.646465 12036.6 -780.473
-0.656566 12037.4 -791.32
-0.666667 12038.2 -802.064
-0.676768 12039.1 -812.757
-0.686869 12039.9 -823.339
-0.69697 12040.7 -833.87
-0.707071 12041.5 -844.281
-0.717172 12042.3 -854.641
-0.727273 12043.1 -864.873
-0.737374 12043.9 -875.054
-0.747475 12044.6 -885.098
-0.757576 12045.4 -895.092
-0.767677 12046.1 -904.938
-0.777778 12046.8 -914.737
-0.787879 12047.4 -924.376
-0.79798 12048 -933.971
-0.808081 12048.6 -943.396
-0.818182 12049.2 -952.778
-0.828283 12049.7 -961.979
-0.838384 12050.2 -971.141
-0.848485 12050.6 -980.111
-0.858586 12051 -989.045
-0.868687 12051.3 -997.777
-0.878788 12051.6 -1006.48
-0.888889 12051.8 -1014.96
-0.89899 12052 -1023.42
-0.909091 12052 -1031.66
-0.919192 12052.1 -1039.88
-0.929293 12052.1 -1047.87
-0.939394 12052.1 -1055.84
-0.949495 12052 -1063.59
-0.959596 12051.9 -1071.32
-0.969697 12051.8 -1078.84
-0.979798 12051.6 -1086.35
-0.989899 12051.6 -1093.69
-1 12051.5 -1101.01
