0 -6295.88 -0.000754661
-0.010101 -7691.55 -12.2823
-0.020202 -7669.55 -24.5802
-0.030303 -7653.37 -37.7211
-0.040404 -7637.39 -50.8694
-0.0505051 -7626.22 -64.195
-0.0606061 -7615.29 -77.5326
-0.0707071 -7608.2 -91.0584
-0.0808081 -7601.37 -104.597
-0.0909091 -7597.51 -118.281
-0.10101 -7593.9 -131.977
-0.111111 -7592.52 -145.777
-0.121212 -7591.35 -159.586
-0.131313 -7591.77 -173.466
-0.141414 -7592.37 -187.354
-0.151515 -7594.05 -201.291
-0.161616 -7595.85 -215.233
-0.171717 -7598.33 -229.208
-0.181818 -7600.89 -243.186
-0.191919 -7603.81 -257.183
-0.20202 -7606.77 -271.181
-0.212121 -7609.87 -285.185
-0.222222 -7612.95 -299.188
-0.232323 -7616.02 -313.185
-0.242424 -7619.05 -327.179
-0.252525 -7621.95 -341.157
-0.262626 -7624.78 -355.127
-0.272727 -7627.42 -369.073
-0.282828 -7629.98 -383.008
-0.292929 -7632.32 -396.912
-0.30303 -7634.57 -410.8
-0.313131 -7636.59 -424.651
-0.323232 -7638.51 -438.482
-0.333333 -7640.21 -452.272
-0.343434 -7641.82 -466.038
-0.353535 -7643.22 -479.759
-0.363636 -7644.53 -493.452
-0.373737 -7645.67 -507.096
-0.383838 -7646.73 -520.709
-0.393939 -7647.63 -534.271
-0.40404 -7648.46 -547.797
-0.414141 -7649.17 -561.27
-0.424242 -7649.82 -574.703
-0.434343 -7650.37 -588.082
-0.444444 -7650.86 -601.416
-0.454545 -7651.29 -614.695
-0.464646 -7651.67 -627.925
-0.474747 -7652 -641.098
-0.484848 -7652.3 -654.218
-0.494949 -7652.56 -667.28
-0.505051 -7652.8 -680.283
-0.515152 -7653.02 -693.228
-0.525253 -7653.23 -706.109
-0.535354 -7653.43 -718.93
-0.545455 -7653.62 -731.682
-0.555556 -7653.81 -744.374
-0.565657 -7654.01 -756.991
-0.575758 -7654.21 -769.547
-0.585859 -7654.42 -782.021
-0.59596 -7654.63 -794.435
-0.606061 -7654.87 -806.759
-0.616162 -7655.11 -819.024
-0.626263 -7655.38 -831.191
-0.636364 -7655.67 -843.299
-0.646465 -7655.98 -855.302
-0.656566 -7656.31 -867.245
-0.666667 -7656.67 -879.076
-0.676768 -7657.05 -890.847
-0.686869 -7657.47 -902.497
-0.69697 -7657.9 -914.09
-0.707071 -7658.38 -925.551
-0.717172 -7658.89 -936.956
-0.727273 -7659.44 -948.221
-0.737374 -7660.01 -959.431
-0.747475 -7660.63 -970.491
-0.757576 -7661.27 -981.498
-0.767677 -7661.98 -992.346
-0.777778 -7662.7 -1003.14
-0.787879 -7663.48 -1013.77
-0.79798 -7664.28 -1024.35
-0.808081 -7665.14 -1034.75
-0.818182 -7666.01 -1045.11
-0.828283 -7666.94 -1055.28
-0.838384 -7667.89 -1065.4
-0.848485 -7668.89 -1075.33
-0.858586 -7669.89 -1085.22
-0.868687 -7670.93 -1094.9
-0.878788 -7671.98 -1104.55
-0.888889 -7673.03 -1113.99
-0.89899 -7674.09 -1123.4
-0.909091 -7675.12 -1132.58
-0.919192 -7676.15 -1141.74
-0.929293 -7677.1 -1150.67
-0.939394 -7678.05 -1159.59
-0.949495 -7678.85 -1168.28
-0.959596 -7679.65 -1176.95
-0.969697 -7680.23 -1185.43
-0.979798 -7680.79 -1193.89
-0.989899 -7681.01 -1202.13
-1 -7681.22 -1210.38
