0 -23158.8 -0.00248426
-0.010101 -23386 -1.6366
-0.020202 -23363.7 -3.26708
-0.030303 -23343.4 -4.83361
-0.040404 -23323.2 -6.3995
-0.0505051 -23305.5 -7.95028
-0.0606061 -23287.9 -9.50436
-0.0707071 -23272.9 -11.11
-0.0808081 -23258.1 -12.7213
-0.0909091 -23245.8 -14.3964
-0.10101 -23233.8 -16.0778
-0.111111 -23224 -17.816
-0.121212 -23214.6 -19.5605
-0.131313 -23207.2 -21.3513
-0.141414 -23200.1 -23.1484
-0.151515 -23194.7 -24.9834
-0.161616 -23189.6 -26.8246
-0.171717 -23186 -28.698
-0.181818 -23182.7 -30.5777
-0.191919 -23180.5 -32.4858
-0.20202 -23178.6 -34.4002
-0.212121 -23177.6 -36.3395
-0.222222 -23176.8 -38.2849
-0.232323 -23176.7 -40.2517
-0.242424 -23176.8 -42.2241
-0.252525 -23177.3 -44.214
-0.262626 -23178.1 -46.2087
-0.272727 -23179.1 -48.2167
-0.282828 -23180.3 -50.2284
-0.292929 -23181.7 -52.2493
-0.30303 -23183.2 -54.2726
-0.313131 -23184.8 -56.3011
-0.323232 -23186.5 -58.3305
-0.333333 -23188.2 -60.3618
-0.343434 -23189.9 -62.3923
-0.353535 -23191.7 -64.4217
-0.363636 -23193.4 -66.4489
-0.373737 -23195.2 -68.4724
-0.383838 -23196.9 -70.4923
-0.393939 -23198.6 -72.5064
-0.40404 -23200.3 -74.5156
-0.414141 -23201.9 -76.5174
-0.424242 -23203.5 -78.513
-0.434343 -23205.1 -80.5001
-0.444444 -23206.6 -82.4797
-0.454545 -23208.1 -84.4498
-0.464646 -23209.6 -86.4114
-0.474747 -23211 -88.3629
-0.484848 -23212.4 -90.3048
-0.494949 -23213.7 -92.2361
-0.505051 -23215.1 -94.1567
-0.515152 -23216.4 -96.0666
-0.525253 -23217.7 -97.9648
-0.535354 -23219 -99.8521
-0.545455 -23220.2 -101.727
-0.555556 -23221.5 -103.59
-0.565657 -23222.8 -105.44
-0.575758 -23224 -107.28
-0.585859 -23225.3 -109.104
-0.59596 -23226.6 -110.918
-0.606061 -23227.9 -112.717
-0.616162 -23229.2 -114.505
-0.626263 -23230.5 -116.277
-0.636364 -23231.8 -118.038
-0.646465 -23233.2 -119.783
-0.656566 -23234.6 -121.518
-0.666667 -23236 -123.235
-0.676768 -23237.4 -124.942
-0.686869 -23238.8 -126.631
-0.69697 -23240.3 -128.312
-0.707071 -23241.8 -129.973
-0.717172 -23243.4 -131.627
-0.727273 -23244.9 -133.261
-0.737374 -23246.5 -134.888
-0.747475 -23248.1 -136.496
-0.757576 -23249.8 -138.097
-0.767677 -23251.5 -139.679
-0.777778 -23253.1 -141.256
-0.787879 -23254.8 -142.814
-0.79798 -23256.5 -144.367
-0.808081 -23258.2 -145.903
-0.818182 -23260 -147.434
-0.828283 -23261.7 -148.949
-0.838384 -23263.4 -150.46
-0.848485 -23265.1 -151.957
-0.858586 -23266.7 -153.45
-0.868687 -23268.3 -154.93
-0.878788 -23269.9 -156.408
-0.888889 -23271.4 -157.873
-0.89899 -23272.9 -159.336
-0.909091 -23274.2 -160.788
-0.919192 -23275.5 -162.24
-0.929293 -23276.7 -163.681
-0.939394 -23277.8 -165.122
-0.949495 -23278.6 -166.555
-0.959596 -23279.5 -167.989
-0.969697 -23280 -169.422
-0.979798 -23280.6 -170.855
-0.989899 -23280.8 -172.237
-1 -23281 -173.619
