0 130.057 3.37704e-05
-0.010101 -1336.51 -13.0171
-0.020202 -1319.11 -26.0535
-0.030303 -1307.5 -40.037
-0.040404 -1296.07 -54.0288
-0.0505051 -1289.18 -68.2202
-0.0606061 -1282.51 -82.4239
-0.0707071 -1279.28 -96.8188
-0.0808081 -1276.27 -111.226
-0.0909091 -1275.78 -125.774
-0.10101 -1275.47 -140.334
-0.111111 -1276.91 -154.989
-0.121212 -1278.5 -169.653
-0.131313 -1281.23 -184.381
-0.141414 -1284.05 -199.116
-0.151515 -1287.53 -213.893
-0.161616 -1291.06 -228.675
-0.171717 -1294.89 -243.481
-0.181818 -1298.73 -258.291
-0.191919 -1302.61 -273.111
-0.20202 -1306.45 -287.931
-0.212121 -1310.16 -302.75
-0.222222 -1313.81 -317.566
-0.232323 -1317.21 -332.369
-0.242424 -1320.52 -347.166
-0.252525 -1323.53 -361.941
-0.262626 -1326.43 -376.706
-0.272727 -1329.01 -391.44
-0.282828 -1331.47 -406.16
-0.292929 -1333.62 -420.844
-0.30303 -1335.64 -435.51
-0.313131 -1337.37 -450.133
-0.323232 -1338.98 -464.734
-0.333333 -1340.33 -479.289
-0.343434 -1341.57 -493.818
-0.353535 -1342.58 -508.297
-0.363636 -1343.49 -522.747
-0.373737 -1344.21 -537.144
-0.383838 -1344.84 -551.508
-0.393939 -1345.32 -565.817
-0.40404 -1345.72 -580.088
-0.414141 -1346 -594.303
-0.424242 -1346.22 -608.477
-0.434343 -1346.36 -622.593
-0.444444 -1346.44 -636.662
-0.454545 -1346.45 -650.673
-0.464646 -1346.43 -664.634
-0.474747 -1346.36 -678.534
-0.484848 -1346.27 -692.379
-0.494949 -1346.14 -706.163
-0.505051 -1346 -719.886
-0.515152 -1345.84 -733.548
-0.525253 -1345.68 -747.143
-0.535354 -1345.5 -760.676
-0.545455 -1345.33 -774.137
-0.555556 -1345.15 -787.535
-0.565657 -1344.98 -800.853
-0.575758 -1344.81 -814.11
-0.585859 -1344.66 -827.279
-0.59596 -1344.51 -840.387
-0.606061 -1344.37 -853.4
-0.616162 -1344.25 -866.35
-0.626263 -1344.14 -879.199
-0.636364 -1344.05 -891.985
-0.646465 -1343.98 -904.661
-0.656566 -1343.92 -917.274
-0.666667 -1343.89 -929.769
-0.676768 -1343.87 -942.202
-0.686869 -1343.89 -954.506
-0.69697 -1343.92 -966.75
-0.707071 -1343.99 -978.855
-0.717172 -1344.07 -990.901
-0.727273 -1344.2 -1002.8
-0.737374 -1344.34 -1014.64
-0.747475 -1344.53 -1026.32
-0.757576 -1344.74 -1037.94
-0.767677 -1345.01 -1049.4
-0.777778 -1345.29 -1060.8
-0.787879 -1345.63 -1072.02
-0.79798 -1345.99 -1083.19
-0.808081 -1346.41 -1094.16
-0.818182 -1346.85 -1105.09
-0.828283 -1347.36 -1115.82
-0.838384 -1347.88 -1126.5
-0.848485 -1348.47 -1136.97
-0.858586 -1349.07 -1147.4
-0.868687 -1349.72 -1157.6
-0.878788 -1350.39 -1167.77
-0.888889 -1351.09 -1177.71
-0.89899 -1351.8 -1187.61
-0.909091 -1352.53 -1197.27
-0.919192 -1353.26 -1206.91
-0.929293 -1353.97 -1216.3
-0.939394 -1354.67 -1225.67
-0.949495 -1355.3 -1234.8
-0.959596 -1355.91 -1243.91
-0.969697 -1356.38 -1252.79
-0.979798 -1356.83 -1261.67
-0.989899 -1357.01 -1270.32
-1 -1357.19 -1278.97
