0 -3905.42 -0.00049629
-0.010101 -2448.45 12.9982
-0.020202 -2462.52 26.0171
-0.030303 -2471.04 40.0102
-0.040404 -2479.39 54.0118
-0.0505051 -2483.51 68.2177
-0.0606061 -2487.44 82.4354
-0.0707071 -2488.28 96.8381
-0.0808081 -2488.93 111.252
-0.0909091 -2487.43 125.799
-0.10101 -2485.77 140.355
-0.111111 -2482.71 154.999
-0.121212 -2479.54 169.65
-0.131313 -2475.56 184.359
-0.141414 -2471.52 199.073
-0.151515 -2467.1 213.822
-0.161616 -2462.67 228.576
-0.171717 -2458.17 243.348
-0.181818 -2453.71 258.123
-0.191919 -2449.41 272.903
-0.20202 -2445.17 287.682
-0.212121 -2441.22 302.455
-0.222222 -2437.38 317.224
-0.232323 -2433.89 331.977
-0.242424 -2430.53 346.721
-0.252525 -2427.55 361.441
-0.262626 -2424.71 376.149
-0.272727 -2422.25 390.824
-0.282828 -2419.94 405.484
-0.292929 -2417.98 420.104
-0.30303 -2416.15 434.706
-0.313131 -2414.65 449.264
-0.323232 -2413.28 463.8
-0.333333 -2412.18 478.288
-0.343434 -2411.21 492.75
-0.353535 -2410.46 507.161
-0.363636 -2409.82 521.542
-0.373737 -2409.37 535.871
-0.383838 -2409.01 550.166
-0.393939 -2408.8 564.406
-0.40404 -2408.66 578.61
-0.414141 -2408.64 592.757
-0.424242 -2408.67 606.862
-0.434343 -2408.79 620.911
-0.444444 -2408.96 634.913
-0.454545 -2409.19 648.858
-0.464646 -2409.45 662.752
-0.474747 -2409.75 676.587
-0.484848 -2410.07 690.367
-0.494949 -2410.42 704.087
-0.505051 -2410.78 717.747
-0.515152 -2411.16 731.346
-0.525253 -2411.54 744.879
-0.535354 -2411.93 758.352
-0.545455 -2412.32 771.751
-0.555556 -2412.7 785.09
-0.565657 -2413.09 798.35
-0.575758 -2413.46 811.548
-0.585859 -2413.83 824.66
-0.59596 -2414.2 837.71
-0.606061 -2414.55 850.667
-0.616162 -2414.89 863.562
-0.626263 -2415.21 876.356
-0.636364 -2415.53 889.088
-0.646465 -2415.82 901.711
-0.656566 -2416.11 914.272
-0.666667 -2416.37 926.714
-0.676768 -2416.62 939.096
-0.686869 -2416.85 951.349
-0.69697 -2417.06 963.542
-0.707071 -2417.24 975.597
-0.717172 -2417.41 987.594
-0.727273 -2417.53 999.441
-0.737374 -2417.65 1011.23
-0.747475 -2417.72 1022.86
-0.757576 -2417.78 1034.44
-0.767677 -2417.78 1045.84
-0.777778 -2417.77 1057.2
-0.787879 -2417.7 1068.37
-0.79798 -2417.61 1079.48
-0.808081 -2417.46 1090.41
-0.818182 -2417.3 1101.29
-0.828283 -2417.06 1111.96
-0.838384 -2416.81 1122.59
-0.848485 -2416.49 1133.01
-0.858586 -2416.15 1143.38
-0.868687 -2415.75 1153.53
-0.878788 -2415.33 1163.65
-0.888889 -2414.85 1173.52
-0.89899 -2414.37 1183.37
-0.909091 -2413.85 1192.97
-0.919192 -2413.32 1202.55
-0.929293 -2412.79 1211.87
-0.939394 -2412.25 1221.18
-0.949495 -2411.76 1230.23
-0.959596 -2411.27 1239.28
-0.969697 -2410.89 1248.09
-0.979798 -2410.51 1256.89
-0.989899 -2410.36 1265.47
-1 -2410.21 1274.05
