0 -23628.4 -0.00143149
-0.010101 -23587.4 0.756594
-0.020202 -23567.8 1.52085
-0.030303 -23549.3 2.52576
-0.040404 -23530.8 3.53283
-0.0505051 -23514 4.59193
-0.0606061 -23497.3 5.64992
-0.0707071 -23482.6 6.69055
-0.0808081 -23468.1 7.72777
-0.0909091 -23455.7 8.72593
-0.10101 -23443.5 9.71962
-0.111111 -23433.3 10.6731
-0.121212 -23423.4 11.6218
-0.131313 -23415.3 12.535
-0.141414 -23407.5 13.4432
-0.151515 -23401.4 14.3203
-0.161616 -23395.6 15.1921
-0.171717 -23391.2 16.0354
-0.181818 -23387.1 16.8728
-0.191919 -23384.2 17.6833
-0.20202 -23381.5 18.4873
-0.212121 -23379.8 19.2655
-0.222222 -23378.3 20.037
-0.232323 -23377.5 20.7843
-0.242424 -23377 21.5246
-0.252525 -23377 22.2429
-0.262626 -23377.2 22.9544
-0.272727 -23377.8 23.6466
-0.282828 -23378.6 24.3325
-0.292929 -23379.6 25.002
-0.30303 -23380.7 25.6658
-0.313131 -23382.1 26.3163
-0.323232 -23383.4 26.9618
-0.333333 -23384.9 27.5968
-0.343434 -23386.5 28.2276
-0.353535 -23388.1 28.8504
-0.363636 -23389.7 29.4698
-0.373737 -23391.4 30.0833
-0.383838 -23393 30.6941
-0.393939 -23394.7 31.3006
-0.40404 -23396.3 31.9052
-0.414141 -23397.9 32.5068
-0.424242 -23399.5 33.1069
-0.434343 -23401.1 33.7051
-0.444444 -23402.6 34.3023
-0.454545 -23404.1 34.8981
-0.464646 -23405.6 35.4933
-0.474747 -23407.1 36.0876
-0.484848 -23408.5 36.6813
-0.494949 -23409.9 37.2746
-0.505051 -23411.3 37.8673
-0.515152 -23412.6 38.4597
-0.525253 -23414 39.0515
-0.535354 -23415.3 39.643
-0.545455 -23416.7 40.2338
-0.555556 -23418 40.8242
-0.565657 -23419.3 41.4137
-0.575758 -23420.6 42.0026
-0.585859 -23422 42.5904
-0.59596 -23423.3 43.1773
-0.606061 -23424.6 43.7626
-0.616162 -23426 44.3468
-0.626263 -23427.3 44.9287
-0.636364 -23428.7 45.5094
-0.646465 -23430.1 46.0871
-0.656566 -23431.5 46.6631
-0.666667 -23433 47.2352
-0.676768 -23434.4 47.8052
-0.686869 -23435.9 48.3703
-0.69697 -23437.4 48.9329
-0.707071 -23438.9 49.4891
-0.717172 -23440.5 50.0425
-0.727273 -23442.1 50.5877
-0.737374 -23443.7 51.1298
-0.747475 -23445.3 51.6617
-0.757576 -23446.9 52.19
-0.767677 -23448.6 52.7059
-0.777778 -23450.2 53.2179
-0.787879 -23451.9 53.7148
-0.79798 -23453.6 54.2074
-0.808081 -23455.2 54.6821
-0.818182 -23456.9 55.1523
-0.828283 -23458.5 55.6014
-0.838384 -23460.2 56.0459
-0.848485 -23461.8 56.4661
-0.858586 -23463.4 56.8817
-0.868687 -23464.9 57.2698
-0.878788 -23466.4 57.6534
-0.888889 -23467.8 58.0064
-0.89899 -23469.1 58.3552
-0.909091 -23470.4 58.6705
-0.919192 -23471.6 58.9822
-0.929293 -23472.6 59.2579
-0.939394 -23473.6 59.5305
-0.949495 -23474.4 59.7648
-0.959596 -23475.1 59.9967
-0.969697 -23475.6 60.1866
-0.979798 -23476.1 60.3748
-0.989899 -23476.2 60.5734
-1 -23476.4 60.7722
