0 17643.8 0.00164749
-0.010101 18570 7.93124
-0.020202 18544 15.8681
-0.030303 18522.5 24.2418
-0.040404 18501.2 32.6192
-0.0505051 18484.1 41.087
-0.0606061 18467.2 49.5635
-0.0707071 18454.1 58.1772
-0.0808081 18441.2 66.8014
-0.0909091 18431.6 75.5464
-0.10101 18422.2 84.3016
-0.111111 18415.5 93.1491
-0.121212 18409.1 102.006
-0.131313 18404.9 110.931
-0.141414 18400.9 119.864
-0.151515 18398.6 128.847
-0.161616 18396.5 137.837
-0.171717 18395.7 146.864
-0.181818 18395.1 155.897
-0.191919 18395.5 164.958
-0.20202 18396 174.022
-0.212121 18397.1 183.106
-0.222222 18398.3 192.192
-0.232323 18400 201.288
-0.242424 18401.8 210.384
-0.252525 18403.8 219.483
-0.262626 18405.8 228.58
-0.272727 18408 237.671
-0.282828 18410.1 246.758
-0.292929 18412.3 255.833
-0.30303 18414.5 264.901
-0.313131 18416.6 273.95
-0.323232 18418.7 282.989
-0.333333 18420.7 292.006
-0.343434 18422.7 301.009
-0.353535 18424.5 309.985
-0.363636 18426.3 318.944
-0.373737 18428 327.873
-0.383838 18429.7 336.783
-0.393939 18431.2 345.659
-0.40404 18432.7 354.513
-0.414141 18434.1 363.333
-0.424242 18435.5 372.126
-0.434343 18436.7 380.883
-0.444444 18437.9 389.61
-0.454545 18439.1 398.3
-0.464646 18440.2 406.958
-0.474747 18441.2 415.577
-0.484848 18442.2 424.16
-0.494949 18443.2 432.705
-0.505051 18444.2 441.209
-0.515152 18445.1 449.674
-0.525253 18446 458.096
-0.535354 18446.9 466.478
-0.545455 18447.8 474.812
-0.555556 18448.7 483.107
-0.565657 18449.5 491.35
-0.575758 18450.4 499.553
-0.585859 18451.3 507.701
-0.59596 18452.2 515.808
-0.606061 18453.1 523.855
-0.616162 18454.1 531.862
-0.626263 18455 539.804
-0.636364 18456 547.706
-0.646465 18457 555.539
-0.656566 18458 563.333
-0.666667 18459.1 571.051
-0.676768 18460.2 578.731
-0.686869 18461.3 586.331
-0.69697 18462.4 593.893
-0.707071 18463.6 601.37
-0.717172 18464.8 608.81
-0.727273 18466.1 616.159
-0.737374 18467.4 623.473
-0.747475 18468.7 630.691
-0.757576 18470.1 637.874
-0.767677 18471.5 644.956
-0.777778 18472.9 652.006
-0.787879 18474.4 658.95
-0.79798 18475.9 665.863
-0.808081 18477.4 672.664
-0.818182 18479 679.438
-0.828283 18480.5 686.095
-0.838384 18482.1 692.726
-0.848485 18483.7 699.237
-0.858586 18485.3 705.724
-0.868687 18486.8 712.086
-0.878788 18488.4 718.428
-0.888889 18489.9 724.641
-0.89899 18491.4 730.837
-0.909091 18492.8 736.9
-0.919192 18494.2 742.949
-0.929293 18495.4 748.864
-0.939394 18496.6 754.768
-0.949495 18497.6 760.541
-0.959596 18498.6 766.306
-0.969697 18499.2 771.954
-0.979798 18499.9 777.598
-0.989899 18500.1 783.089
-1 18500.3 788.577
