0 23613 0.00119756
-0.010101 23605.6 -0.456485
-0.020202 23585.6 -0.919739
-0.030303 23566.9 -1.60191
-0.040404 23548.2 -2.28608
-0.0505051 23531.2 -3.01802
-0.0606061 23514.4 -3.74859
-0.0707071 23499.6 -4.45776
-0.0808081 23485.1 -5.16328
-0.0909091 23472.6 -5.8269
-0.10101 23460.4 -6.48585
-0.111111 23450.3 -7.10282
-0.121212 23440.4 -7.7148
-0.131313 23432.4 -8.29022
-0.141414 23424.7 -8.86048
-0.151515 23418.7 -9.39907
-0.161616 23412.9 -9.93221
-0.171717 23408.6 -10.4367
-0.181818 23404.6 -10.9353
-0.191919 23401.8 -11.4069
-0.20202 23399.2 -11.8722
-0.212121 23397.5 -12.312
-0.222222 23396.1 -12.7451
-0.232323 23395.5 -13.1546
-0.242424 23395 -13.5573
-0.252525 23395.1 -13.9388
-0.262626 23395.4 -14.3138
-0.272727 23396.1 -14.6703
-0.282828 23396.8 -15.0209
-0.292929 23397.9 -15.3562
-0.30303 23399.1 -15.6862
-0.313131 23400.5 -16.004
-0.323232 23401.9 -16.3175
-0.333333 23403.4 -16.6215
-0.343434 23405 -16.9221
-0.353535 23406.6 -17.2159
-0.363636 23408.3 -17.507
-0.373737 23409.9 -17.7935
-0.383838 23411.6 -18.0782
-0.393939 23413.3 -18.3599
-0.40404 23414.9 -18.6406
-0.414141 23416.5 -18.9196
-0.424242 23418.1 -19.1982
-0.434343 23419.7 -19.4762
-0.444444 23421.2 -19.7542
-0.454545 23422.7 -20.0323
-0.464646 23424.2 -20.3109
-0.474747 23425.7 -20.5901
-0.484848 23427.1 -20.87
-0.494949 23428.5 -21.1508
-0.505051 23429.9 -21.4325
-0.515152 23431.3 -21.7152
-0.525253 23432.6 -21.999
-0.535354 23434 -22.2838
-0.545455 23435.3 -22.5697
-0.555556 23436.6 -22.8565
-0.565657 23437.9 -23.1442
-0.575758 23439.2 -23.4328
-0.585859 23440.6 -23.7222
-0.59596 23441.9 -24.0122
-0.606061 23443.2 -24.3027
-0.616162 23444.6 -24.5935
-0.626263 23445.9 -24.8845
-0.636364 23447.3 -25.1755
-0.646465 23448.7 -25.4661
-0.656566 23450.1 -25.7564
-0.666667 23451.5 -26.0455
-0.676768 23453 -26.334
-0.686869 23454.5 -26.6204
-0.69697 23456 -26.9058
-0.707071 23457.5 -27.1878
-0.717172 23459.1 -27.4685
-0.727273 23460.6 -27.7444
-0.737374 23462.2 -28.0184
-0.747475 23463.9 -28.2859
-0.757576 23465.5 -28.5511
-0.767677 23467.1 -28.8078
-0.777778 23468.8 -29.0618
-0.787879 23470.5 -29.3048
-0.79798 23472.2 -29.5448
-0.808081 23473.8 -29.7712
-0.818182 23475.5 -29.9942
-0.828283 23477.2 -30.2008
-0.838384 23478.8 -30.4038
-0.848485 23480.4 -30.5875
-0.858586 23482 -30.7675
-0.868687 23483.6 -30.9251
-0.878788 23485.1 -31.0791
-0.888889 23486.5 -31.2078
-0.89899 23487.9 -31.3331
-0.909091 23489.1 -31.4306
-0.919192 23490.3 -31.525
-0.929293 23491.4 -31.5892
-0.939394 23492.4 -31.6507
-0.949495 23493.2 -31.6798
-0.959596 23493.9 -31.7067
-0.969697 23494.4 -31.6973
-0.979798 23494.9 -31.6863
-0.989899 23495.1 -31.69
-1 23495.2 -31.6941
