0 22780.6 0.00213706
-0.010101 23107 2.52393
-0.020202 23083.8 5.04377
-0.030303 23063 7.56684
-0.040404 23042.3 10.0899
-0.0505051 23024.4 12.6115
-0.0606061 23006.6 15.1372
-0.0707071 22991.6 17.7266
-0.0808081 22976.9 20.3223
-0.0909091 22964.7 22.9902
-0.10101 22952.9 25.6651
-0.111111 22943.4 28.4022
-0.121212 22934.2 31.146
-0.131313 22927.1 33.9396
-0.141414 22920.3 36.7396
-0.151515 22915.3 39.5796
-0.161616 22910.6 42.4258
-0.171717 22907.3 45.3053
-0.181818 22904.3 48.191
-0.191919 22902.4 51.1051
-0.20202 22900.8 54.0253
-0.212121 22900.1 56.9696
-0.222222 22899.5 59.9197
-0.232323 22899.7 62.8897
-0.242424 22900 65.8647
-0.252525 22900.8 68.8552
-0.262626 22901.7 71.8495
-0.272727 22902.9 74.8547
-0.282828 22904.2 77.8624
-0.292929 22905.8 80.8765
-0.30303 22907.4 83.8916
-0.313131 22909.1 86.9088
-0.323232 22910.8 89.9252
-0.333333 22912.6 92.94
-0.343434 22914.4 95.9524
-0.353535 22916.2 98.96
-0.363636 22918 101.963
-0.373737 22919.8 104.959
-0.383838 22921.5 107.949
-0.393939 22923.2 110.93
-0.40404 22924.9 113.903
-0.414141 22926.5 116.864
-0.424242 22928.1 119.817
-0.434343 22929.7 122.757
-0.444444 22931.2 125.687
-0.454545 22932.7 128.603
-0.464646 22934.1 131.507
-0.474747 22935.5 134.397
-0.484848 22936.8 137.274
-0.494949 22938.2 140.136
-0.505051 22939.5 142.983
-0.515152 22940.8 145.816
-0.525253 22942 148.632
-0.535354 22943.3 151.433
-0.545455 22944.5 154.217
-0.555556 22945.8 156.985
-0.565657 22947 159.735
-0.575758 22948.2 162.469
-0.585859 22949.5 165.184
-0.59596 22950.7 167.883
-0.606061 22952 170.56
-0.616162 22953.2 173.223
-0.626263 22954.5 175.863
-0.636364 22955.8 178.488
-0.646465 22957.2 181.089
-0.656566 22958.5 183.676
-0.666667 22959.9 186.237
-0.676768 22961.3 188.784
-0.686869 22962.7 191.304
-0.69697 22964.2 193.812
-0.707071 22965.7 196.291
-0.717172 22967.2 198.758
-0.727273 22968.8 201.196
-0.737374 22970.3 203.622
-0.747475 22972 206.019
-0.757576 22973.6 208.405
-0.767677 22975.2 210.76
-0.777778 22976.9 213.106
-0.787879 22978.6 215.422
-0.79798 22980.3 217.729
-0.808081 22982 220.005
-0.818182 22983.7 222.273
-0.828283 22985.5 224.511
-0.838384 22987.2 226.743
-0.848485 22988.9 228.945
-0.858586 22990.5 231.141
-0.868687 22992.2 233.308
-0.878788 22993.8 235.47
-0.888889 22995.3 237.604
-0.89899 22996.8 239.733
-0.909091 22998.2 241.835
-0.919192 22999.5 243.934
-0.929293 23000.7 246.006
-0.939394 23001.8 248.075
-0.949495 23002.7 250.12
-0.959596 23003.6 252.164
-0.969697 23004.2 254.192
-0.979798 23004.7 256.219
-0.989899 23005 258.181
-1 23005.2 260.142
