0 -21483.1 -0.00192616
-0.010101 -22034 -4.53065
-0.020202 -22009.2 -9.06083
-0.030303 -21987.7 -13.7525
-0.040404 -21966.3 -18.4456
-0.0505051 -21948.2 -23.1727
-0.0606061 -21930.3 -27.9057
-0.0707071 -21915.6 -32.7326
-0.0808081 -21901.2 -37.5677
-0.0909091 -21889.6 -42.4962
-0.10101 -21878.4 -47.4331
-0.111111 -21869.7 -52.4464
-0.121212 -21861.3 -57.4677
-0.131313 -21855 -62.548
-0.141414 -21849 -67.6358
-0.151515 -21844.9 -72.7694
-0.161616 -21841 -77.91
-0.171717 -21838.5 -83.0872
-0.181818 -21836.3 -88.2709
-0.191919 -21835.2 -93.4842
-0.20202 -21834.2 -98.7033
-0.212121 -21834.2 -103.946
-0.222222 -21834.3 -109.193
-0.232323 -21835 -114.458
-0.242424 -21835.8 -119.727
-0.252525 -21837 -125.007
-0.262626 -21838.4 -130.289
-0.272727 -21840 -135.577
-0.282828 -21841.6 -140.865
-0.292929 -21843.4 -146.153
-0.30303 -21845.2 -151.439
-0.313131 -21847.1 -156.72
-0.323232 -21849.1 -161.997
-0.333333 -21851 -167.265
-0.343434 -21852.9 -172.526
-0.353535 -21854.7 -177.774
-0.363636 -21856.6 -183.014
-0.373737 -21858.4 -188.238
-0.383838 -21860.1 -193.45
-0.393939 -21861.8 -198.644
-0.40404 -21863.5 -203.826
-0.414141 -21865 -208.987
-0.424242 -21866.6 -214.132
-0.434343 -21868.1 -219.256
-0.444444 -21869.5 -224.362
-0.454545 -21870.9 -229.446
-0.464646 -21872.2 -234.51
-0.474747 -21873.5 -239.551
-0.484848 -21874.8 -244.569
-0.494949 -21876 -249.564
-0.505051 -21877.2 -254.534
-0.515152 -21878.4 -259.481
-0.525253 -21879.6 -264.4
-0.535354 -21880.8 -269.296
-0.545455 -21881.9 -274.162
-0.555556 -21883 -279.004
-0.565657 -21884.2 -283.814
-0.575758 -21885.3 -288.6
-0.585859 -21886.5 -293.353
-0.59596 -21887.6 -298.08
-0.606061 -21888.8 -302.772
-0.616162 -21890 -307.439
-0.626263 -21891.2 -312.067
-0.636364 -21892.4 -316.671
-0.646465 -21893.7 -321.234
-0.656566 -21894.9 -325.773
-0.666667 -21896.2 -330.268
-0.676768 -21897.5 -334.74
-0.686869 -21898.9 -339.165
-0.69697 -21900.3 -343.567
-0.707071 -21901.7 -347.92
-0.717172 -21903.2 -352.252
-0.727273 -21904.7 -356.531
-0.737374 -21906.2 -360.79
-0.747475 -21907.7 -364.994
-0.757576 -21909.3 -369.179
-0.767677 -21910.9 -373.307
-0.777778 -21912.5 -377.417
-0.787879 -21914.2 -381.468
-0.79798 -21915.9 -385.502
-0.808081 -21917.6 -389.476
-0.818182 -21919.3 -393.435
-0.828283 -21921 -397.331
-0.838384 -21922.7 -401.214
-0.848485 -21924.4 -405.033
-0.858586 -21926.1 -408.84
-0.868687 -21927.7 -412.583
-0.878788 -21929.3 -416.315
-0.888889 -21930.9 -419.982
-0.89899 -21932.4 -423.64
-0.909091 -21933.8 -427.231
-0.919192 -21935.2 -430.816
-0.929293 -21936.4 -434.335
-0.939394 -21937.6 -437.848
-0.949495 -21938.6 -441.298
-0.959596 -21939.5 -444.743
-0.969697 -21940.1 -448.137
-0.979798 -21940.8 -451.529
-0.989899 -21941 -454.822
-1 -21941.2 -458.113
