0 -21911.9 -0.00150969
-0.010101 -22399.8 -3.95256
-0.020202 -22375.2 -7.90479
-0.030303 -22353.7 -11.9845
-0.040404 -22332.3 -16.0657
-0.0505051 -22314.1 -20.1824
-0.0606061 -22296 -24.3053
-0.0707071 -22281.1 -28.5231
-0.0808081 -22266.4 -32.7492
-0.0909091 -22254.5 -37.0701
-0.10101 -22243 -41.3996
-0.111111 -22233.9 -45.8065
-0.121212 -22225.2 -50.2216
-0.131313 -22218.6 -54.6962
-0.141414 -22212.3 -59.1783
-0.151515 -22207.8 -63.7063
-0.161616 -22203.6 -68.2411
-0.171717 -22200.8 -72.8122
-0.181818 -22198.3 -77.3896
-0.191919 -22197 -81.9963
-0.20202 -22195.8 -86.6087
-0.212121 -22195.6 -91.2445
-0.222222 -22195.5 -95.8853
-0.232323 -22196 -100.544
-0.242424 -22196.7 -105.206
-0.252525 -22197.9 -109.881
-0.262626 -22199.1 -114.558
-0.272727 -22200.6 -119.242
-0.282828 -22202.2 -123.926
-0.292929 -22204 -128.612
-0.30303 -22205.8 -133.297
-0.313131 -22207.8 -137.979
-0.323232 -22209.7 -142.657
-0.333333 -22211.6 -147.328
-0.343434 -22213.6 -151.993
-0.353535 -22215.5 -156.647
-0.363636 -22217.4 -161.293
-0.373737 -22219.3 -165.925
-0.383838 -22221.1 -170.547
-0.393939 -22222.9 -175.153
-0.40404 -22224.6 -179.746
-0.414141 -22226.3 -184.32
-0.424242 -22228 -188.881
-0.434343 -22229.6 -193.421
-0.444444 -22231.1 -197.944
-0.454545 -22232.6 -202.446
-0.464646 -22234 -206.93
-0.474747 -22235.4 -211.391
-0.484848 -22236.8 -215.832
-0.494949 -22238.1 -220.25
-0.505051 -22239.4 -224.645
-0.515152 -22240.7 -229.017
-0.525253 -22242 -233.363
-0.535354 -22243.2 -237.687
-0.545455 -22244.5 -241.983
-0.555556 -22245.7 -246.255
-0.565657 -22246.9 -250.498
-0.575758 -22248.1 -254.718
-0.585859 -22249.3 -258.906
-0.59596 -22250.5 -263.07
-0.606061 -22251.8 -267.2
-0.616162 -22253 -271.308
-0.626263 -22254.3 -275.378
-0.636364 -22255.5 -279.426
-0.646465 -22256.8 -283.435
-0.656566 -22258.2 -287.423
-0.666667 -22259.5 -291.368
-0.676768 -22260.9 -295.292
-0.686869 -22262.3 -299.173
-0.69697 -22263.7 -303.033
-0.707071 -22265.2 -306.846
-0.717172 -22266.6 -310.641
-0.727273 -22268.2 -314.387
-0.737374 -22269.7 -318.114
-0.747475 -22271.3 -321.791
-0.757576 -22272.9 -325.45
-0.767677 -22274.5 -329.058
-0.777778 -22276.2 -332.65
-0.787879 -22277.8 -336.188
-0.79798 -22279.5 -339.711
-0.808081 -22281.2 -343.18
-0.818182 -22282.9 -346.635
-0.828283 -22284.7 -350.034
-0.838384 -22286.4 -353.422
-0.848485 -22288.1 -356.754
-0.858586 -22289.8 -360.074
-0.868687 -22291.4 -363.339
-0.878788 -22293 -366.594
-0.888889 -22294.6 -369.792
-0.89899 -22296.1 -372.982
-0.909091 -22297.5 -376.115
-0.919192 -22298.9 -379.242
-0.929293 -22300.1 -382.313
-0.939394 -22301.3 -385.379
-0.949495 -22302.2 -388.391
-0.959596 -22303.2 -391.399
-0.969697 -22303.8 -394.364
-0.979798 -22304.4 -397.326
-0.989899 -22304.6 -400.206
-1 -22304.8 -403.084
