0 19633.3 0.00168035
-0.010101 20394.6 6.43243
-0.020202 20368.8 12.8679
-0.030303 20347.1 19.6162
-0.040404 20325.5 26.3671
-0.0505051 20307.8 33.1826
-0.0606061 20290.2 40.0057
-0.0707071 20276.2 46.9468
-0.0808081 20262.5 53.8974
-0.0909091 20251.8 60.9569
-0.10101 20241.5 68.0259
-0.111111 20233.8 75.1804
-0.121212 20226.4 82.3437
-0.131313 20221.1 89.5712
-0.141414 20216.2 96.8066
-0.151515 20213 104.09
-0.161616 20210 111.381
-0.171717 20208.5 118.709
-0.181818 20207.1 126.044
-0.191919 20206.8 133.406
-0.20202 20206.6 140.774
-0.212121 20207.2 148.163
-0.222222 20207.9 155.555
-0.232323 20209.2 162.961
-0.242424 20210.5 170.369
-0.252525 20212.2 177.784
-0.262626 20213.9 185.198
-0.272727 20215.8 192.613
-0.282828 20217.8 200.024
-0.292929 20219.8 207.43
-0.30303 20221.8 214.83
-0.313131 20223.9 222.218
-0.323232 20225.9 229.599
-0.333333 20227.9 236.963
-0.343434 20229.8 244.317
-0.353535 20231.7 251.65
-0.363636 20233.6 258.97
-0.373737 20235.3 266.266
-0.383838 20237.1 273.547
-0.393939 20238.7 280.801
-0.40404 20240.3 288.037
-0.414141 20241.8 295.244
-0.424242 20243.2 302.43
-0.434343 20244.6 309.586
-0.444444 20245.9 316.718
-0.454545 20247.2 323.82
-0.464646 20248.4 330.894
-0.474747 20249.6 337.937
-0.484848 20250.7 344.95
-0.494949 20251.8 351.93
-0.505051 20252.9 358.877
-0.515152 20254 365.792
-0.525253 20255 372.671
-0.535354 20256 379.517
-0.545455 20257.1 386.323
-0.555556 20258.1 393.097
-0.565657 20259.1 399.828
-0.575758 20260.1 406.525
-0.585859 20261.1 413.177
-0.59596 20262.1 419.795
-0.606061 20263.2 426.363
-0.616162 20264.2 432.899
-0.626263 20265.3 439.381
-0.636364 20266.4 445.83
-0.646465 20267.5 452.222
-0.656566 20268.7 458.582
-0.666667 20269.9 464.88
-0.676768 20271.1 471.146
-0.686869 20272.3 477.347
-0.69697 20273.6 483.517
-0.707071 20274.9 489.618
-0.717172 20276.2 495.688
-0.727273 20277.6 501.685
-0.737374 20279 507.653
-0.747475 20280.5 513.543
-0.757576 20282 519.405
-0.767677 20283.5 525.186
-0.777778 20285 530.941
-0.787879 20286.6 536.61
-0.79798 20288.2 542.256
-0.808081 20289.8 547.812
-0.818182 20291.4 553.345
-0.828283 20293.1 558.787
-0.838384 20294.7 564.208
-0.848485 20296.4 569.534
-0.858586 20298 574.842
-0.868687 20299.6 580.051
-0.878788 20301.3 585.244
-0.888889 20302.8 590.337
-0.89899 20304.3 595.416
-0.909091 20305.7 600.392
-0.919192 20307.1 605.357
-0.929293 20308.4 610.219
-0.939394 20309.6 615.072
-0.949495 20310.6 619.824
-0.959596 20311.5 624.569
-0.969697 20312.2 629.227
-0.979798 20312.8 633.882
-0.989899 20313.1 638.407
-1 20313.3 642.93
