0 -20491 -0.0016792
-0.010101 -21164.2 -5.63619
-0.020202 -21138.8 -11.2742
-0.030303 -21117 -17.1603
-0.040404 -21095.5 -23.0486
-0.0505051 -21077.5 -28.9879
-0.0606061 -21059.8 -34.9341
-0.0707071 -21045.5 -40.9876
-0.0808081 -21031.4 -47.0501
-0.0909091 -21020.3 -53.2146
-0.10101 -21009.5 -59.3882
-0.111111 -21001.4 -65.6431
-0.121212 -20993.5 -71.9064
-0.131313 -20987.8 -78.2314
-0.141414 -20982.4 -84.5642
-0.151515 -20978.8 -90.944
-0.161616 -20975.4 -97.3309
-0.171717 -20973.5 -103.754
-0.181818 -20971.7 -110.184
-0.191919 -20971.1 -116.643
-0.20202 -20970.6 -123.107
-0.212121 -20970.9 -129.593
-0.222222 -20971.4 -136.083
-0.232323 -20972.4 -142.589
-0.242424 -20973.5 -149.097
-0.252525 -20975 -155.613
-0.262626 -20976.6 -162.131
-0.272727 -20978.3 -168.651
-0.282828 -20980.2 -175.169
-0.292929 -20982.1 -181.684
-0.30303 -20984.1 -188.195
-0.313131 -20986.1 -194.697
-0.323232 -20988 -201.192
-0.333333 -20990 -207.675
-0.343434 -20991.9 -214.149
-0.353535 -20993.8 -220.605
-0.363636 -20995.7 -227.05
-0.373737 -20997.5 -233.475
-0.383838 -20999.2 -239.886
-0.393939 -21000.9 -246.274
-0.40404 -21002.5 -252.646
-0.414141 -21004 -258.993
-0.424242 -21005.5 -265.321
-0.434343 -21006.9 -271.623
-0.444444 -21008.3 -277.904
-0.454545 -21009.6 -284.157
-0.464646 -21010.9 -290.387
-0.474747 -21012.1 -296.588
-0.484848 -21013.3 -302.763
-0.494949 -21014.5 -308.909
-0.505051 -21015.7 -315.026
-0.515152 -21016.8 -321.114
-0.525253 -21017.9 -327.169
-0.535354 -21018.9 -333.196
-0.545455 -21020 -339.187
-0.555556 -21021.1 -345.149
-0.565657 -21022.2 -351.073
-0.575758 -21023.2 -356.968
-0.585859 -21024.3 -362.822
-0.59596 -21025.4 -368.646
-0.606061 -21026.5 -374.426
-0.616162 -21027.6 -380.177
-0.626263 -21028.7 -385.881
-0.636364 -21029.9 -391.555
-0.646465 -21031.1 -397.179
-0.656566 -21032.3 -402.774
-0.666667 -21033.5 -408.315
-0.676768 -21034.8 -413.828
-0.686869 -21036.1 -419.284
-0.69697 -21037.4 -424.712
-0.707071 -21038.7 -430.079
-0.717172 -21040.1 -435.419
-0.727273 -21041.6 -440.695
-0.737374 -21043 -445.946
-0.747475 -21044.5 -451.128
-0.757576 -21046 -456.286
-0.767677 -21047.6 -461.374
-0.777778 -21049.2 -466.438
-0.787879 -21050.8 -471.429
-0.79798 -21052.4 -476.398
-0.808081 -21054.1 -481.29
-0.818182 -21055.7 -486.163
-0.828283 -21057.4 -490.957
-0.838384 -21059.1 -495.733
-0.848485 -21060.8 -500.426
-0.858586 -21062.4 -505.105
-0.868687 -21064.1 -509.699
-0.878788 -21065.7 -514.28
-0.888889 -21067.2 -518.775
-0.89899 -21068.8 -523.258
-0.909091 -21070.2 -527.654
-0.919192 -21071.6 -532.04
-0.929293 -21072.8 -536.339
-0.939394 -21074 -540.63
-0.949495 -21075 -544.836
-0.959596 -21076 -549.037
-0.969697 -21076.6 -553.165
-0.979798 -21077.2 -557.291
-0.989899 -21077.5 -561.3
-1 -21077.7 -565.306
