0 13377 0.00165331
-0.010101 12131 -11.2768
-0.020202 12134.5 -22.5756
-0.030303 12133.8 -34.7998
-0.040404 12133 -47.0322
-0.0505051 12129.3 -59.4606
-0.0606061 12125.5 -71.8986
-0.0707071 12119.9 -84.4865
-0.0808081 12114.3 -97.0828
-0.0909091 12107.7 -109.775
-0.10101 12101.1 -122.474
-0.111111 12094.2 -135.23
-0.121212 12087.3 -147.991
-0.131313 12080.5 -160.786
-0.141414 12073.8 -173.584
-0.151515 12067.4 -186.399
-0.161616 12061.2 -199.215
-0.171717 12055.6 -212.036
-0.181818 12050 -224.856
-0.191919 12045.2 -237.67
-0.20202 12040.4 -250.48
-0.212121 12036.4 -263.275
-0.222222 12032.5 -276.064
-0.232323 12029.3 -288.828
-0.242424 12026.2 -301.584
-0.252525 12023.7 -314.308
-0.262626 12021.4 -327.021
-0.272727 12019.6 -339.697
-0.282828 12018 -352.358
-0.292929 12016.7 -364.979
-0.30303 12015.7 -377.582
-0.313131 12015 -390.143
-0.323232 12014.4 -402.682
-0.333333 12014.1 -415.177
-0.343434 12014 -427.648
-0.353535 12014 -440.072
-0.363636 12014.2 -452.471
-0.373737 12014.5 -464.822
-0.383838 12014.9 -477.143
-0.393939 12015.4 -489.417
-0.40404 12016 -501.659
-0.414141 12016.7 -513.851
-0.424242 12017.4 -526.009
-0.434343 12018.2 -538.117
-0.444444 12019 -550.186
-0.454545 12019.8 -562.205
-0.464646 12020.7 -574.182
-0.474747 12021.5 -586.108
-0.484848 12022.4 -597.988
-0.494949 12023.3 -609.816
-0.505051 12024.2 -621.594
-0.515152 12025.1 -633.32
-0.525253 12026 -644.991
-0.535354 12026.9 -656.609
-0.545455 12027.8 -668.167
-0.555556 12028.7 -679.672
-0.565657 12029.6 -691.111
-0.575758 12030.5 -702.497
-0.585859 12031.3 -713.81
-0.59596 12032.2 -725.071
-0.606061 12033.1 -736.252
-0.616162 12033.9 -747.381
-0.626263 12034.8 -758.423
-0.636364 12035.6 -769.412
-0.646465 12036.5 -780.308
-0.656566 12037.3 -791.151
-0.666667 12038.2 -801.893
-0.676768 12039 -812.582
-0.686869 12039.8 -823.161
-0.69697 12040.6 -833.688
-0.707071 12041.4 -844.096
-0.717172 12042.2 -854.453
-0.727273 12043 -864.681
-0.737374 12043.8 -874.86
-0.747475 12044.5 -884.9
-0.757576 12045.3 -894.891
-0.767677 12046 -904.734
-0.777778 12046.7 -914.529
-0.787879 12047.3 -924.165
-0.79798 12048 -933.757
-0.808081 12048.5 -943.178
-0.818182 12049.1 -952.557
-0.828283 12049.6 -961.755
-0.838384 12050.1 -970.913
-0.848485 12050.5 -979.88
-0.858586 12050.9 -988.811
-0.868687 12051.2 -997.539
-0.878788 12051.5 -1006.24
-0.888889 12051.7 -1014.72
-0.89899 12051.9 -1023.18
-0.909091 12051.9 -1031.41
-0.919192 12052 -1039.63
-0.929293 12052 -1047.61
-0.939394 12052 -1055.58
-0.949495 12051.9 -1063.32
-0.959596 12051.8 -1071.05
-0.969697 12051.7 -1078.57
-0.979798 12051.6 -1086.08
-0.989899 12051.5 -1093.4
-1 12051.4 -1100.73
