0 21251.7 0.00199396
-0.010101 21833.7 4.81517
-0.020202 21808.7 9.63017
-0.030303 21787.1 14.6275
-0.040404 21765.6 19.6263
-0.0505051 21747.6 24.662
-0.0606061 21729.7 29.7039
-0.0707071 21715.1 34.8418
-0.0808081 21700.8 39.988
-0.0909091 21689.3 45.2287
-0.10101 21678.2 50.478
-0.111111 21669.6 55.8039
-0.121212 21661.4 61.1379
-0.131313 21655.2 66.5307
-0.141414 21649.4 71.9309
-0.151515 21645.4 77.3767
-0.161616 21641.6 82.8293
-0.171717 21639.3 88.3179
-0.181818 21637.2 93.8128
-0.191919 21636.2 99.3366
-0.20202 21635.4 104.866
-0.212121 21635.4 110.418
-0.222222 21635.6 115.975
-0.232323 21636.4 121.549
-0.242424 21637.3 127.125
-0.252525 21638.6 132.713
-0.262626 21640 138.302
-0.272727 21641.6 143.895
-0.282828 21643.3 149.489
-0.292929 21645.2 155.081
-0.30303 21647 160.671
-0.313131 21649 166.255
-0.323232 21650.9 171.835
-0.333333 21652.8 177.404
-0.343434 21654.7 182.966
-0.353535 21656.6 188.514
-0.363636 21658.5 194.052
-0.373737 21660.2 199.574
-0.383838 21662 205.084
-0.393939 21663.7 210.575
-0.40404 21665.3 216.051
-0.414141 21666.9 221.507
-0.424242 21668.4 226.946
-0.434343 21669.9 232.362
-0.444444 21671.3 237.76
-0.454545 21672.7 243.135
-0.464646 21674 248.488
-0.474747 21675.3 253.817
-0.484848 21676.6 259.123
-0.494949 21677.8 264.404
-0.505051 21679 269.659
-0.515152 21680.1 274.889
-0.525253 21681.3 280.091
-0.535354 21682.4 285.268
-0.545455 21683.5 290.414
-0.555556 21684.7 295.535
-0.565657 21685.8 300.622
-0.575758 21686.9 305.684
-0.585859 21688 310.71
-0.59596 21689.2 315.711
-0.606061 21690.3 320.673
-0.616162 21691.5 325.61
-0.626263 21692.7 330.506
-0.636364 21693.9 335.377
-0.646465 21695.1 340.203
-0.656566 21696.4 345.006
-0.666667 21697.6 349.761
-0.676768 21698.9 354.492
-0.686869 21700.3 359.173
-0.69697 21701.7 363.831
-0.707071 21703.1 368.437
-0.717172 21704.5 373.02
-0.727273 21706 377.547
-0.737374 21707.5 382.053
-0.747475 21709 386.501
-0.757576 21710.6 390.928
-0.767677 21712.2 395.295
-0.777778 21713.8 399.643
-0.787879 21715.4 403.928
-0.79798 21717.1 408.195
-0.808081 21718.8 412.397
-0.818182 21720.5 416.584
-0.828283 21722.2 420.704
-0.838384 21723.9 424.809
-0.848485 21725.5 428.846
-0.858586 21727.2 432.87
-0.868687 21728.9 436.824
-0.878788 21730.5 440.768
-0.888889 21732 444.64
-0.89899 21733.6 448.503
-0.909091 21735 452.295
-0.919192 21736.4 456.079
-0.929293 21737.6 459.791
-0.939394 21738.8 463.497
-0.949495 21739.8 467.134
-0.959596 21740.7 470.767
-0.969697 21741.3 474.343
-0.979798 21742 477.916
-0.989899 21742.2 481.387
-1 21742.4 484.855
