0 13377 0.00165331
-0.010101 12131 -11.2763
-0.020202 12134.5 -22.5745
-0.030303 12133.8 -34.7982
-0.040404 12133 -47.0301
-0.0505051 12129.3 -59.4581
-0.0606061 12125.5 -71.8958
-0.0707071 12119.9 -84.4835
-0.0808081 12114.3 -97.0796
-0.0909091 12107.7 -109.772
-0.10101 12101.1 -122.47
-0.111111 12094.2 -135.227
-0.121212 12087.3 -147.988
-0.131313 12080.5 -160.783
-0.141414 12073.8 -173.581
-0.151515 12067.4 -186.396
-0.161616 12061.2 -199.212
-0.171717 12055.6 -212.034
-0.181818 12050 -224.854
-0.191919 12045.2 -237.669
-0.20202 12040.5 -250.479
-0.212121 12036.4 -263.275
-0.222222 12032.5 -276.064
-0.232323 12029.3 -288.829
-0.242424 12026.2 -301.585
-0.252525 12023.7 -314.311
-0.262626 12021.4 -327.024
-0.272727 12019.6 -339.701
-0.282828 12018 -352.363
-0.292929 12016.8 -364.985
-0.30303 12015.7 -377.589
-0.313131 12015 -390.15
-0.323232 12014.4 -402.69
-0.333333 12014.2 -415.186
-0.343434 12014 -427.658
-0.353535 12014.1 -440.084
-0.363636 12014.2 -452.483
-0.373737 12014.5 -464.835
-0.383838 12014.9 -477.158
-0.393939 12015.5 -489.433
-0.40404 12016 -501.675
-0.414141 12016.7 -513.869
-0.424242 12017.4 -526.027
-0.434343 12018.2 -538.137
-0.444444 12019 -550.207
-0.454545 12019.8 -562.227
-0.464646 12020.7 -574.205
-0.474747 12021.6 -586.133
-0.484848 12022.4 -598.013
-0.494949 12023.3 -609.843
-0.505051 12024.2 -621.622
-0.515152 12025.1 -633.349
-0.525253 12026 -645.021
-0.535354 12026.9 -656.641
-0.545455 12027.8 -668.199
-0.555556 12028.7 -679.706
-0.565657 12029.6 -691.145
-0.575758 12030.5 -702.533
-0.585859 12031.4 -713.847
-0.59596 12032.2 -725.109
-0.606061 12033.1 -736.291
-0.616162 12034 -747.421
-0.626263 12034.8 -758.464
-0.636364 12035.7 -769.455
-0.646465 12036.5 -780.352
-0.656566 12037.4 -791.196
-0.666667 12038.2 -801.938
-0.676768 12039 -812.628
-0.686869 12039.8 -823.208
-0.69697 12040.7 -833.736
-0.707071 12041.5 -844.145
-0.717172 12042.3 -854.503
-0.727273 12043 -864.732
-0.737374 12043.8 -874.912
-0.747475 12044.6 -884.953
-0.757576 12045.3 -894.945
-0.767677 12046 -904.788
-0.777778 12046.7 -914.585
-0.787879 12047.4 -924.222
-0.79798 12048 -933.814
-0.808081 12048.6 -943.236
-0.818182 12049.1 -952.616
-0.828283 12049.6 -961.815
-0.838384 12050.1 -970.974
-0.848485 12050.5 -979.942
-0.858586 12050.9 -988.873
-0.868687 12051.2 -997.603
-0.878788 12051.5 -1006.3
-0.888889 12051.7 -1014.79
-0.89899 12051.9 -1023.24
-0.909091 12052 -1031.48
-0.919192 12052 -1039.69
-0.929293 12052 -1047.68
-0.939394 12052 -1055.65
-0.949495 12051.9 -1063.39
-0.959596 12051.8 -1071.12
-0.969697 12051.7 -1078.64
-0.979798 12051.6 -1086.15
-0.989899 12051.5 -1093.48
-1 12051.5 -1100.8
