0 21703.2 0.00222322
-0.010101 22222.8 4.25524
-0.020202 22198.2 8.50895
-0.030303 22176.7 12.9004
-0.040404 22155.4 17.2931
-0.0505051 22137.3 21.713
-0.0606061 22119.4 26.1386
-0.0707071 22104.7 30.6525
-0.0808081 22090.2 35.174
-0.0909091 22078.5 39.7849
-0.10101 22067.2 44.4038
-0.111111 22058.4 49.096
-0.121212 22049.8 53.796
-0.131313 22043.4 58.5527
-0.141414 22037.4 63.3166
-0.151515 22033.1 68.1247
-0.161616 22029 72.9396
-0.171717 22026.5 77.7899
-0.181818 22024.1 82.6465
-0.191919 22022.9 87.532
-0.20202 22021.9 92.4232
-0.212121 22021.7 97.3376
-0.222222 22021.7 102.257
-0.232323 22022.4 107.194
-0.242424 22023.1 112.134
-0.252525 22024.3 117.087
-0.262626 22025.6 122.041
-0.272727 22027.1 127.002
-0.282828 22028.7 131.963
-0.292929 22030.5 136.925
-0.30303 22032.3 141.886
-0.313131 22034.2 146.842
-0.323232 22036.1 151.795
-0.333333 22038 156.74
-0.343434 22039.9 161.678
-0.353535 22041.7 166.606
-0.363636 22043.6 171.524
-0.373737 22045.4 176.429
-0.383838 22047.1 181.323
-0.393939 22048.8 186.2
-0.40404 22050.5 191.064
-0.414141 22052.1 195.91
-0.424242 22053.6 200.741
-0.434343 22055.1 205.552
-0.444444 22056.6 210.347
-0.454545 22058 215.12
-0.464646 22059.3 219.875
-0.474747 22060.6 224.608
-0.484848 22061.9 229.32
-0.494949 22063.2 234.009
-0.505051 22064.4 238.676
-0.515152 22065.6 243.319
-0.525253 22066.8 247.938
-0.535354 22067.9 252.534
-0.545455 22069.1 257.102
-0.555556 22070.3 261.648
-0.565657 22071.4 266.164
-0.575758 22072.6 270.656
-0.585859 22073.7 275.117
-0.59596 22074.9 279.555
-0.606061 22076.1 283.959
-0.616162 22077.3 288.339
-0.626263 22078.5 292.684
-0.636364 22079.7 297.005
-0.646465 22081 301.288
-0.656566 22082.3 305.548
-0.666667 22083.6 309.767
-0.676768 22084.9 313.964
-0.686869 22086.3 318.117
-0.69697 22087.7 322.249
-0.707071 22089.1 326.334
-0.717172 22090.6 330.4
-0.727273 22092.1 334.416
-0.737374 22093.6 338.413
-0.747475 22095.1 342.36
-0.757576 22096.7 346.288
-0.767677 22098.3 350.163
-0.777778 22100 354.021
-0.787879 22101.6 357.825
-0.79798 22103.3 361.613
-0.808081 22105 365.344
-0.818182 22106.7 369.062
-0.828283 22108.4 372.722
-0.838384 22110.1 376.369
-0.848485 22111.8 379.957
-0.858586 22113.5 383.535
-0.868687 22115.2 387.052
-0.878788 22116.8 390.561
-0.888889 22118.3 394.008
-0.89899 22119.9 397.448
-0.909091 22121.3 400.827
-0.919192 22122.7 404.199
-0.929293 22123.9 407.511
-0.939394 22125.1 410.817
-0.949495 22126 414.066
-0.959596 22126.9 417.311
-0.969697 22127.5 420.509
-0.979798 22128.2 423.705
-0.989899 22128.4 426.807
-1 22128.6 429.908
