0 23388.7 0.00155129
-0.010101 23113.7 -2.82628
-0.020202 23097.2 -5.66349
-0.030303 23080.7 -8.89044
-0.040404 23064.3 -12.1209
-0.0505051 23048.8 -15.4352
-0.0606061 23033.3 -18.7504
-0.0707071 23019.3 -22.0795
-0.0808081 23005.5 -25.4072
-0.0909091 22993.2 -28.7194
-0.10101 22981.2 -32.0288
-0.111111 22970.9 -35.3144
-0.121212 22960.8 -38.5966
-0.131313 22952.4 -41.8545
-0.141414 22944.3 -45.1084
-0.151515 22937.7 -48.3388
-0.161616 22931.4 -51.5646
-0.171717 22926.4 -54.7666
-0.181818 22921.7 -57.9633
-0.191919 22918.2 -61.1354
-0.20202 22915 -64.3012
-0.212121 22912.7 -67.4416
-0.222222 22910.6 -70.5748
-0.232323 22909.3 -73.6825
-0.242424 22908.3 -76.7822
-0.252525 22907.8 -79.8569
-0.262626 22907.6 -82.9233
-0.272727 22907.8 -85.9661
-0.282828 22908.1 -89.0003
-0.292929 22908.8 -92.0127
-0.30303 22909.6 -95.0166
-0.313131 22910.6 -98.0008
-0.323232 22911.7 -100.977
-0.333333 22913 -103.935
-0.343434 22914.3 -106.885
-0.353535 22915.7 -109.819
-0.363636 22917.2 -112.745
-0.373737 22918.7 -115.657
-0.383838 22920.2 -118.561
-0.393939 22921.8 -121.452
-0.40404 22923.4 -124.335
-0.414141 22924.9 -127.206
-0.424242 22926.4 -130.069
-0.434343 22928 -132.922
-0.444444 22929.5 -135.765
-0.454545 22931 -138.598
-0.464646 22932.4 -141.423
-0.474747 22933.9 -144.237
-0.484848 22935.3 -147.041
-0.494949 22936.7 -149.836
-0.505051 22938.1 -152.62
-0.515152 22939.5 -155.394
-0.525253 22940.9 -158.156
-0.535354 22942.2 -160.909
-0.545455 22943.6 -163.649
-0.555556 22944.9 -166.379
-0.565657 22946.3 -169.095
-0.575758 22947.6 -171.801
-0.585859 22948.9 -174.492
-0.59596 22950.3 -177.171
-0.606061 22951.6 -179.835
-0.616162 22953 -182.487
-0.626263 22954.3 -185.12
-0.636364 22955.7 -187.742
-0.646465 22957.1 -190.344
-0.656566 22958.5 -192.934
-0.666667 22960 -195.501
-0.676768 22961.4 -198.056
-0.686869 22962.9 -200.586
-0.69697 22964.3 -203.104
-0.707071 22965.8 -205.593
-0.717172 22967.4 -208.07
-0.727273 22968.9 -210.515
-0.737374 22970.4 -212.947
-0.747475 22972 -215.344
-0.757576 22973.6 -217.729
-0.767677 22975.2 -220.074
-0.777778 22976.8 -222.407
-0.787879 22978.4 -224.695
-0.79798 22980 -226.972
-0.808081 22981.6 -229.2
-0.818182 22983.1 -231.416
-0.828283 22984.7 -233.579
-0.838384 22986.2 -235.73
-0.848485 22987.7 -237.823
-0.858586 22989.2 -239.904
-0.868687 22990.6 -241.924
-0.878788 22991.9 -243.932
-0.888889 22993.2 -245.874
-0.89899 22994.5 -247.806
-0.909091 22995.6 -249.667
-0.919192 22996.6 -251.52
-0.929293 22997.5 -253.298
-0.939394 22998.4 -255.069
-0.949495 22999.1 -256.764
-0.959596 22999.7 -258.454
-0.969697 23000.1 -260.067
-0.979798 23000.5 -261.676
-0.989899 23000.6 -263.26
-1 23000.8 -264.843
