0 -22630.5 -0.00221827
-0.010101 -22989.6 -2.81397
-0.020202 -22966.1 -5.62417
-0.030303 -22945.2 -8.46049
-0.040404 -22924.4 -11.297
-0.0505051 -22906.4 -14.1376
-0.0606061 -22888.6 -16.9826
-0.0707071 -22873.6 -19.8961
-0.0808081 -22858.9 -22.8162
-0.0909091 -22846.8 -25.8121
-0.10101 -22835 -28.8152
-0.111111 -22825.6 -31.883
-0.121212 -22816.6 -34.9578
-0.131313 -22809.6 -38.0841
-0.141414 -22802.9 -41.2171
-0.151515 -22798 -44.3913
-0.161616 -22793.3 -47.5719
-0.171717 -22790.2 -50.7866
-0.181818 -22787.2 -54.0077
-0.191919 -22785.5 -57.2576
-0.20202 -22784 -60.5137
-0.212121 -22783.3 -63.7942
-0.222222 -22782.9 -67.0803
-0.232323 -22783.1 -70.3864
-0.242424 -22783.5 -73.6973
-0.252525 -22784.3 -77.0235
-0.262626 -22785.3 -80.3532
-0.272727 -22786.6 -83.6934
-0.282828 -22788 -87.0358
-0.292929 -22789.6 -90.3839
-0.30303 -22791.2 -93.7326
-0.313131 -22792.9 -97.0826
-0.323232 -22794.7 -100.431
-0.333333 -22796.5 -103.778
-0.343434 -22798.3 -107.121
-0.353535 -22800.1 -110.458
-0.363636 -22801.9 -113.791
-0.373737 -22803.7 -117.115
-0.383838 -22805.5 -120.433
-0.393939 -22807.2 -123.739
-0.40404 -22808.8 -127.038
-0.414141 -22810.5 -130.324
-0.424242 -22812 -133.6
-0.434343 -22813.6 -136.862
-0.444444 -22815.1 -140.113
-0.454545 -22816.5 -143.349
-0.464646 -22818 -146.572
-0.474747 -22819.3 -149.779
-0.484848 -22820.7 -152.972
-0.494949 -22822 -156.149
-0.505051 -22823.3 -159.31
-0.515152 -22824.6 -162.454
-0.525253 -22825.8 -165.581
-0.535354 -22827.1 -168.692
-0.545455 -22828.3 -171.783
-0.555556 -22829.5 -174.857
-0.565657 -22830.7 -177.911
-0.575758 -22832 -180.949
-0.585859 -22833.2 -183.964
-0.59596 -22834.4 -186.963
-0.606061 -22835.7 -189.938
-0.616162 -22836.9 -192.897
-0.626263 -22838.2 -195.83
-0.636364 -22839.5 -198.748
-0.646465 -22840.8 -201.638
-0.656566 -22842.2 -204.514
-0.666667 -22843.5 -207.36
-0.676768 -22844.9 -210.192
-0.686869 -22846.3 -212.994
-0.69697 -22847.8 -215.781
-0.707071 -22849.3 -218.537
-0.717172 -22850.8 -221.28
-0.727273 -22852.3 -223.99
-0.737374 -22853.9 -226.687
-0.747475 -22855.5 -229.351
-0.757576 -22857.1 -232.003
-0.767677 -22858.8 -234.621
-0.777778 -22860.4 -237.228
-0.787879 -22862.1 -239.8
-0.79798 -22863.8 -242.363
-0.808081 -22865.6 -244.89
-0.818182 -22867.3 -247.409
-0.828283 -22869 -249.893
-0.838384 -22870.7 -252.369
-0.848485 -22872.4 -254.811
-0.858586 -22874.1 -257.246
-0.868687 -22875.7 -259.647
-0.878788 -22877.3 -262.042
-0.888889 -22878.9 -264.404
-0.89899 -22880.4 -266.76
-0.909091 -22881.7 -269.084
-0.919192 -22883.1 -271.404
-0.929293 -22884.3 -273.691
-0.939394 -22885.4 -275.976
-0.949495 -22886.3 -278.231
-0.959596 -22887.2 -280.484
-0.969697 -22887.8 -282.716
-0.979798 -22888.4 -284.948
-0.989899 -22888.6 -287.108
-1 -22888.8 -289.268
