0 14479.8 0.00153886
-0.010101 15599.1 9.70385
-0.020202 15574.4 19.4159
-0.030303 15554.8 29.6817
-0.040404 15535.3 39.9512
-0.0505051 15520.4 50.3116
-0.0606061 15505.6 60.6808
-0.0707071 15494.7 71.188
-0.0808081 15484 81.7058
-0.0909091 15476.5 92.3463
-0.10101 15469.2 102.997
-0.111111 15464.3 113.745
-0.121212 15459.8 124.502
-0.131313 15457.1 135.332
-0.141414 15454.6 146.171
-0.151515 15453.5 157.065
-0.161616 15452.6 167.966
-0.171717 15452.7 178.908
-0.181818 15453 189.856
-0.191919 15453.9 200.831
-0.20202 15454.9 211.811
-0.212121 15456.3 222.808
-0.222222 15457.8 233.807
-0.232323 15459.5 244.813
-0.242424 15461.2 255.819
-0.252525 15463.1 266.823
-0.262626 15464.9 277.824
-0.272727 15466.8 288.816
-0.282828 15468.6 299.802
-0.292929 15470.4 310.772
-0.30303 15472.1 321.733
-0.313131 15473.8 332.673
-0.323232 15475.4 343.6
-0.333333 15476.9 354.502
-0.343434 15478.4 365.388
-0.353535 15479.8 376.244
-0.363636 15481.2 387.081
-0.373737 15482.4 397.884
-0.383838 15483.6 408.665
-0.393939 15484.8 419.41
-0.40404 15485.9 430.129
-0.414141 15486.9 440.809
-0.424242 15487.9 451.459
-0.434343 15488.9 462.069
-0.444444 15489.9 472.646
-0.454545 15490.8 483.18
-0.464646 15491.6 493.676
-0.474747 15492.5 504.129
-0.484848 15493.3 514.541
-0.494949 15494.1 524.907
-0.505051 15495 535.228
-0.515152 15495.8 545.503
-0.525253 15496.6 555.728
-0.535354 15497.4 565.906
-0.545455 15498.2 576.029
-0.555556 15499 586.106
-0.565657 15499.8 596.122
-0.575758 15500.6 606.091
-0.585859 15501.4 615.995
-0.59596 15502.2 625.851
-0.606061 15503.1 635.637
-0.616162 15503.9 645.376
-0.626263 15504.8 655.038
-0.636364 15505.6 664.654
-0.646465 15506.6 674.187
-0.656566 15507.5 683.674
-0.666667 15508.4 693.073
-0.676768 15509.4 702.426
-0.686869 15510.4 711.685
-0.69697 15511.4 720.899
-0.707071 15512.4 730.012
-0.717172 15513.4 739.082
-0.727273 15514.5 748.044
-0.737374 15515.6 756.965
-0.747475 15516.8 765.771
-0.757576 15518 774.537
-0.767677 15519.2 783.182
-0.777778 15520.4 791.789
-0.787879 15521.6 800.269
-0.79798 15522.9 808.713
-0.808081 15524.2 817.022
-0.818182 15525.5 825.299
-0.828283 15526.9 833.435
-0.838384 15528.2 841.54
-0.848485 15529.6 849.499
-0.858586 15531 857.43
-0.868687 15532.4 865.209
-0.878788 15533.7 872.964
-0.888889 15535.1 880.56
-0.89899 15536.4 888.136
-0.909091 15537.7 895.549
-0.919192 15538.9 902.944
-0.929293 15540 910.174
-0.939394 15541.2 917.39
-0.949495 15542.1 924.444
-0.959596 15543 931.488
-0.969697 15543.6 938.388
-0.979798 15544.2 945.282
-0.989899 15544.5 951.984
-1 15544.7 958.681
