0 -14047.8 -0.00156042
-0.010101 -15187.6 -9.88485
-0.020202 -15162.1 -19.779
-0.030303 -15141.8 -30.2806
-0.040404 -15121.7 -40.7874
-0.0505051 -15106.1 -51.4214
-0.0606061 -15090.8 -62.0658
-0.0707071 -15079.5 -72.8723
-0.0808081 -15068.4 -83.6905
-0.0909091 -15060.6 -94.6442
-0.10101 -15053 -105.609
-0.111111 -15048 -116.674
-0.121212 -15043.4 -127.749
-0.131313 -15040.7 -138.896
-0.141414 -15038.3 -150.052
-0.151515 -15037.4 -161.259
-0.161616 -15036.7 -172.474
-0.171717 -15037.1 -183.725
-0.181818 -15037.7 -194.981
-0.191919 -15039 -206.263
-0.20202 -15040.5 -217.548
-0.212121 -15042.4 -228.848
-0.222222 -15044.4 -240.149
-0.232323 -15046.7 -251.456
-0.242424 -15049 -262.76
-0.252525 -15051.4 -274.061
-0.262626 -15053.8 -285.358
-0.272727 -15056.2 -296.642
-0.282828 -15058.6 -307.919
-0.292929 -15060.9 -319.176
-0.30303 -15063.2 -330.422
-0.313131 -15065.4 -341.643
-0.323232 -15067.5 -352.849
-0.333333 -15069.5 -364.025
-0.343434 -15071.4 -375.183
-0.353535 -15073.1 -386.306
-0.363636 -15074.8 -397.407
-0.373737 -15076.4 -408.471
-0.383838 -15077.9 -419.509
-0.393939 -15079.2 -430.507
-0.40404 -15080.5 -441.475
-0.414141 -15081.7 -452.401
-0.424242 -15082.8 -463.295
-0.434343 -15083.9 -474.144
-0.444444 -15084.9 -484.957
-0.454545 -15085.8 -495.725
-0.464646 -15086.7 -506.452
-0.474747 -15087.5 -517.132
-0.484848 -15088.3 -527.769
-0.494949 -15089 -538.357
-0.505051 -15089.7 -548.898
-0.515152 -15090.4 -559.39
-0.525253 -15091.1 -569.829
-0.535354 -15091.8 -580.22
-0.545455 -15092.4 -590.553
-0.555556 -15093.1 -600.837
-0.565657 -15093.7 -611.058
-0.575758 -15094.4 -621.23
-0.585859 -15095.1 -631.334
-0.59596 -15095.7 -641.389
-0.606061 -15096.4 -651.371
-0.616162 -15097.1 -661.303
-0.626263 -15097.9 -671.155
-0.636364 -15098.6 -680.959
-0.646465 -15099.4 -690.677
-0.656566 -15100.2 -700.347
-0.666667 -15101 -709.924
-0.676768 -15101.9 -719.454
-0.686869 -15102.8 -728.884
-0.69697 -15103.7 -738.268
-0.707071 -15104.7 -747.546
-0.717172 -15105.7 -756.779
-0.727273 -15106.7 -765.898
-0.737374 -15107.8 -774.973
-0.747475 -15108.9 -783.928
-0.757576 -15110.1 -792.841
-0.767677 -15111.3 -801.626
-0.777778 -15112.5 -810.371
-0.787879 -15113.7 -818.981
-0.79798 -15115 -827.553
-0.808081 -15116.4 -835.984
-0.818182 -15117.7 -844.379
-0.828283 -15119.1 -852.626
-0.838384 -15120.5 -860.841
-0.848485 -15121.9 -868.901
-0.858586 -15123.3 -876.931
-0.868687 -15124.8 -884.8
-0.878788 -15126.2 -892.644
-0.888889 -15127.6 -900.321
-0.89899 -15129 -907.975
-0.909091 -15130.3 -915.458
-0.919192 -15131.6 -922.923
-0.929293 -15132.8 -930.213
-0.939394 -15133.9 -937.489
-0.949495 -15134.9 -944.594
-0.959596 -15135.8 -951.687
-0.969697 -15136.5 -958.628
-0.979798 -15137.1 -965.561
-0.989899 -15137.4 -972.311
-1 -15137.6 -979.058
