0 4438.8 0.000561618
-0.010101 2986.29 -12.9626
-0.020202 2999.86 -25.946
-0.030303 3007.93 -39.9068
-0.040404 3015.82 -53.8761
-0.0505051 3019.55 -68.0519
-0.0606061 3023.08 -82.2395
-0.0707071 3023.58 -96.6125
-0.0808081 3023.9 -110.997
-0.0909091 3022.12 -125.514
-0.10101 3020.19 -140.04
-0.111111 3016.91 -154.654
-0.121212 3013.53 -169.276
-0.131313 3009.38 -183.954
-0.141414 3005.18 -198.639
-0.151515 3000.64 -213.359
-0.161616 2996.09 -228.083
-0.171717 2991.52 -242.826
-0.181818 2986.99 -257.571
-0.191919 2982.63 -272.322
-0.20202 2978.36 -287.071
-0.212121 2974.39 -301.815
-0.222222 2970.53 -316.554
-0.232323 2967.04 -331.277
-0.242424 2963.68 -345.992
-0.252525 2960.72 -360.682
-0.262626 2957.9 -375.36
-0.272727 2955.47 -390.005
-0.282828 2953.18 -404.635
-0.292929 2951.25 -419.226
-0.30303 2949.46 -433.798
-0.313131 2948 -448.326
-0.323232 2946.67 -462.831
-0.333333 2945.61 -477.289
-0.343434 2944.68 -491.721
-0.353535 2943.97 -506.102
-0.363636 2943.38 -520.453
-0.373737 2942.97 -534.752
-0.383838 2942.65 -549.017
-0.393939 2942.47 -563.227
-0.40404 2942.38 -577.4
-0.414141 2942.39 -591.517
-0.424242 2942.46 -605.593
-0.434343 2942.62 -619.612
-0.444444 2942.82 -633.585
-0.454545 2943.08 -647.5
-0.464646 2943.38 -661.365
-0.474747 2943.71 -675.171
-0.484848 2944.06 -688.921
-0.494949 2944.44 -702.612
-0.505051 2944.84 -716.243
-0.515152 2945.24 -729.814
-0.525253 2945.65 -743.318
-0.535354 2946.07 -756.761
-0.545455 2946.49 -770.133
-0.555556 2946.9 -783.443
-0.565657 2947.31 -796.675
-0.575758 2947.72 -809.845
-0.585859 2948.11 -822.93
-0.59596 2948.5 -835.952
-0.606061 2948.88 -848.882
-0.616162 2949.25 -861.75
-0.626263 2949.6 -874.517
-0.636364 2949.95 -887.222
-0.646465 2950.27 -899.818
-0.656566 2950.59 -912.353
-0.666667 2950.88 -924.769
-0.676768 2951.16 -937.125
-0.686869 2951.42 -949.352
-0.69697 2951.66 -961.52
-0.707071 2951.88 -973.55
-0.717172 2952.07 -985.521
-0.727273 2952.24 -997.344
-0.737374 2952.39 -1009.11
-0.747475 2952.49 -1020.72
-0.757576 2952.58 -1032.27
-0.767677 2952.62 -1043.65
-0.777778 2952.65 -1054.98
-0.787879 2952.62 -1066.12
-0.79798 2952.57 -1077.22
-0.808081 2952.45 -1088.12
-0.818182 2952.32 -1098.98
-0.828283 2952.13 -1109.63
-0.838384 2951.91 -1120.23
-0.848485 2951.63 -1130.63
-0.858586 2951.33 -1140.98
-0.868687 2950.96 -1151.11
-0.878788 2950.57 -1161.2
-0.888889 2950.13 -1171.05
-0.89899 2949.68 -1180.87
-0.909091 2949.19 -1190.45
-0.919192 2948.69 -1200.01
-0.929293 2948.18 -1209.31
-0.939394 2947.67 -1218.59
-0.949495 2947.19 -1227.63
-0.959596 2946.72 -1236.65
-0.969697 2946.35 -1245.44
-0.979798 2945.99 -1254.22
-0.989899 2945.84 -1262.78
-1 2945.7 -1271.34
