0 21703.2 0.00222322
-0.010101 22222.8 4.25462
-0.020202 22198.2 8.50771
-0.030303 22176.7 12.8987
-0.040404 22155.4 17.2908
-0.0505051 22137.3 21.7103
-0.0606061 22119.4 26.1356
-0.0707071 22104.7 30.6491
-0.0808081 22090.2 35.1705
-0.0909091 22078.5 39.7812
-0.10101 22067.2 44.4001
-0.111111 22058.4 49.0923
-0.121212 22049.8 53.7923
-0.131313 22043.4 58.5492
-0.141414 22037.4 63.3133
-0.151515 22033.1 68.1216
-0.161616 22029 72.9368
-0.171717 22026.5 77.7875
-0.181818 22024.1 82.6445
-0.191919 22022.9 87.5304
-0.20202 22021.9 92.4222
-0.212121 22021.7 97.3371
-0.222222 22021.7 102.257
-0.232323 22022.3 107.195
-0.242424 22023.1 112.136
-0.252525 22024.3 117.089
-0.262626 22025.6 122.044
-0.272727 22027.1 127.006
-0.282828 22028.7 131.968
-0.292929 22030.5 136.931
-0.30303 22032.3 141.892
-0.313131 22034.2 146.85
-0.323232 22036.1 151.804
-0.333333 22038 156.75
-0.343434 22039.8 161.689
-0.353535 22041.7 166.617
-0.363636 22043.6 171.537
-0.373737 22045.3 176.443
-0.383838 22047.1 181.338
-0.393939 22048.8 186.216
-0.40404 22050.4 191.082
-0.414141 22052 195.929
-0.424242 22053.6 200.761
-0.434343 22055.1 205.574
-0.444444 22056.5 210.369
-0.454545 22057.9 215.144
-0.464646 22059.3 219.9
-0.474747 22060.6 224.634
-0.484848 22061.9 229.347
-0.494949 22063.1 234.038
-0.505051 22064.4 238.706
-0.515152 22065.6 243.351
-0.525253 22066.7 247.971
-0.535354 22067.9 252.568
-0.545455 22069.1 257.137
-0.555556 22070.2 261.684
-0.565657 22071.4 266.201
-0.575758 22072.5 270.695
-0.585859 22073.7 275.157
-0.59596 22074.9 279.596
-0.606061 22076 284.001
-0.616162 22077.2 288.383
-0.626263 22078.5 292.728
-0.636364 22079.7 297.051
-0.646465 22080.9 301.334
-0.656566 22082.2 305.596
-0.666667 22083.5 309.816
-0.676768 22084.9 314.014
-0.686869 22086.2 318.168
-0.69697 22087.6 322.301
-0.707071 22089.1 326.388
-0.717172 22090.5 330.454
-0.727273 22092 334.472
-0.737374 22093.5 338.47
-0.747475 22095.1 342.417
-0.757576 22096.7 346.347
-0.767677 22098.3 350.223
-0.777778 22099.9 354.082
-0.787879 22101.6 357.886
-0.79798 22103.3 361.675
-0.808081 22105 365.408
-0.818182 22106.7 369.127
-0.828283 22108.4 372.787
-0.838384 22110.1 376.436
-0.848485 22111.8 380.025
-0.858586 22113.5 383.603
-0.868687 22115.1 387.122
-0.878788 22116.8 390.631
-0.888889 22118.3 394.08
-0.89899 22119.8 397.521
-0.909091 22121.2 400.9
-0.919192 22122.6 404.274
-0.929293 22123.8 407.586
-0.939394 22125 410.894
-0.949495 22126 414.144
-0.959596 22126.9 417.39
-0.969697 22127.5 420.589
-0.979798 22128.1 423.786
-0.989899 22128.3 426.89
-1 22128.6 429.991
