0 -21483.1 -0.00184353
-0.010101 -22034.1 -4.53458
-0.020202 -22009.2 -9.06884
-0.030303 -21987.7 -13.7634
-0.040404 -21966.3 -18.4593
-0.0505051 -21948.2 -23.1876
-0.0606061 -21930.4 -27.9218
-0.0707071 -21915.7 -32.7485
-0.0808081 -21901.2 -37.5831
-0.0909091 -21889.7 -42.5099
-0.10101 -21878.4 -47.445
-0.111111 -21869.7 -52.4553
-0.121212 -21861.3 -57.4734
-0.131313 -21855.1 -62.5496
-0.141414 -21849.1 -67.6331
-0.151515 -21845 -72.7616
-0.161616 -21841.1 -77.8969
-0.171717 -21838.6 -83.0681
-0.181818 -21836.4 -88.2457
-0.191919 -21835.3 -93.4523
-0.20202 -21834.4 -98.6646
-0.212121 -21834.3 -103.9
-0.222222 -21834.4 -109.14
-0.232323 -21835.1 -114.397
-0.242424 -21835.9 -119.658
-0.252525 -21837.2 -124.931
-0.262626 -21838.5 -130.205
-0.272727 -21840.1 -135.484
-0.282828 -21841.8 -140.764
-0.292929 -21843.6 -146.044
-0.30303 -21845.4 -151.322
-0.313131 -21847.3 -156.595
-0.323232 -21849.2 -161.864
-0.333333 -21851.1 -167.123
-0.343434 -21853 -172.377
-0.353535 -21854.9 -177.617
-0.363636 -21856.7 -182.849
-0.373737 -21858.5 -188.065
-0.383838 -21860.3 -193.27
-0.393939 -21862 -198.456
-0.40404 -21863.6 -203.63
-0.414141 -21865.2 -208.784
-0.424242 -21866.7 -213.922
-0.434343 -21868.2 -219.039
-0.444444 -21869.7 -224.139
-0.454545 -21871 -229.216
-0.464646 -21872.4 -234.273
-0.474747 -21873.7 -239.307
-0.484848 -21875 -244.319
-0.494949 -21876.2 -249.308
-0.505051 -21877.4 -254.272
-0.515152 -21878.6 -259.212
-0.525253 -21879.8 -264.126
-0.535354 -21880.9 -269.015
-0.545455 -21882 -273.876
-0.555556 -21883.2 -278.712
-0.565657 -21884.3 -283.517
-0.575758 -21885.5 -288.298
-0.585859 -21886.6 -293.045
-0.59596 -21887.8 -297.767
-0.606061 -21888.9 -302.454
-0.616162 -21890.1 -307.116
-0.626263 -21891.3 -311.739
-0.636364 -21892.5 -316.339
-0.646465 -21893.8 -320.897
-0.656566 -21895 -325.431
-0.666667 -21896.3 -329.922
-0.676768 -21897.6 -334.389
-0.686869 -21899 -338.81
-0.69697 -21900.4 -343.208
-0.707071 -21901.8 -347.557
-0.717172 -21903.3 -351.884
-0.727273 -21904.7 -356.16
-0.737374 -21906.2 -360.415
-0.747475 -21907.8 -364.615
-0.757576 -21909.4 -368.796
-0.767677 -21911 -372.92
-0.777778 -21912.6 -377.027
-0.787879 -21914.3 -381.074
-0.79798 -21915.9 -385.105
-0.808081 -21917.6 -389.076
-0.818182 -21919.3 -393.031
-0.828283 -21921 -396.924
-0.838384 -21922.7 -400.803
-0.848485 -21924.4 -404.619
-0.858586 -21926.1 -408.423
-0.868687 -21927.7 -412.163
-0.878788 -21929.4 -415.892
-0.888889 -21930.9 -419.555
-0.89899 -21932.5 -423.21
-0.909091 -21933.9 -426.799
-0.919192 -21935.3 -430.38
-0.929293 -21936.5 -433.895
-0.939394 -21937.7 -437.405
-0.949495 -21938.6 -440.852
-0.959596 -21939.6 -444.294
-0.969697 -21940.2 -447.685
-0.979798 -21940.8 -451.073
-0.989899 -21941 -454.363
-1 -21941.2 -457.65
