0 21590.2 0.00195214
-0.010101 20933.8 -6.17985
-0.020202 20923.3 -12.376
-0.030303 20911.3 -19.1919
-0.040404 20899.3 -26.0133
-0.0505051 20886.9 -32.9669
-0.0606061 20874.6 -39.9247
-0.0707071 20862.5 -46.9479
-0.0808081 20850.6 -53.9731
-0.0909091 20839.4 -61.0228
-0.10101 20828.4 -68.073
-0.111111 20818.5 -75.1275
-0.121212 20808.8 -82.1814
-0.131313 20800.3 -89.2304
-0.141414 20792.1 -96.2777
-0.151515 20785 -103.315
-0.161616 20778.2 -110.349
-0.171717 20772.6 -117.368
-0.181818 20767.2 -124.382
-0.191919 20762.9 -131.378
-0.20202 20758.9 -138.367
-0.212121 20755.7 -145.332
-0.222222 20752.8 -152.29
-0.232323 20750.7 -159.221
-0.242424 20748.8 -166.143
-0.252525 20747.6 -173.036
-0.262626 20746.6 -179.918
-0.272727 20746 -186.771
-0.282828 20745.7 -193.611
-0.292929 20745.7 -200.421
-0.30303 20745.9 -207.219
-0.313131 20746.4 -213.987
-0.323232 20746.9 -220.74
-0.333333 20747.7 -227.465
-0.343434 20748.6 -234.175
-0.353535 20749.7 -240.857
-0.363636 20750.8 -247.524
-0.373737 20752 -254.162
-0.383838 20753.2 -260.785
-0.393939 20754.5 -267.38
-0.40404 20755.8 -273.958
-0.414141 20757.2 -280.51
-0.424242 20758.5 -287.042
-0.434343 20759.9 -293.549
-0.444444 20761.3 -300.035
-0.454545 20762.6 -306.495
-0.464646 20764 -312.933
-0.474747 20765.4 -319.345
-0.484848 20766.7 -325.734
-0.494949 20768 -332.096
-0.505051 20769.4 -338.432
-0.515152 20770.7 -344.741
-0.525253 20772 -351.022
-0.535354 20773.3 -357.277
-0.545455 20774.6 -363.5
-0.555556 20775.9 -369.697
-0.565657 20777.1 -375.859
-0.575758 20778.4 -381.995
-0.585859 20779.7 -388.092
-0.59596 20781 -394.163
-0.606061 20782.2 -400.192
-0.616162 20783.5 -406.194
-0.626263 20784.8 -412.151
-0.636364 20786.1 -418.081
-0.646465 20787.4 -423.961
-0.656566 20788.7 -429.813
-0.666667 20790 -435.611
-0.676768 20791.4 -441.382
-0.686869 20792.7 -447.093
-0.69697 20794.1 -452.777
-0.707071 20795.5 -458.397
-0.717172 20796.8 -463.989
-0.727273 20798.2 -469.511
-0.737374 20799.6 -475.005
-0.747475 20801 -480.423
-0.757576 20802.4 -485.814
-0.767677 20803.8 -491.122
-0.777778 20805.2 -496.404
-0.787879 20806.5 -501.596
-0.79798 20807.9 -506.762
-0.808081 20809.3 -511.831
-0.818182 20810.6 -516.875
-0.828283 20811.9 -521.815
-0.838384 20813.2 -526.732
-0.848485 20814.4 -531.537
-0.858586 20815.6 -536.32
-0.868687 20816.7 -540.985
-0.878788 20817.7 -545.629
-0.888889 20818.7 -550.148
-0.89899 20819.7 -554.65
-0.909091 20820.5 -559.019
-0.919192 20821.3 -563.374
-0.929293 20821.9 -567.593
-0.939394 20822.5 -571.799
-0.949495 20823 -575.868
-0.959596 20823.4 -579.928
-0.969697 20823.6 -583.855
-0.979798 20823.9 -587.776
-0.989899 20823.9 -591.613
-1 20824 -595.447
