0 4438.8 0.000561616
-0.010101 2986.29 -12.9615
-0.020202 2999.86 -25.9439
-0.030303 3007.93 -39.9039
-0.040404 3015.83 -53.8724
-0.0505051 3019.55 -68.0476
-0.0606061 3023.08 -82.2346
-0.0707071 3023.58 -96.6073
-0.0808081 3023.9 -110.992
-0.0909091 3022.12 -125.508
-0.10101 3020.2 -140.034
-0.111111 3016.92 -154.649
-0.121212 3013.54 -169.271
-0.131313 3009.39 -183.95
-0.141414 3005.19 -198.634
-0.151515 3000.65 -213.355
-0.161616 2996.11 -228.079
-0.171717 2991.53 -242.824
-0.181818 2987 -257.569
-0.191919 2982.65 -272.321
-0.20202 2978.37 -287.071
-0.212121 2974.4 -301.816
-0.222222 2970.54 -316.557
-0.232323 2967.06 -331.281
-0.242424 2963.7 -345.997
-0.252525 2960.74 -360.689
-0.262626 2957.92 -375.368
-0.272727 2955.49 -390.015
-0.282828 2953.2 -404.646
-0.292929 2951.27 -419.239
-0.30303 2949.49 -433.812
-0.313131 2948.02 -448.342
-0.323232 2946.69 -462.849
-0.333333 2945.64 -477.309
-0.343434 2944.7 -491.742
-0.353535 2944 -506.125
-0.363636 2943.4 -520.479
-0.373737 2942.99 -534.779
-0.383838 2942.67 -549.046
-0.393939 2942.5 -563.258
-0.40404 2942.4 -577.433
-0.414141 2942.42 -591.553
-0.424242 2942.49 -605.63
-0.434343 2942.65 -619.651
-0.444444 2942.85 -633.626
-0.454545 2943.11 -647.543
-0.464646 2943.41 -661.41
-0.474747 2943.74 -675.217
-0.484848 2944.1 -688.97
-0.494949 2944.48 -702.663
-0.505051 2944.87 -716.295
-0.515152 2945.28 -729.868
-0.525253 2945.69 -743.374
-0.535354 2946.1 -756.819
-0.545455 2946.52 -770.193
-0.555556 2946.94 -783.505
-0.565657 2947.35 -796.738
-0.575758 2947.75 -809.91
-0.585859 2948.15 -822.996
-0.59596 2948.54 -836.021
-0.606061 2948.92 -848.952
-0.616162 2949.29 -861.822
-0.626263 2949.64 -874.591
-0.636364 2949.99 -887.298
-0.646465 2950.31 -899.895
-0.656566 2950.63 -912.432
-0.666667 2950.92 -924.849
-0.676768 2951.2 -937.206
-0.686869 2951.46 -949.436
-0.69697 2951.7 -961.605
-0.707071 2951.92 -973.636
-0.717172 2952.12 -985.609
-0.727273 2952.28 -997.433
-0.737374 2952.43 -1009.2
-0.747475 2952.53 -1020.81
-0.757576 2952.63 -1032.36
-0.767677 2952.67 -1043.74
-0.777778 2952.69 -1055.07
-0.787879 2952.66 -1066.22
-0.79798 2952.61 -1077.32
-0.808081 2952.5 -1088.22
-0.818182 2952.37 -1099.08
-0.828283 2952.17 -1109.73
-0.838384 2951.96 -1120.34
-0.848485 2951.67 -1130.73
-0.858586 2951.37 -1141.09
-0.868687 2951 -1151.22
-0.878788 2950.62 -1161.31
-0.888889 2950.18 -1171.16
-0.89899 2949.72 -1180.99
-0.909091 2949.23 -1190.57
-0.919192 2948.73 -1200.13
-0.929293 2948.22 -1209.43
-0.939394 2947.71 -1218.72
-0.949495 2947.24 -1227.75
-0.959596 2946.77 -1236.77
-0.969697 2946.4 -1245.57
-0.979798 2946.04 -1254.35
-0.989899 2945.89 -1262.91
-1 2945.75 -1271.47
