0 23044.8 0.00247213
-0.010101 23305.3 1.93408
-0.020202 23282.6 3.86254
-0.030303 23262.1 5.74935
-0.040404 23241.8 7.63572
-0.0505051 23224 9.51147
-0.0606061 23206.3 11.3908
-0.0707071 23191.3 13.3257
-0.0808081 23176.5 15.2664
-0.0909091 23164.3 17.2737
-0.10101 23152.3 19.2876
-0.111111 23142.6 21.36
-0.121212 23133.3 23.439
-0.131313 23126 25.5653
-0.141414 23119 27.698
-0.151515 23113.7 29.8692
-0.161616 23108.8 32.0466
-0.171717 23105.3 34.2567
-0.181818 23102 36.4729
-0.191919 23099.9 38.7175
-0.20202 23098.1 40.9683
-0.212121 23097.2 43.2438
-0.222222 23096.5 45.5252
-0.232323 23096.5 47.8276
-0.242424 23096.6 50.1352
-0.252525 23097.3 52.4598
-0.262626 23098.1 54.7887
-0.272727 23099.2 57.1302
-0.282828 23100.4 59.4749
-0.292929 23101.9 61.8278
-0.30303 23103.4 64.1826
-0.313131 23105 66.5417
-0.323232 23106.7 68.901
-0.333333 23108.5 71.261
-0.343434 23110.2 73.6197
-0.353535 23112 75.9759
-0.363636 23113.8 78.3293
-0.373737 23115.5 80.6777
-0.383838 23117.3 83.0217
-0.393939 23119 85.3587
-0.40404 23120.6 87.6898
-0.414141 23122.3 90.0122
-0.424242 23123.9 92.3275
-0.434343 23125.4 94.6329
-0.444444 23127 96.9297
-0.454545 23128.4 99.2158
-0.464646 23129.9 101.492
-0.474747 23131.3 103.757
-0.484848 23132.7 106.011
-0.494949 23134 108.253
-0.505051 23135.4 110.483
-0.515152 23136.7 112.701
-0.525253 23137.9 114.905
-0.535354 23139.2 117.098
-0.545455 23140.5 119.275
-0.555556 23141.7 121.441
-0.565657 23143 123.591
-0.575758 23144.3 125.729
-0.585859 23145.5 127.851
-0.59596 23146.8 129.96
-0.606061 23148.1 132.052
-0.616162 23149.4 134.132
-0.626263 23150.7 136.193
-0.636364 23152 138.243
-0.646465 23153.3 140.273
-0.656566 23154.7 142.292
-0.666667 23156.1 144.29
-0.676768 23157.5 146.278
-0.686869 23159 148.244
-0.69697 23160.5 150.2
-0.707071 23162 152.135
-0.717172 23163.5 154.059
-0.727273 23165.1 155.962
-0.737374 23166.6 157.855
-0.747475 23168.3 159.726
-0.757576 23169.9 161.589
-0.767677 23171.6 163.429
-0.777778 23173.2 165.262
-0.787879 23174.9 167.073
-0.79798 23176.6 168.877
-0.808081 23178.4 170.66
-0.818182 23180.1 172.437
-0.828283 23181.8 174.193
-0.838384 23183.5 175.944
-0.848485 23185.2 177.676
-0.858586 23186.8 179.404
-0.868687 23188.5 181.112
-0.878788 23190.1 182.818
-0.888889 23191.6 184.506
-0.89899 23193 186.192
-0.909091 23194.4 187.86
-0.919192 23195.7 189.527
-0.929293 23196.9 191.179
-0.939394 23198 192.829
-0.949495 23198.9 194.466
-0.959596 23199.7 196.103
-0.969697 23200.3 197.734
-0.979798 23200.8 199.365
-0.989899 23201 200.941
-1 23201.2 202.516
