0 22704 0.00223839
-0.010101 22233.9 -4.54455
-0.020202 22220.2 -9.10378
-0.030303 22205.9 -14.1728
-0.040404 22191.5 -19.2463
-0.0505051 22177.4 -24.4291
-0.0606061 22163.4 -29.6145
-0.0707071 22150.2 -34.84
-0.0808081 22137.2 -40.0659
-0.0909091 22125.4 -45.2962
-0.10101 22113.8 -50.5254
-0.111111 22103.6 -55.7448
-0.121212 22093.6 -60.9622
-0.131313 22085.1 -66.1647
-0.141414 22076.8 -71.3644
-0.151515 22069.9 -76.547
-0.161616 22063.3 -81.7258
-0.171717 22058 -86.8851
-0.181818 22052.9 -92.0395
-0.191919 22048.9 -97.1716
-0.20202 22045.2 -102.298
-0.212121 22042.5 -107.399
-0.222222 22040 -112.492
-0.232323 22038.3 -117.56
-0.242424 22036.8 -122.618
-0.252525 22036 -127.649
-0.262626 22035.3 -132.671
-0.272727 22035.1 -137.666
-0.282828 22035.1 -142.65
-0.292929 22035.5 -147.608
-0.30303 22036 -152.556
-0.313131 22036.7 -157.478
-0.323232 22037.6 -162.389
-0.333333 22038.6 -167.277
-0.343434 22039.8 -172.153
-0.353535 22041 -177.007
-0.363636 22042.3 -181.849
-0.373737 22043.7 -186.67
-0.383838 22045.1 -191.478
-0.393939 22046.5 -196.267
-0.40404 22047.9 -201.042
-0.414141 22049.4 -205.799
-0.424242 22050.9 -210.541
-0.434343 22052.3 -215.265
-0.444444 22053.8 -219.975
-0.454545 22055.2 -224.666
-0.464646 22056.7 -229.341
-0.474747 22058.1 -233.998
-0.484848 22059.5 -238.638
-0.494949 22060.9 -243.26
-0.505051 22062.3 -247.864
-0.515152 22063.6 -252.449
-0.525253 22065 -257.014
-0.535354 22066.3 -261.56
-0.545455 22067.6 -266.085
-0.555556 22069 -270.59
-0.565657 22070.3 -275.072
-0.575758 22071.6 -279.535
-0.585859 22072.9 -283.971
-0.59596 22074.2 -288.388
-0.606061 22075.6 -292.775
-0.616162 22076.9 -297.144
-0.626263 22078.2 -301.48
-0.636364 22079.6 -305.796
-0.646465 22080.9 -310.078
-0.656566 22082.3 -314.339
-0.666667 22083.7 -318.562
-0.676768 22085.1 -322.764
-0.686869 22086.5 -326.924
-0.69697 22087.9 -331.064
-0.707071 22089.4 -335.157
-0.717172 22090.9 -339.23
-0.727273 22092.3 -343.251
-0.737374 22093.8 -347.252
-0.747475 22095.3 -351.197
-0.757576 22096.8 -355.122
-0.767677 22098.3 -358.985
-0.777778 22099.8 -362.829
-0.787879 22101.3 -366.605
-0.79798 22102.8 -370.361
-0.808081 22104.3 -374.045
-0.818182 22105.8 -377.709
-0.828283 22107.2 -381.295
-0.838384 22108.6 -384.862
-0.848485 22110 -388.344
-0.858586 22111.3 -391.809
-0.868687 22112.6 -395.183
-0.878788 22113.8 -398.541
-0.888889 22115 -401.802
-0.89899 22116.1 -405.05
-0.909091 22117 -408.195
-0.919192 22118 -411.328
-0.929293 22118.7 -414.355
-0.939394 22119.5 -417.373
-0.949495 22120 -420.282
-0.959596 22120.6 -423.184
-0.969697 22120.9 -425.981
-0.979798 22121.2 -428.772
-0.989899 22121.3 -431.508
-1 22121.4 -434.242
