0 -671.876 -9.74217e-05
-0.010101 795.635 13.0355
-0.020202 778.686 26.0905
-0.030303 767.495 40.098
-0.040404 756.491 54.1139
-0.0505051 749.987 68.3303
-0.0606061 743.699 82.559
-0.0707071 740.81 96.9783
-0.0808081 738.134 111.41
-0.0909091 737.923 125.981
-0.10101 737.9 140.563
-0.111111 739.574 155.241
-0.121212 741.396 169.927
-0.131313 744.302 184.676
-0.141414 747.308 199.431
-0.151515 750.927 214.228
-0.161616 754.595 229.029
-0.171717 758.526 243.855
-0.181818 762.458 258.682
-0.191919 766.403 273.521
-0.20202 770.309 288.358
-0.212121 774.06 303.194
-0.222222 777.738 318.027
-0.232323 781.159 332.846
-0.242424 784.481 347.659
-0.252525 787.493 362.449
-0.262626 790.389 377.229
-0.272727 792.958 391.978
-0.282828 795.402 406.712
-0.292929 797.526 421.41
-0.30303 799.523 436.089
-0.313131 801.224 450.725
-0.323232 802.802 465.34
-0.333333 804.118 479.908
-0.343434 805.318 494.449
-0.353535 806.294 508.941
-0.363636 807.165 523.403
-0.373737 807.849 537.812
-0.383838 808.442 552.188
-0.393939 808.885 566.509
-0.40404 809.25 580.792
-0.414141 809.498 595.019
-0.424242 809.682 609.204
-0.434343 809.778 623.332
-0.444444 809.824 637.413
-0.454545 809.805 651.435
-0.464646 809.749 665.407
-0.474747 809.648 679.319
-0.484848 809.521 693.175
-0.494949 809.365 706.97
-0.505051 809.193 720.705
-0.515152 809.004 734.378
-0.525253 808.807 747.984
-0.535354 808.603 761.529
-0.545455 808.398 775
-0.555556 808.192 788.409
-0.565657 807.99 801.739
-0.575758 807.793 815.007
-0.585859 807.606 828.188
-0.59596 807.426 841.306
-0.606061 807.261 854.33
-0.616162 807.106 867.291
-0.626263 806.969 880.151
-0.636364 806.844 892.948
-0.646465 806.741 905.635
-0.656566 806.651 918.259
-0.666667 806.587 930.764
-0.676768 806.538 943.208
-0.686869 806.52 955.523
-0.69697 806.517 967.777
-0.707071 806.55 979.893
-0.717172 806.599 991.949
-0.727273 806.69 1003.86
-0.737374 806.797 1015.71
-0.747475 806.953 1027.4
-0.757576 807.125 1039.03
-0.767677 807.352 1050.49
-0.777778 807.596 1061.9
-0.787879 807.9 1073.13
-0.79798 808.222 1084.31
-0.808081 808.607 1095.3
-0.818182 809.009 1106.23
-0.828283 809.478 1116.97
-0.838384 809.962 1127.66
-0.848485 810.512 1138.13
-0.858586 811.074 1148.57
-0.868687 811.695 1158.78
-0.878788 812.325 1168.95
-0.888889 813 1178.89
-0.89899 813.681 1188.8
-0.909091 814.381 1198.47
-0.919192 815.083 1208.11
-0.929293 815.766 1217.51
-0.939394 816.447 1226.88
-0.949495 817.053 1236.01
-0.959596 817.654 1245.12
-0.969697 818.105 1254.01
-0.979798 818.549 1262.89
-0.989899 818.726 1271.54
-1 818.898 1280.19
