0 20619.3 0.00232279
-0.010101 19845.4 -7.20541
-0.020202 19837.2 -14.4293
-0.030303 19826.9 -22.3399
-0.040404 19816.6 -30.2566
-0.0505051 19805.5 -38.3197
-0.0606061 19794.3 -46.388
-0.0707071 19783.2 -54.538
-0.0808081 19772 -62.6912
-0.0909091 19761.5 -70.8818
-0.10101 19751 -79.074
-0.111111 19741.4 -87.2799
-0.121212 19732 -95.4861
-0.131313 19723.6 -103.694
-0.141414 19715.4 -111.901
-0.151515 19708.4 -120.102
-0.161616 19701.5 -128.301
-0.171717 19695.8 -136.488
-0.181818 19690.3 -144.671
-0.191919 19685.8 -152.837
-0.20202 19681.5 -160.997
-0.212121 19678.1 -169.134
-0.222222 19675 -177.263
-0.232323 19672.7 -185.366
-0.242424 19670.5 -193.459
-0.252525 19669 -201.522
-0.262626 19667.7 -209.574
-0.272727 19667 -217.594
-0.282828 19666.4 -225.602
-0.292929 19666.2 -233.577
-0.30303 19666.2 -241.538
-0.313131 19666.4 -249.467
-0.323232 19666.8 -257.38
-0.333333 19667.5 -265.26
-0.343434 19668.2 -273.124
-0.353535 19669.1 -280.956
-0.363636 19670 -288.77
-0.373737 19671.1 -296.553
-0.383838 19672.2 -304.316
-0.393939 19673.4 -312.049
-0.40404 19674.6 -319.761
-0.414141 19675.9 -327.442
-0.424242 19677.2 -335.1
-0.434343 19678.5 -342.728
-0.444444 19679.8 -350.332
-0.454545 19681.1 -357.905
-0.464646 19682.4 -365.453
-0.474747 19683.7 -372.969
-0.484848 19685 -380.457
-0.494949 19686.3 -387.914
-0.505051 19687.5 -395.339
-0.515152 19688.8 -402.734
-0.525253 19690.1 -410.094
-0.535354 19691.3 -417.424
-0.545455 19692.6 -424.715
-0.555556 19693.8 -431.976
-0.565657 19695 -439.195
-0.575758 19696.3 -446.383
-0.585859 19697.5 -453.525
-0.59596 19698.7 -460.636
-0.606061 19700 -467.698
-0.616162 19701.2 -474.727
-0.626263 19702.5 -481.704
-0.636364 19703.7 -488.647
-0.646465 19705 -495.533
-0.656566 19706.2 -502.385
-0.666667 19707.5 -509.175
-0.676768 19708.8 -515.931
-0.686869 19710 -522.619
-0.69697 19711.3 -529.274
-0.707071 19712.6 -535.853
-0.717172 19713.9 -542.4
-0.727273 19715.2 -548.866
-0.737374 19716.5 -555.299
-0.747475 19717.9 -561.644
-0.757576 19719.2 -567.957
-0.767677 19720.5 -574.174
-0.777778 19721.8 -580.36
-0.787879 19723.1 -586.442
-0.79798 19724.3 -592.495
-0.808081 19725.6 -598.436
-0.818182 19726.8 -604.348
-0.828283 19728 -610.141
-0.838384 19729.1 -615.906
-0.848485 19730.2 -621.544
-0.858586 19731.3 -627.157
-0.868687 19732.3 -632.634
-0.878788 19733.3 -638.088
-0.888889 19734.1 -643.399
-0.89899 19735 -648.69
-0.909091 19735.7 -653.832
-0.919192 19736.3 -658.956
-0.929293 19736.9 -663.926
-0.939394 19737.4 -668.882
-0.949495 19737.7 -673.682
-0.959596 19738.1 -678.472
-0.969697 19738.3 -683.112
-0.979798 19738.4 -687.746
-0.989899 19738.5 -692.276
-1 19738.6 -696.805
