0 -8355.78 -0.00100683
-0.010101 -9703.98 -11.8278
-0.020202 -9680.79 -23.6697
-0.030303 -9663.35 -36.3051
-0.040404 -9646.11 -48.9475
-0.0505051 -9633.68 -61.7565
-0.0606061 -9621.5 -74.5773
-0.0707071 -9613.23 -87.5819
-0.0808081 -9605.23 -100.599
-0.0909091 -9600.31 -113.762
-0.10101 -9595.64 -126.935
-0.111111 -9593.33 -140.213
-0.121212 -9591.25 -153.501
-0.131313 -9590.89 -166.86
-0.141414 -9590.73 -180.228
-0.151515 -9591.77 -193.646
-0.161616 -9592.96 -207.071
-0.171717 -9594.95 -220.528
-0.181818 -9597.03 -233.99
-0.191919 -9599.59 -247.472
-0.20202 -9602.2 -260.956
-0.212121 -9605.03 -274.449
-0.222222 -9607.88 -287.94
-0.232323 -9610.78 -301.43
-0.242424 -9613.66 -314.915
-0.252525 -9616.47 -328.388
-0.262626 -9619.24 -341.853
-0.272727 -9621.86 -355.298
-0.282828 -9624.41 -368.731
-0.292929 -9626.77 -382.137
-0.30303 -9629.06 -395.527
-0.313131 -9631.14 -408.883
-0.323232 -9633.13 -422.221
-0.333333 -9634.93 -435.519
-0.343434 -9636.63 -448.794
-0.353535 -9638.15 -462.026
-0.363636 -9639.57 -475.232
-0.373737 -9640.83 -488.391
-0.383838 -9642.01 -501.52
-0.393939 -9643.05 -514.6
-0.40404 -9644.01 -527.645
-0.414141 -9644.85 -540.64
-0.424242 -9645.62 -553.595
-0.434343 -9646.31 -566.499
-0.444444 -9646.94 -579.359
-0.454545 -9647.49 -592.166
-0.464646 -9648 -604.925
-0.474747 -9648.46 -617.629
-0.484848 -9648.89 -630.282
-0.494949 -9649.28 -642.879
-0.505051 -9649.65 -655.419
-0.515152 -9649.99 -667.902
-0.525253 -9650.32 -680.323
-0.535354 -9650.64 -692.687
-0.545455 -9650.96 -704.984
-0.555556 -9651.27 -717.223
-0.565657 -9651.58 -729.388
-0.575758 -9651.9 -741.495
-0.585859 -9652.23 -753.523
-0.59596 -9652.57 -765.492
-0.606061 -9652.93 -777.375
-0.616162 -9653.29 -789.2
-0.626263 -9653.68 -800.931
-0.636364 -9654.09 -812.605
-0.646465 -9654.53 -824.177
-0.656566 -9654.98 -835.692
-0.666667 -9655.47 -847.097
-0.676768 -9655.97 -858.446
-0.686869 -9656.52 -869.678
-0.69697 -9657.09 -880.854
-0.707071 -9657.7 -891.903
-0.717172 -9658.33 -902.899
-0.727273 -9659.02 -913.759
-0.737374 -9659.72 -924.567
-0.747475 -9660.48 -935.23
-0.757576 -9661.26 -945.843
-0.767677 -9662.1 -956.302
-0.777778 -9662.95 -966.712
-0.787879 -9663.87 -976.96
-0.79798 -9664.8 -987.162
-0.808081 -9665.8 -997.192
-0.818182 -9666.8 -1007.18
-0.828283 -9667.87 -1016.99
-0.838384 -9668.94 -1026.75
-0.848485 -9670.06 -1036.33
-0.858586 -9671.18 -1045.87
-0.868687 -9672.33 -1055.21
-0.878788 -9673.49 -1064.53
-0.888889 -9674.64 -1073.63
-0.89899 -9675.8 -1082.71
-0.909091 -9676.91 -1091.58
-0.919192 -9678.03 -1100.42
-0.929293 -9679.05 -1109.05
-0.939394 -9680.06 -1117.66
-0.949495 -9680.92 -1126.05
-0.959596 -9681.76 -1134.44
-0.969697 -9682.36 -1142.62
-0.979798 -9682.95 -1150.8
-0.989899 -9683.18 -1158.77
-1 -9683.4 -1166.74
