0 5498.29 0.000750805
-0.010101 4056.96 -12.8809
-0.020202 4069.5 -25.7831
-0.030303 4076.63 -39.6651
-0.040404 4083.59 -53.5556
-0.0505051 4086.5 -67.6531
-0.0606061 4089.23 -81.7622
-0.0707071 4089.04 -96.0543
-0.0808081 4088.68 -110.358
-0.0909091 4086.33 -124.79
-0.10101 4083.85 -139.232
-0.111111 4080.13 -153.758
-0.121212 4076.32 -168.292
-0.131313 4071.84 -182.881
-0.141414 4067.31 -197.475
-0.151515 4062.52 -212.103
-0.161616 4057.75 -226.734
-0.171717 4053.01 -241.384
-0.181818 4048.33 -256.034
-0.191919 4043.87 -270.69
-0.20202 4039.51 -285.343
-0.212121 4035.5 -299.99
-0.222222 4031.6 -314.632
-0.232323 4028.11 -329.257
-0.242424 4024.76 -343.873
-0.252525 4021.83 -358.463
-0.262626 4019.04 -373.042
-0.272727 4016.66 -387.586
-0.282828 4014.42 -402.116
-0.292929 4012.56 -416.606
-0.30303 4010.84 -431.077
-0.313131 4009.45 -445.503
-0.323232 4008.2 -459.907
-0.333333 4007.22 -474.264
-0.343434 4006.37 -488.594
-0.353535 4005.74 -502.874
-0.363636 4005.23 -517.124
-0.373737 4004.9 -531.321
-0.383838 4004.65 -545.485
-0.393939 4004.56 -559.595
-0.40404 4004.54 -573.668
-0.414141 4004.63 -587.685
-0.424242 4004.77 -601.661
-0.434343 4005 -615.58
-0.444444 4005.27 -629.455
-0.454545 4005.6 -643.271
-0.464646 4005.96 -657.038
-0.474747 4006.36 -670.746
-0.484848 4006.78 -684.399
-0.494949 4007.22 -697.994
-0.505051 4007.67 -711.528
-0.515152 4008.14 -725.003
-0.525253 4008.61 -738.413
-0.535354 4009.08 -751.762
-0.545455 4009.56 -765.039
-0.555556 4010.03 -778.256
-0.565657 4010.5 -791.395
-0.575758 4010.96 -804.473
-0.585859 4011.42 -817.466
-0.59596 4011.86 -830.398
-0.606061 4012.3 -843.238
-0.616162 4012.73 -856.016
-0.626263 4013.14 -868.694
-0.636364 4013.55 -881.311
-0.646465 4013.93 -893.82
-0.656566 4014.31 -906.267
-0.666667 4014.67 -918.598
-0.676768 4015.02 -930.867
-0.686869 4015.34 -943.01
-0.69697 4015.65 -955.094
-0.707071 4015.93 -967.04
-0.717172 4016.2 -978.928
-0.727273 4016.43 -990.67
-0.737374 4016.66 -1002.35
-0.747475 4016.84 -1013.88
-0.757576 4017 -1025.35
-0.767677 4017.12 -1036.65
-0.777778 4017.22 -1047.9
-0.787879 4017.27 -1058.97
-0.79798 4017.29 -1069.99
-0.808081 4017.26 -1080.81
-0.818182 4017.21 -1091.59
-0.828283 4017.09 -1102.17
-0.838384 4016.95 -1112.7
-0.848485 4016.74 -1123.02
-0.858586 4016.52 -1133.29
-0.868687 4016.22 -1143.35
-0.878788 4015.92 -1153.36
-0.888889 4015.54 -1163.14
-0.89899 4015.16 -1172.89
-0.909091 4014.73 -1182.4
-0.919192 4014.29 -1191.88
-0.929293 4013.83 -1201.12
-0.939394 4013.37 -1210.33
-0.949495 4012.94 -1219.29
-0.959596 4012.5 -1228.24
-0.969697 4012.16 -1236.96
-0.979798 4011.82 -1245.67
-0.989899 4011.69 -1254.16
-1 4011.55 -1262.65
