0 22109.1 0.00166028
-0.010101 22565.2 3.68265
-0.020202 22541 7.36397
-0.030303 22519.7 11.1388
-0.040404 22498.6 14.9144
-0.0505051 22480.5 18.7083
-0.0606061 22462.6 22.5073
-0.0707071 22447.7 26.3869
-0.0808081 22433.1 30.2738
-0.0909091 22421.3 34.2448
-0.10101 22409.7 38.2235
-0.111111 22400.7 42.2722
-0.121212 22391.9 46.3283
-0.131313 22385.3 50.4391
-0.141414 22378.9 54.557
-0.151515 22374.4 58.7179
-0.161616 22370.1 62.8855
-0.171717 22367.3 67.088
-0.181818 22364.7 71.2968
-0.191919 22363.3 75.5346
-0.20202 22362.1 79.7782
-0.212121 22361.7 84.0456
-0.222222 22361.5 88.3182
-0.232323 22362 92.6092
-0.242424 22362.6 96.9045
-0.252525 22363.7 101.213
-0.262626 22364.8 105.524
-0.272727 22366.3 109.843
-0.282828 22367.8 114.164
-0.292929 22369.5 118.487
-0.30303 22371.2 122.809
-0.313131 22373 127.13
-0.323232 22374.9 131.447
-0.333333 22376.8 135.759
-0.343434 22378.6 140.066
-0.353535 22380.5 144.364
-0.363636 22382.3 148.655
-0.373737 22384.1 152.934
-0.383838 22385.8 157.203
-0.393939 22387.5 161.459
-0.40404 22389.2 165.703
-0.414141 22390.8 169.932
-0.424242 22392.4 174.147
-0.434343 22393.9 178.345
-0.444444 22395.4 182.529
-0.454545 22396.8 186.693
-0.464646 22398.2 190.841
-0.474747 22399.5 194.97
-0.484848 22400.8 199.081
-0.494949 22402.1 203.171
-0.505051 22403.4 207.242
-0.515152 22404.6 211.292
-0.525253 22405.8 215.32
-0.535354 22407 219.328
-0.545455 22408.2 223.311
-0.555556 22409.4 227.274
-0.565657 22410.6 231.211
-0.575758 22411.7 235.128
-0.585859 22412.9 239.016
-0.59596 22414.1 242.884
-0.606061 22415.3 246.722
-0.616162 22416.6 250.54
-0.626263 22417.8 254.325
-0.636364 22419.1 258.091
-0.646465 22420.4 261.822
-0.656566 22421.7 265.534
-0.666667 22423 269.209
-0.676768 22424.4 272.865
-0.686869 22425.8 276.483
-0.69697 22427.2 280.083
-0.707071 22428.6 283.641
-0.717172 22430.1 287.183
-0.727273 22431.6 290.682
-0.737374 22433.2 294.165
-0.747475 22434.7 297.603
-0.757576 22436.3 301.026
-0.767677 22438 304.403
-0.777778 22439.6 307.765
-0.787879 22441.3 311.081
-0.79798 22443 314.384
-0.808081 22444.7 317.638
-0.818182 22446.4 320.881
-0.828283 22448.1 324.075
-0.838384 22449.8 327.259
-0.848485 22451.5 330.393
-0.858586 22453.2 333.518
-0.868687 22454.9 336.593
-0.878788 22456.5 339.661
-0.888889 22458 342.678
-0.89899 22459.6 345.689
-0.909091 22461 348.65
-0.919192 22462.3 351.606
-0.929293 22463.5 354.512
-0.939394 22464.7 357.414
-0.949495 22465.6 360.269
-0.959596 22466.6 363.122
-0.969697 22467.2 365.937
-0.979798 22467.8 368.751
-0.989899 22468 371.481
-1 22468.2 374.209
