0 -22918.7 -0.00215038
-0.010101 -23212.2 -2.22617
-0.020202 -23189.3 -4.44779
-0.030303 -23168.6 -6.65069
-0.040404 -23148.1 -8.85337
-0.0505051 -23130.2 -11.0508
-0.0606061 -23112.5 -13.2521
-0.0707071 -23097.5 -15.5138
-0.0808081 -23082.8 -17.7815
-0.0909091 -23070.6 -20.1194
-0.10101 -23058.6 -22.464
-0.111111 -23049.1 -24.8696
-0.121212 -23039.8 -27.2819
-0.131313 -23032.6 -29.7434
-0.141414 -23025.7 -32.2112
-0.151515 -23020.5 -34.7189
-0.161616 -23015.7 -37.2329
-0.171717 -23012.3 -39.7802
-0.181818 -23009.1 -42.3339
-0.191919 -23007.2 -44.9163
-0.20202 -23005.5 -47.505
-0.212121 -23004.6 -50.1185
-0.222222 -23004 -52.7379
-0.232323 -23004.1 -55.3781
-0.242424 -23004.3 -58.0236
-0.252525 -23005 -60.6855
-0.262626 -23005.9 -63.3516
-0.272727 -23007 -66.0297
-0.282828 -23008.3 -68.7108
-0.292929 -23009.8 -71.3994
-0.30303 -23011.4 -74.0894
-0.313131 -23013 -76.7829
-0.323232 -23014.7 -79.4762
-0.333333 -23016.5 -82.1692
-0.343434 -23018.3 -84.8604
-0.353535 -23020.1 -87.548
-0.363636 -23021.9 -90.2323
-0.373737 -23023.6 -92.9103
-0.383838 -23025.4 -95.5834
-0.393939 -23027.1 -98.2481
-0.40404 -23028.8 -100.906
-0.414141 -23030.4 -103.555
-0.424242 -23032 -106.195
-0.434343 -23033.5 -108.824
-0.444444 -23035 -111.443
-0.454545 -23036.5 -114.051
-0.464646 -23038 -116.647
-0.474747 -23039.4 -119.231
-0.484848 -23040.7 -121.802
-0.494949 -23042.1 -124.361
-0.505051 -23043.4 -126.906
-0.515152 -23044.7 -129.437
-0.525253 -23045.9 -131.954
-0.535354 -23047.2 -134.457
-0.545455 -23048.5 -136.944
-0.555556 -23049.7 -139.417
-0.565657 -23051 -141.873
-0.575758 -23052.2 -144.316
-0.585859 -23053.5 -146.74
-0.59596 -23054.7 -149.15
-0.606061 -23056 -151.541
-0.616162 -23057.3 -153.918
-0.626263 -23058.6 -156.275
-0.636364 -23059.9 -158.618
-0.646465 -23061.2 -160.939
-0.656566 -23062.6 -163.248
-0.666667 -23064 -165.534
-0.676768 -23065.4 -167.807
-0.686869 -23066.8 -170.056
-0.69697 -23068.3 -172.294
-0.707071 -23069.8 -174.506
-0.717172 -23071.3 -176.708
-0.727273 -23072.9 -178.884
-0.737374 -23074.4 -181.049
-0.747475 -23076.1 -183.189
-0.757576 -23077.7 -185.319
-0.767677 -23079.3 -187.422
-0.777778 -23081 -189.517
-0.787879 -23082.7 -191.586
-0.79798 -23084.4 -193.647
-0.808081 -23086.1 -195.682
-0.818182 -23087.9 -197.711
-0.828283 -23089.6 -199.714
-0.838384 -23091.3 -201.711
-0.848485 -23093 -203.683
-0.858586 -23094.6 -205.651
-0.868687 -23096.3 -207.594
-0.878788 -23097.9 -209.534
-0.888889 -23099.4 -211.451
-0.89899 -23100.9 -213.364
-0.909091 -23102.2 -215.255
-0.919192 -23103.6 -217.144
-0.929293 -23104.7 -219.012
-0.939394 -23105.9 -220.878
-0.949495 -23106.7 -222.725
-0.959596 -23107.6 -224.572
-0.969697 -23108.2 -226.408
-0.979798 -23108.7 -228.244
-0.989899 -23108.9 -230.018
-1 -23109.1 -231.792
