0 -14047.8 -0.00156042
-0.010101 -15187.6 -9.88508
-0.020202 -15162.1 -19.7794
-0.030303 -15141.8 -30.2812
-0.040404 -15121.7 -40.7883
-0.0505051 -15106.1 -51.4225
-0.0606061 -15090.8 -62.067
-0.0707071 -15079.5 -72.8736
-0.0808081 -15068.4 -83.6919
-0.0909091 -15060.6 -94.6456
-0.10101 -15053 -105.61
-0.111111 -15048 -116.676
-0.121212 -15043.4 -127.751
-0.131313 -15040.7 -138.898
-0.141414 -15038.3 -150.053
-0.151515 -15037.4 -161.261
-0.161616 -15036.7 -172.475
-0.171717 -15037.1 -183.726
-0.181818 -15037.7 -194.982
-0.191919 -15039 -206.264
-0.20202 -15040.5 -217.549
-0.212121 -15042.4 -228.849
-0.222222 -15044.4 -240.15
-0.232323 -15046.7 -251.456
-0.242424 -15049 -262.76
-0.252525 -15051.4 -274.061
-0.262626 -15053.8 -285.357
-0.272727 -15056.2 -296.641
-0.282828 -15058.6 -307.918
-0.292929 -15060.9 -319.175
-0.30303 -15063.2 -330.421
-0.313131 -15065.4 -341.641
-0.323232 -15067.5 -352.847
-0.333333 -15069.5 -364.022
-0.343434 -15071.4 -375.18
-0.353535 -15073.1 -386.302
-0.363636 -15074.8 -397.404
-0.373737 -15076.4 -408.467
-0.383838 -15077.9 -419.504
-0.393939 -15079.2 -430.502
-0.40404 -15080.5 -441.47
-0.414141 -15081.7 -452.396
-0.424242 -15082.8 -463.289
-0.434343 -15083.9 -474.138
-0.444444 -15084.9 -484.95
-0.454545 -15085.8 -495.717
-0.464646 -15086.7 -506.444
-0.474747 -15087.5 -517.124
-0.484848 -15088.3 -527.76
-0.494949 -15089 -538.348
-0.505051 -15089.7 -548.888
-0.515152 -15090.4 -559.38
-0.525253 -15091.1 -569.818
-0.535354 -15091.8 -580.209
-0.545455 -15092.4 -590.541
-0.555556 -15093.1 -600.825
-0.565657 -15093.7 -611.045
-0.575758 -15094.4 -621.217
-0.585859 -15095.1 -631.321
-0.59596 -15095.7 -641.375
-0.606061 -15096.4 -651.356
-0.616162 -15097.1 -661.288
-0.626263 -15097.9 -671.14
-0.636364 -15098.6 -680.943
-0.646465 -15099.4 -690.66
-0.656566 -15100.2 -700.33
-0.666667 -15101.1 -709.906
-0.676768 -15101.9 -719.436
-0.686869 -15102.8 -728.866
-0.69697 -15103.7 -738.249
-0.707071 -15104.7 -747.527
-0.717172 -15105.7 -756.759
-0.727273 -15106.7 -765.877
-0.737374 -15107.8 -774.952
-0.747475 -15108.9 -783.907
-0.757576 -15110.1 -792.819
-0.767677 -15111.3 -801.604
-0.777778 -15112.5 -810.348
-0.787879 -15113.8 -818.958
-0.79798 -15115 -827.53
-0.808081 -15116.4 -835.96
-0.818182 -15117.7 -844.355
-0.828283 -15119.1 -852.601
-0.838384 -15120.5 -860.815
-0.848485 -15121.9 -868.875
-0.858586 -15123.4 -876.905
-0.868687 -15124.8 -884.774
-0.878788 -15126.2 -892.616
-0.888889 -15127.6 -900.293
-0.89899 -15129 -907.947
-0.909091 -15130.3 -915.43
-0.919192 -15131.6 -922.893
-0.929293 -15132.8 -930.184
-0.939394 -15133.9 -937.459
-0.949495 -15134.9 -944.563
-0.959596 -15135.8 -951.656
-0.969697 -15136.5 -958.596
-0.979798 -15137.1 -965.529
-0.989899 -15137.4 -972.279
-1 -15137.6 -979.025
