0 -22630.5 -0.00221827
-0.010101 -22989.6 -2.81469
-0.020202 -22966.1 -5.62561
-0.030303 -22945.2 -8.46253
-0.040404 -22924.4 -11.2996
-0.0505051 -22906.4 -14.1407
-0.0606061 -22888.6 -16.9861
-0.0707071 -22873.6 -19.8998
-0.0808081 -22858.9 -22.8202
-0.0909091 -22846.8 -25.8162
-0.10101 -22835 -28.8194
-0.111111 -22825.6 -31.8871
-0.121212 -22816.6 -34.9618
-0.131313 -22809.6 -38.0879
-0.141414 -22802.9 -41.2206
-0.151515 -22798 -44.3944
-0.161616 -22793.3 -47.5746
-0.171717 -22790.2 -50.7888
-0.181818 -22787.3 -54.0094
-0.191919 -22785.5 -57.2587
-0.20202 -22784 -60.5141
-0.212121 -22783.3 -63.7939
-0.222222 -22782.9 -67.0792
-0.232323 -22783.1 -70.3845
-0.242424 -22783.5 -73.6945
-0.252525 -22784.4 -77.0196
-0.262626 -22785.3 -80.3484
-0.272727 -22786.6 -83.6875
-0.282828 -22788 -87.0289
-0.292929 -22789.6 -90.3758
-0.30303 -22791.2 -93.7234
-0.313131 -22792.9 -97.0722
-0.323232 -22794.7 -100.42
-0.333333 -22796.5 -103.765
-0.343434 -22798.3 -107.107
-0.353535 -22800.2 -110.443
-0.363636 -22802 -113.774
-0.373737 -22803.7 -117.097
-0.383838 -22805.5 -120.413
-0.393939 -22807.2 -123.718
-0.40404 -22808.9 -127.016
-0.414141 -22810.5 -130.3
-0.424242 -22812.1 -133.575
-0.434343 -22813.6 -136.836
-0.444444 -22815.1 -140.085
-0.454545 -22816.6 -143.32
-0.464646 -22818 -146.541
-0.474747 -22819.4 -149.747
-0.484848 -22820.7 -152.938
-0.494949 -22822 -156.114
-0.505051 -22823.3 -159.273
-0.515152 -22824.6 -162.416
-0.525253 -22825.8 -165.542
-0.535354 -22827.1 -168.651
-0.545455 -22828.3 -171.74
-0.555556 -22829.5 -174.814
-0.565657 -22830.8 -177.866
-0.575758 -22832 -180.903
-0.585859 -22833.2 -183.916
-0.59596 -22834.4 -186.914
-0.606061 -22835.7 -189.888
-0.616162 -22837 -192.845
-0.626263 -22838.2 -195.777
-0.636364 -22839.5 -198.694
-0.646465 -22840.9 -201.583
-0.656566 -22842.2 -204.457
-0.666667 -22843.6 -207.302
-0.676768 -22845 -210.133
-0.686869 -22846.4 -212.934
-0.69697 -22847.8 -215.72
-0.707071 -22849.3 -218.475
-0.717172 -22850.8 -221.216
-0.727273 -22852.4 -223.925
-0.737374 -22853.9 -226.622
-0.747475 -22855.5 -229.284
-0.757576 -22857.2 -231.935
-0.767677 -22858.8 -234.552
-0.777778 -22860.5 -237.158
-0.787879 -22862.2 -239.729
-0.79798 -22863.9 -242.291
-0.808081 -22865.6 -244.817
-0.818182 -22867.3 -247.335
-0.828283 -22869 -249.818
-0.838384 -22870.7 -252.293
-0.848485 -22872.4 -254.734
-0.858586 -22874.1 -257.168
-0.868687 -22875.7 -259.568
-0.878788 -22877.4 -261.962
-0.888889 -22878.9 -264.323
-0.89899 -22880.4 -266.678
-0.909091 -22881.8 -269.001
-0.919192 -22883.1 -271.32
-0.929293 -22884.3 -273.606
-0.939394 -22885.5 -275.89
-0.949495 -22886.4 -278.144
-0.959596 -22887.3 -280.396
-0.969697 -22887.8 -282.627
-0.979798 -22888.4 -284.857
-0.989899 -22888.6 -287.017
-1 -22888.8 -289.175
