0 19009.6 0.00203177
-0.010101 19827.7 6.9475
-0.020202 19801.8 13.8982
-0.030303 19780.1 21.2037
-0.040404 19758.5 28.5123
-0.0505051 19740.9 35.8943
-0.0606061 19723.6 43.2842
-0.0707071 19709.9 50.7988
-0.0808081 19696.4 58.3233
-0.0909091 19686.1 65.961
-0.10101 19676 73.6085
-0.111111 19668.6 81.3442
-0.121212 19661.5 89.0888
-0.131313 19656.6 96.8992
-0.141414 19652 104.718
-0.151515 19649.1 112.585
-0.161616 19646.4 120.46
-0.171717 19645.1 128.372
-0.181818 19644 136.29
-0.191919 19643.9 144.236
-0.20202 19643.9 152.188
-0.212121 19644.7 160.159
-0.222222 19645.6 168.134
-0.232323 19647 176.121
-0.242424 19648.5 184.11
-0.252525 19650.3 192.104
-0.262626 19652.1 200.098
-0.272727 19654.1 208.089
-0.282828 19656.1 216.078
-0.292929 19658.2 224.058
-0.30303 19660.3 232.032
-0.313131 19662.4 239.992
-0.323232 19664.4 247.944
-0.333333 19666.4 255.877
-0.343434 19668.4 263.799
-0.353535 19670.3 271.698
-0.363636 19672.1 279.582
-0.373737 19673.8 287.441
-0.383838 19675.5 295.283
-0.393939 19677.1 303.096
-0.40404 19678.7 310.889
-0.414141 19680.2 318.651
-0.424242 19681.6 326.391
-0.434343 19682.9 334.098
-0.444444 19684.2 341.78
-0.454545 19685.4 349.429
-0.464646 19686.6 357.048
-0.474747 19687.8 364.634
-0.484848 19688.9 372.188
-0.494949 19689.9 379.707
-0.505051 19691 387.191
-0.515152 19692 394.639
-0.525253 19693 402.05
-0.535354 19694 409.424
-0.545455 19694.9 416.757
-0.555556 19695.9 424.054
-0.565657 19696.9 431.306
-0.575758 19697.8 438.522
-0.585859 19698.8 445.689
-0.59596 19699.8 452.82
-0.606061 19700.8 459.897
-0.616162 19701.8 466.94
-0.626263 19702.9 473.924
-0.636364 19703.9 480.874
-0.646465 19705 487.762
-0.656566 19706.1 494.615
-0.666667 19707.3 501.403
-0.676768 19708.4 508.156
-0.686869 19709.6 514.839
-0.69697 19710.9 521.488
-0.707071 19712.2 528.062
-0.717172 19713.5 534.604
-0.727273 19714.8 541.067
-0.737374 19716.2 547.498
-0.747475 19717.6 553.845
-0.757576 19719 560.162
-0.767677 19720.5 566.391
-0.777778 19722 572.592
-0.787879 19723.6 578.7
-0.79798 19725.1 584.782
-0.808081 19726.7 590.767
-0.818182 19728.3 596.728
-0.828283 19729.9 602.588
-0.838384 19731.6 608.427
-0.848485 19733.2 614.16
-0.858586 19734.8 619.875
-0.868687 19736.4 625.481
-0.878788 19738 631.071
-0.888889 19739.6 636.55
-0.89899 19741.1 642.014
-0.909091 19742.5 647.365
-0.919192 19743.9 652.704
-0.929293 19745.1 657.929
-0.939394 19746.3 663.144
-0.949495 19747.3 668.248
-0.959596 19748.3 673.346
-0.969697 19748.9 678.346
-0.979798 19749.6 683.342
-0.989899 19749.8 688.201
-1 19750.1 693.057
