0 23388.7 0.00155129
-0.010101 23113.7 -2.82719
-0.020202 23097.1 -5.66531
-0.030303 23080.7 -8.89302
-0.040404 23064.3 -12.1242
-0.0505051 23048.8 -15.4391
-0.0606061 23033.3 -18.7548
-0.0707071 23019.3 -22.0842
-0.0808081 23005.4 -25.4121
-0.0909091 22993.2 -28.7243
-0.10101 22981.2 -32.0339
-0.111111 22970.9 -35.3193
-0.121212 22960.8 -38.6014
-0.131313 22952.4 -41.8589
-0.141414 22944.3 -45.1125
-0.151515 22937.7 -48.3423
-0.161616 22931.4 -51.5675
-0.171717 22926.4 -54.7689
-0.181818 22921.7 -57.9649
-0.191919 22918.2 -61.1361
-0.20202 22914.9 -64.301
-0.212121 22912.7 -67.4404
-0.222222 22910.6 -70.5726
-0.232323 22909.3 -73.6791
-0.242424 22908.3 -76.7777
-0.252525 22907.8 -79.8511
-0.262626 22907.5 -82.9163
-0.272727 22907.7 -85.9577
-0.282828 22908.1 -88.9905
-0.292929 22908.8 -92.0015
-0.30303 22909.5 -95.0039
-0.313131 22910.6 -97.9865
-0.323232 22911.7 -100.961
-0.333333 22913 -103.917
-0.343434 22914.3 -106.865
-0.353535 22915.7 -109.798
-0.363636 22917.2 -112.722
-0.373737 22918.7 -115.633
-0.383838 22920.2 -118.535
-0.393939 22921.8 -121.424
-0.40404 22923.3 -124.306
-0.414141 22924.9 -127.175
-0.424242 22926.4 -130.037
-0.434343 22927.9 -132.887
-0.444444 22929.5 -135.729
-0.454545 22930.9 -138.561
-0.464646 22932.4 -141.383
-0.474747 22933.9 -144.195
-0.484848 22935.3 -146.998
-0.494949 22936.7 -149.791
-0.505051 22938.1 -152.573
-0.515152 22939.5 -155.345
-0.525253 22940.9 -158.107
-0.535354 22942.2 -160.857
-0.545455 22943.6 -163.596
-0.555556 22944.9 -166.324
-0.565657 22946.2 -169.039
-0.575758 22947.6 -171.743
-0.585859 22948.9 -174.432
-0.59596 22950.2 -177.11
-0.606061 22951.6 -179.772
-0.616162 22952.9 -182.422
-0.626263 22954.3 -185.054
-0.636364 22955.7 -187.675
-0.646465 22957.1 -190.275
-0.656566 22958.5 -192.864
-0.666667 22959.9 -195.43
-0.676768 22961.4 -197.983
-0.686869 22962.8 -200.512
-0.69697 22964.3 -203.028
-0.707071 22965.8 -205.516
-0.717172 22967.3 -207.991
-0.727273 22968.9 -210.435
-0.737374 22970.4 -212.866
-0.747475 22972 -215.262
-0.757576 22973.6 -217.645
-0.767677 22975.1 -219.989
-0.777778 22976.7 -222.32
-0.787879 22978.3 -224.607
-0.79798 22979.9 -226.883
-0.808081 22981.5 -229.109
-0.818182 22983.1 -231.324
-0.828283 22984.6 -233.485
-0.838384 22986.2 -235.635
-0.848485 22987.7 -237.727
-0.858586 22989.1 -239.807
-0.868687 22990.5 -241.825
-0.878788 22991.9 -243.833
-0.888889 22993.2 -245.773
-0.89899 22994.4 -247.703
-0.909091 22995.5 -249.563
-0.919192 22996.6 -251.414
-0.929293 22997.5 -253.191
-0.939394 22998.4 -254.961
-0.949495 22999 -256.655
-0.959596 22999.7 -258.343
-0.969697 23000.1 -259.954
-0.979798 23000.5 -261.563
-0.989899 23000.6 -263.144
-1 23000.7 -264.726
