0 -22630.5 -0.00221827
-0.010101 -22989.6 -2.81453
-0.020202 -22966.1 -5.62529
-0.030303 -22945.2 -8.46207
-0.040404 -22924.4 -11.299
-0.0505051 -22906.4 -14.14
-0.0606061 -22888.6 -16.9853
-0.0707071 -22873.6 -19.899
-0.0808081 -22858.9 -22.8193
-0.0909091 -22846.8 -25.8152
-0.10101 -22835 -28.8184
-0.111111 -22825.6 -31.8861
-0.121212 -22816.6 -34.9609
-0.131313 -22809.6 -38.087
-0.141414 -22802.9 -41.2198
-0.151515 -22798 -44.3936
-0.161616 -22793.3 -47.5739
-0.171717 -22790.2 -50.7882
-0.181818 -22787.3 -54.0089
-0.191919 -22785.5 -57.2583
-0.20202 -22784 -60.5139
-0.212121 -22783.3 -63.7938
-0.222222 -22782.9 -67.0793
-0.232323 -22783.1 -70.3847
-0.242424 -22783.5 -73.6949
-0.252525 -22784.4 -77.0203
-0.262626 -22785.3 -80.3493
-0.272727 -22786.6 -83.6887
-0.282828 -22788 -87.0302
-0.292929 -22789.6 -90.3774
-0.30303 -22791.2 -93.7252
-0.313131 -22792.9 -97.0743
-0.323232 -22794.7 -100.422
-0.333333 -22796.5 -103.767
-0.343434 -22798.3 -107.11
-0.353535 -22800.1 -110.446
-0.363636 -22801.9 -113.778
-0.373737 -22803.7 -117.101
-0.383838 -22805.5 -120.417
-0.393939 -22807.2 -123.723
-0.40404 -22808.9 -127.02
-0.414141 -22810.5 -130.305
-0.424242 -22812.1 -133.58
-0.434343 -22813.6 -136.841
-0.444444 -22815.1 -140.091
-0.454545 -22816.6 -143.326
-0.464646 -22818 -146.548
-0.474747 -22819.4 -149.754
-0.484848 -22820.7 -152.946
-0.494949 -22822 -156.122
-0.505051 -22823.3 -159.281
-0.515152 -22824.6 -162.425
-0.525253 -22825.8 -165.55
-0.535354 -22827.1 -168.66
-0.545455 -22828.3 -171.75
-0.555556 -22829.5 -174.823
-0.565657 -22830.8 -177.876
-0.575758 -22832 -180.913
-0.585859 -22833.2 -183.927
-0.59596 -22834.4 -186.925
-0.606061 -22835.7 -189.899
-0.616162 -22836.9 -192.857
-0.626263 -22838.2 -195.789
-0.636364 -22839.5 -198.706
-0.646465 -22840.8 -201.595
-0.656566 -22842.2 -204.47
-0.666667 -22843.6 -207.315
-0.676768 -22844.9 -210.146
-0.686869 -22846.4 -212.947
-0.69697 -22847.8 -215.734
-0.707071 -22849.3 -218.489
-0.717172 -22850.8 -221.231
-0.727273 -22852.4 -223.94
-0.737374 -22853.9 -226.636
-0.747475 -22855.5 -229.299
-0.757576 -22857.2 -231.951
-0.767677 -22858.8 -234.568
-0.777778 -22860.5 -237.174
-0.787879 -22862.2 -239.745
-0.79798 -22863.9 -242.307
-0.808081 -22865.6 -244.834
-0.818182 -22867.3 -247.352
-0.828283 -22869 -249.835
-0.838384 -22870.7 -252.311
-0.848485 -22872.4 -254.752
-0.858586 -22874.1 -257.186
-0.868687 -22875.7 -259.586
-0.878788 -22877.4 -261.981
-0.888889 -22878.9 -264.341
-0.89899 -22880.4 -266.697
-0.909091 -22881.8 -269.02
-0.919192 -22883.1 -271.339
-0.929293 -22884.3 -273.626
-0.939394 -22885.4 -275.909
-0.949495 -22886.3 -278.164
-0.959596 -22887.2 -280.416
-0.969697 -22887.8 -282.647
-0.979798 -22888.4 -284.878
-0.989899 -22888.6 -287.038
-1 -22888.8 -289.196
