0 1213.34 0.000160994
-0.010101 -254.339 -13.0447
-0.020202 -237.846 -26.1091
-0.030303 -227.085 -40.1312
-0.040404 -216.509 -54.1617
-0.0505051 -210.393 -68.3942
-0.0606061 -204.49 -82.6388
-0.0707071 -201.938 -97.0738
-0.0808081 -199.596 -111.521
-0.0909091 -199.67 -126.107
-0.10101 -199.926 -140.704
-0.111111 -201.832 -155.396
-0.121212 -203.88 -170.096
-0.131313 -206.968 -184.858
-0.141414 -210.15 -199.627
-0.151515 -213.906 -214.436
-0.161616 -217.706 -229.25
-0.171717 -221.734 -244.088
-0.181818 -225.759 -258.927
-0.191919 -229.768 -273.777
-0.20202 -233.733 -288.626
-0.212121 -237.52 -303.473
-0.222222 -241.23 -318.317
-0.232323 -244.665 -333.147
-0.242424 -247.997 -347.97
-0.252525 -251.006 -362.77
-0.262626 -253.895 -377.559
-0.272727 -256.448 -392.318
-0.282828 -258.873 -407.062
-0.292929 -260.971 -421.769
-0.30303 -262.941 -436.457
-0.313131 -264.611 -451.103
-0.323232 -266.155 -465.726
-0.333333 -267.435 -480.302
-0.343434 -268.599 -494.853
-0.353535 -269.536 -509.353
-0.363636 -270.369 -523.824
-0.373737 -271.015 -538.241
-0.383838 -271.569 -552.626
-0.393939 -271.973 -566.955
-0.40404 -272.3 -581.247
-0.414141 -272.51 -595.482
-0.424242 -272.657 -609.676
-0.434343 -272.717 -623.812
-0.444444 -272.726 -637.902
-0.454545 -272.673 -651.933
-0.464646 -272.582 -665.913
-0.474747 -272.447 -679.834
-0.484848 -272.287 -693.698
-0.494949 -272.099 -707.503
-0.505051 -271.894 -721.246
-0.515152 -271.673 -734.928
-0.525253 -271.445 -748.543
-0.535354 -271.21 -762.096
-0.545455 -270.973 -775.577
-0.555556 -270.736 -788.995
-0.565657 -270.505 -802.334
-0.575758 -270.277 -815.611
-0.585859 -270.059 -828.801
-0.59596 -269.849 -841.928
-0.606061 -269.652 -854.961
-0.616162 -269.466 -867.932
-0.626263 -269.297 -880.8
-0.636364 -269.14 -893.606
-0.646465 -269.005 -906.302
-0.656566 -268.882 -918.936
-0.666667 -268.785 -931.45
-0.676768 -268.702 -943.903
-0.686869 -268.65 -956.227
-0.69697 -268.612 -968.49
-0.707071 -268.61 -980.615
-0.717172 -268.623 -992.68
-0.727273 -268.677 -1004.6
-0.737374 -268.748 -1016.45
-0.747475 -268.866 -1028.15
-0.757576 -269.001 -1039.8
-0.767677 -269.189 -1051.27
-0.777778 -269.395 -1062.69
-0.787879 -269.661 -1073.92
-0.79798 -269.943 -1085.11
-0.808081 -270.29 -1096.1
-0.818182 -270.653 -1107.05
-0.828283 -271.084 -1117.79
-0.838384 -271.53 -1128.48
-0.848485 -272.043 -1138.97
-0.858586 -272.568 -1149.41
-0.868687 -273.154 -1159.63
-0.878788 -273.749 -1169.81
-0.888889 -274.392 -1179.75
-0.89899 -275.041 -1189.67
-0.909091 -275.712 -1199.34
-0.919192 -276.386 -1208.99
-0.929293 -277.045 -1218.39
-0.939394 -277.703 -1227.76
-0.949495 -278.291 -1236.9
-0.959596 -278.874 -1246.01
-0.969697 -279.314 -1254.9
-0.979798 -279.747 -1263.78
-0.989899 -279.92 -1272.44
-1 -280.088 -1281.09
