0 10578.7 0.00136926
-0.010101 9238.03 -12.0702
-0.020202 9245.05 -24.1626
-0.030303 9247.33 -37.216
-0.040404 9249.46 -50.2778
-0.0505051 9248.24 -63.5431
-0.0606061 9246.87 -76.8188
-0.0707071 9243.28 -90.2596
-0.0808081 9239.57 -103.71
-0.0909091 9234.51 -117.27
-0.10101 9229.37 -130.839
-0.111111 9223.57 -144.476
-0.121212 9217.74 -158.119
-0.131313 9211.72 -171.804
-0.141414 9205.73 -185.494
-0.151515 9199.89 -199.207
-0.161616 9194.12 -212.922
-0.171717 9188.72 -226.647
-0.181818 9183.44 -240.372
-0.191919 9178.65 -254.096
-0.20202 9173.99 -267.816
-0.212121 9169.89 -281.523
-0.222222 9165.94 -295.225
-0.232323 9162.55 -308.905
-0.242424 9159.32 -322.576
-0.252525 9156.63 -336.218
-0.262626 9154.09 -349.848
-0.272727 9152.04 -363.441
-0.282828 9150.15 -377.02
-0.292929 9148.67 -390.557
-0.30303 9147.34 -404.076
-0.313131 9146.37 -417.551
-0.323232 9145.53 -431.005
-0.333333 9144.98 -444.411
-0.343434 9144.55 -457.793
-0.353535 9144.35 -471.126
-0.363636 9144.25 -484.431
-0.373737 9144.33 -497.686
-0.383838 9144.49 -510.909
-0.393939 9144.79 -524.082
-0.40404 9145.15 -537.219
-0.414141 9145.6 -550.305
-0.424242 9146.11 -563.352
-0.434343 9146.69 -576.347
-0.444444 9147.3 -589.3
-0.454545 9147.95 -602.199
-0.464646 9148.63 -615.052
-0.474747 9149.34 -627.85
-0.484848 9150.06 -640.599
-0.494949 9150.79 -653.292
-0.505051 9151.53 -665.93
-0.515152 9152.28 -678.513
-0.525253 9153.03 -691.035
-0.535354 9153.78 -703.502
-0.545455 9154.53 -715.902
-0.555556 9155.28 -728.246
-0.565657 9156.02 -740.518
-0.575758 9156.75 -752.734
-0.585859 9157.48 -764.871
-0.59596 9158.2 -776.951
-0.606061 9158.92 -788.946
-0.616162 9159.63 -800.883
-0.626263 9160.33 -812.728
-0.636364 9161.02 -824.516
-0.646465 9161.71 -836.203
-0.656566 9162.38 -847.833
-0.666667 9163.05 -859.355
-0.676768 9163.71 -870.819
-0.686869 9164.35 -882.166
-0.69697 9164.99 -893.457
-0.707071 9165.6 -904.62
-0.717172 9166.21 -915.728
-0.727273 9166.8 -926.699
-0.737374 9167.37 -937.616
-0.747475 9167.91 -948.385
-0.757576 9168.45 -959.103
-0.767677 9168.94 -969.661
-0.777778 9169.42 -980.169
-0.787879 9169.85 -990.507
-0.79798 9170.27 -1000.8
-0.808081 9170.62 -1010.91
-0.818182 9170.96 -1020.97
-0.828283 9171.24 -1030.84
-0.838384 9171.49 -1040.67
-0.848485 9171.67 -1050.3
-0.858586 9171.83 -1059.89
-0.868687 9171.91 -1069.26
-0.878788 9171.98 -1078.61
-0.888889 9171.95 -1087.72
-0.89899 9171.92 -1096.81
-0.909091 9171.81 -1105.66
-0.919192 9171.68 -1114.49
-0.929293 9171.5 -1123.08
-0.939394 9171.31 -1131.66
-0.949495 9171.08 -1139.99
-0.959596 9170.86 -1148.31
-0.969697 9170.66 -1156.4
-0.979798 9170.45 -1164.49
-0.989899 9170.36 -1172.38
-1 9170.28 -1180.27
