0 -23565.8 -0.00276487
-0.010101 -23390.5 1.94172
-0.020202 -23372.6 3.89543
-0.030303 -23355.2 6.17657
-0.040404 -23337.9 8.46065
-0.0505051 -23321.8 10.8154
-0.0606061 -23305.8 13.1703
-0.0707071 -23291.4 15.5257
-0.0808081 -23277.2 17.8788
-0.0909091 -23264.9 20.2062
-0.10101 -23252.7 22.5302
-0.111111 -23242.4 24.8231
-0.121212 -23232.4 27.112
-0.131313 -23224.1 29.3716
-0.141414 -23216.1 31.6268
-0.151515 -23209.7 33.855
-0.161616 -23203.6 36.0783
-0.171717 -23198.8 38.2756
-0.181818 -23194.4 40.4674
-0.191919 -23191.1 42.6334
-0.20202 -23188.1 44.7929
-0.212121 -23186 46.9268
-0.222222 -23184.2 49.0535
-0.232323 -23183.2 51.1552
-0.242424 -23182.3 53.2493
-0.252525 -23182.1 55.3196
-0.262626 -23182 57.3821
-0.272727 -23182.4 59.4228
-0.282828 -23182.9 61.4558
-0.292929 -23183.7 63.4692
-0.30303 -23184.7 65.4753
-0.313131 -23185.8 67.4642
-0.323232 -23187.1 69.4463
-0.333333 -23188.4 71.4136
-0.343434 -23189.9 73.3744
-0.353535 -23191.4 75.3227
-0.363636 -23192.9 77.2649
-0.373737 -23194.5 79.1964
-0.383838 -23196.1 81.1222
-0.393939 -23197.7 83.0388
-0.40404 -23199.3 84.9499
-0.414141 -23200.8 86.853
-0.424242 -23202.4 88.7509
-0.434343 -23204 90.6415
-0.444444 -23205.5 92.5268
-0.454545 -23207 94.4055
-0.464646 -23208.5 96.2788
-0.474747 -23209.9 98.1459
-0.484848 -23211.4 100.007
-0.494949 -23212.8 101.863
-0.505051 -23214.2 103.712
-0.515152 -23215.6 105.555
-0.525253 -23216.9 107.392
-0.535354 -23218.3 109.222
-0.545455 -23219.6 111.045
-0.555556 -23221 112.863
-0.565657 -23222.3 114.672
-0.575758 -23223.6 116.474
-0.585859 -23225 118.268
-0.59596 -23226.3 120.055
-0.606061 -23227.6 121.831
-0.616162 -23229 123.601
-0.626263 -23230.4 125.359
-0.636364 -23231.8 127.111
-0.646465 -23233.2 128.849
-0.656566 -23234.6 130.58
-0.666667 -23236 132.296
-0.676768 -23237.5 134.004
-0.686869 -23238.9 135.696
-0.69697 -23240.4 137.379
-0.707071 -23241.9 139.043
-0.717172 -23243.5 140.7
-0.727273 -23245 142.334
-0.737374 -23246.6 143.96
-0.747475 -23248.2 145.561
-0.757576 -23249.8 147.154
-0.767677 -23251.4 148.719
-0.777778 -23253.1 150.274
-0.787879 -23254.7 151.798
-0.79798 -23256.3 153.314
-0.808081 -23258 154.793
-0.818182 -23259.6 156.264
-0.828283 -23261.2 157.696
-0.838384 -23262.8 159.118
-0.848485 -23264.3 160.497
-0.858586 -23265.8 161.868
-0.868687 -23267.3 163.19
-0.878788 -23268.7 164.505
-0.888889 -23270 165.768
-0.89899 -23271.3 167.024
-0.909091 -23272.5 168.225
-0.919192 -23273.6 169.42
-0.929293 -23274.6 170.556
-0.939394 -23275.5 171.687
-0.949495 -23276.2 172.758
-0.959596 -23276.9 173.824
-0.969697 -23277.3 174.829
-0.979798 -23277.8 175.83
-0.989899 -23277.9 176.822
-1 -23278.1 177.813
