0 22468.5 0.00161631
-0.010101 22860.1 3.10505
-0.020202 22836.4 6.20794
-0.030303 22815.3 9.35954
-0.040404 22794.4 12.5115
-0.0505051 22776.4 15.6722
-0.0606061 22758.6 18.8375
-0.0707071 22743.6 22.0752
-0.0808081 22728.9 25.3198
-0.0909091 22716.9 28.6427
-0.10101 22705.2 31.973
-0.111111 22695.9 35.3696
-0.121212 22686.9 38.7734
-0.131313 22680.1 42.2295
-0.141414 22673.5 45.6924
-0.151515 22668.7 49.197
-0.161616 22664.2 52.7081
-0.171717 22661.1 56.2533
-0.181818 22658.3 59.8049
-0.191919 22656.7 63.3853
-0.20202 22655.2 66.9717
-0.212121 22654.7 70.5821
-0.222222 22654.3 74.198
-0.232323 22654.6 77.8332
-0.242424 22655.1 81.473
-0.252525 22656 85.1272
-0.262626 22657.1 88.7847
-0.272727 22658.4 92.4518
-0.282828 22659.8 96.1206
-0.292929 22661.4 99.7941
-0.30303 22663.1 103.468
-0.313131 22664.9 107.141
-0.323232 22666.7 110.813
-0.333333 22668.5 114.482
-0.343434 22670.3 118.146
-0.353535 22672.2 121.804
-0.363636 22674 125.456
-0.373737 22675.8 129.098
-0.383838 22677.5 132.733
-0.393939 22679.2 136.356
-0.40404 22680.9 139.969
-0.414141 22682.5 143.569
-0.424242 22684.1 147.158
-0.434343 22685.6 150.732
-0.444444 22687.1 154.293
-0.454545 22688.6 157.839
-0.464646 22690 161.37
-0.474747 22691.3 164.884
-0.484848 22692.7 168.382
-0.494949 22694 171.863
-0.505051 22695.3 175.327
-0.515152 22696.5 178.772
-0.525253 22697.8 182.199
-0.535354 22699 185.608
-0.545455 22700.2 188.996
-0.555556 22701.4 192.366
-0.565657 22702.6 195.714
-0.575758 22703.8 199.044
-0.585859 22705.1 202.349
-0.59596 22706.3 205.637
-0.606061 22707.5 208.899
-0.616162 22708.8 212.144
-0.626263 22710 215.361
-0.636364 22711.3 218.56
-0.646465 22712.6 221.731
-0.656566 22714 224.884
-0.666667 22715.3 228.006
-0.676768 22716.7 231.112
-0.686869 22718.1 234.185
-0.69697 22719.6 237.243
-0.707071 22721 240.266
-0.717172 22722.5 243.274
-0.727273 22724.1 246.246
-0.737374 22725.6 249.205
-0.747475 22727.2 252.126
-0.757576 22728.8 255.034
-0.767677 22730.5 257.904
-0.777778 22732.1 260.762
-0.787879 22733.8 263.582
-0.79798 22735.5 266.39
-0.808081 22737.3 269.159
-0.818182 22739 271.919
-0.828283 22740.7 274.638
-0.838384 22742.4 277.35
-0.848485 22744.1 280.021
-0.858586 22745.8 282.686
-0.868687 22747.4 285.31
-0.878788 22749 287.929
-0.888889 22750.6 290.508
-0.89899 22752.1 293.082
-0.909091 22753.5 295.617
-0.919192 22754.8 298.147
-0.929293 22756 300.64
-0.939394 22757.2 303.129
-0.949495 22758.1 305.583
-0.959596 22759 308.035
-0.969697 22759.6 310.46
-0.979798 22760.2 312.884
-0.989899 22760.4 315.233
-1 22760.6 317.581
