0 -21804.8 -0.00197019
-0.010101 -21178.7 5.91602
-0.020202 -21167.7 11.8481
-0.030303 -21155.3 18.382
-0.040404 -21142.9 24.9214
-0.0505051 -21130.2 31.589
-0.0606061 -21117.5 38.2605
-0.0707071 -21105.3 44.9929
-0.0808081 -21093.1 51.7272
-0.0909091 -21081.9 58.4823
-0.10101 -21070.7 65.2376
-0.111111 -21060.8 71.9947
-0.121212 -21051 78.7508
-0.131313 -21042.5 85.5001
-0.141414 -21034.2 92.2475
-0.151515 -21027.2 98.9832
-0.161616 -21020.4 105.716
-0.171717 -21014.8 112.433
-0.181818 -21009.5 119.145
-0.191919 -21005.3 125.837
-0.20202 -21001.2 132.523
-0.212121 -20998.2 139.185
-0.222222 -20995.3 145.839
-0.232323 -20993.3 152.466
-0.242424 -20991.5 159.084
-0.252525 -20990.3 165.673
-0.262626 -20989.3 172.252
-0.272727 -20988.8 178.801
-0.282828 -20988.5 185.339
-0.292929 -20988.6 191.846
-0.30303 -20988.9 198.342
-0.313131 -20989.4 204.808
-0.323232 -20990 211.26
-0.333333 -20990.9 217.685
-0.343434 -20991.8 224.095
-0.353535 -20992.9 230.478
-0.363636 -20994 236.846
-0.373737 -20995.2 243.187
-0.383838 -20996.5 249.513
-0.393939 -20997.8 255.812
-0.40404 -20999.1 262.095
-0.414141 -21000.5 268.353
-0.424242 -21001.9 274.592
-0.434343 -21003.3 280.807
-0.444444 -21004.7 287.002
-0.454545 -21006 293.172
-0.464646 -21007.4 299.321
-0.474747 -21008.8 305.446
-0.484848 -21010.1 311.548
-0.494949 -21011.5 317.625
-0.505051 -21012.8 323.677
-0.515152 -21014.2 329.704
-0.525253 -21015.5 335.703
-0.535354 -21016.8 341.678
-0.545455 -21018.1 347.623
-0.555556 -21019.4 353.542
-0.565657 -21020.6 359.429
-0.575758 -21021.9 365.29
-0.585859 -21023.2 371.116
-0.59596 -21024.5 376.915
-0.606061 -21025.8 382.675
-0.616162 -21027.1 388.409
-0.626263 -21028.4 394.1
-0.636364 -21029.7 399.765
-0.646465 -21031 405.383
-0.656566 -21032.3 410.974
-0.666667 -21033.7 416.514
-0.676768 -21035 422.028
-0.686869 -21036.4 427.485
-0.69697 -21037.7 432.915
-0.707071 -21039.1 438.284
-0.717172 -21040.5 443.627
-0.727273 -21041.9 448.903
-0.737374 -21043.3 454.152
-0.747475 -21044.7 459.328
-0.757576 -21046.1 464.479
-0.767677 -21047.5 469.55
-0.777778 -21049 474.595
-0.787879 -21050.4 479.555
-0.79798 -21051.8 484.489
-0.808081 -21053.1 489.331
-0.818182 -21054.5 494.149
-0.828283 -21055.8 498.866
-0.838384 -21057.1 503.561
-0.848485 -21058.3 508.148
-0.858586 -21059.6 512.715
-0.868687 -21060.7 517.167
-0.878788 -21061.8 521.6
-0.888889 -21062.8 525.912
-0.89899 -21063.8 530.207
-0.909091 -21064.6 534.374
-0.919192 -21065.4 538.528
-0.929293 -21066.1 542.55
-0.939394 -21066.7 546.561
-0.949495 -21067.2 550.438
-0.959596 -21067.6 554.307
-0.969697 -21067.9 558.047
-0.979798 -21068.1 561.781
-0.989899 -21068.2 565.436
-1 -21068.3 569.089
