0 2574.37 0.000298315
-0.010101 4024.69 12.8291
-0.020202 4005.19 25.676
-0.030303 3991.54 39.435
-0.040404 3978.09 53.202
-0.0505051 3969.34 67.161
-0.0606061 3960.81 81.1321
-0.0707071 3955.93 95.295
-0.0808081 3951.28 109.47
-0.0909091 3949.37 123.79
-0.10101 3947.67 138.121
-0.111111 3947.93 152.552
-0.121212 3948.38 166.992
-0.131313 3950.15 181.5
-0.141414 3952.07 196.015
-0.151515 3954.82 210.575
-0.161616 3957.66 225.141
-0.171717 3960.96 239.734
-0.181818 3964.29 254.331
-0.191919 3967.8 268.941
-0.20202 3971.31 283.553
-0.212121 3974.8 298.166
-0.222222 3978.24 312.776
-0.232323 3981.53 327.377
-0.242424 3984.75 341.972
-0.252525 3987.75 356.548
-0.262626 3990.65 371.115
-0.272727 3993.28 385.653
-0.282828 3995.8 400.179
-0.292929 3998.05 414.67
-0.30303 4000.19 429.143
-0.313131 4002.06 443.576
-0.323232 4003.81 457.988
-0.333333 4005.32 472.355
-0.343434 4006.73 486.697
-0.353535 4007.91 500.99
-0.363636 4009 515.254
-0.373737 4009.9 529.467
-0.383838 4010.72 543.647
-0.393939 4011.38 557.773
-0.40404 4011.97 571.862
-0.414141 4012.43 585.895
-0.424242 4012.83 599.887
-0.434343 4013.14 613.823
-0.444444 4013.4 627.712
-0.454545 4013.59 641.544
-0.464646 4013.74 655.325
-0.474747 4013.84 669.047
-0.484848 4013.91 682.713
-0.494949 4013.94 696.32
-0.505051 4013.96 709.866
-0.515152 4013.96 723.351
-0.525253 4013.95 736.77
-0.535354 4013.93 750.128
-0.545455 4013.91 763.414
-0.555556 4013.89 776.637
-0.565657 4013.87 789.783
-0.575758 4013.86 802.866
-0.585859 4013.85 815.863
-0.59596 4013.86 828.799
-0.606061 4013.88 841.641
-0.616162 4013.91 854.421
-0.626263 4013.96 867.101
-0.636364 4014.02 879.718
-0.646465 4014.11 892.227
-0.656566 4014.21 904.674
-0.666667 4014.35 917.003
-0.676768 4014.5 929.271
-0.686869 4014.69 941.412
-0.69697 4014.89 953.494
-0.707071 4015.13 965.439
-0.717172 4015.39 977.325
-0.727273 4015.7 989.065
-0.737374 4016.02 1000.75
-0.747475 4016.4 1012.27
-0.757576 4016.79 1023.74
-0.767677 4017.24 1035.05
-0.777778 4017.71 1046.3
-0.787879 4018.24 1057.37
-0.79798 4018.79 1068.39
-0.808081 4019.4 1079.23
-0.818182 4020.03 1090.02
-0.828283 4020.72 1100.6
-0.838384 4021.43 1111.15
-0.848485 4022.19 1121.49
-0.858586 4022.96 1131.78
-0.868687 4023.79 1141.86
-0.878788 4024.62 1151.9
-0.888889 4025.48 1161.72
-0.89899 4026.34 1171.5
-0.909091 4027.21 1181.05
-0.919192 4028.07 1190.58
-0.929293 4028.88 1199.86
-0.939394 4029.7 1209.12
-0.949495 4030.4 1218.15
-0.959596 4031.1 1227.16
-0.969697 4031.62 1235.95
-0.979798 4032.12 1244.73
-0.989899 4032.32 1253.29
-1 4032.51 1261.84
