0 1213.34 0.000160993
-0.010101 -254.338 -13.0444
-0.020202 -237.846 -26.1085
-0.030303 -227.084 -40.1303
-0.040404 -216.508 -54.1605
-0.0505051 -210.391 -68.3928
-0.0606061 -204.488 -82.6372
-0.0707071 -201.936 -97.0721
-0.0808081 -199.594 -111.519
-0.0909091 -199.667 -126.106
-0.10101 -199.923 -140.703
-0.111111 -201.829 -155.394
-0.121212 -203.876 -170.094
-0.131313 -206.964 -184.856
-0.141414 -210.146 -199.625
-0.151515 -213.902 -214.435
-0.161616 -217.701 -229.249
-0.171717 -221.729 -244.086
-0.181818 -225.753 -258.926
-0.191919 -229.762 -273.776
-0.20202 -233.727 -288.626
-0.212121 -237.514 -303.473
-0.222222 -241.223 -318.317
-0.232323 -244.658 -333.147
-0.242424 -247.99 -347.97
-0.252525 -250.998 -362.771
-0.262626 -253.888 -377.561
-0.272727 -256.44 -392.32
-0.282828 -258.865 -407.065
-0.292929 -260.963 -421.772
-0.30303 -262.932 -436.461
-0.313131 -264.602 -451.107
-0.323232 -266.146 -465.73
-0.333333 -267.426 -480.307
-0.343434 -268.589 -494.858
-0.353535 -269.526 -509.359
-0.363636 -270.358 -523.83
-0.373737 -271.004 -538.249
-0.383838 -271.558 -552.634
-0.393939 -271.962 -566.964
-0.40404 -272.289 -581.256
-0.414141 -272.499 -595.492
-0.424242 -272.645 -609.686
-0.434343 -272.705 -623.823
-0.444444 -272.714 -637.913
-0.454545 -272.66 -651.945
-0.464646 -272.569 -665.926
-0.474747 -272.435 -679.847
-0.484848 -272.274 -693.713
-0.494949 -272.085 -707.518
-0.505051 -271.881 -721.261
-0.515152 -271.66 -734.944
-0.525253 -271.431 -748.56
-0.535354 -271.195 -762.114
-0.545455 -270.959 -775.595
-0.555556 -270.722 -789.014
-0.565657 -270.49 -802.354
-0.575758 -270.262 -815.631
-0.585859 -270.044 -828.821
-0.59596 -269.833 -841.949
-0.606061 -269.637 -854.983
-0.616162 -269.45 -867.954
-0.626263 -269.281 -880.823
-0.636364 -269.124 -893.63
-0.646465 -268.989 -906.326
-0.656566 -268.866 -918.961
-0.666667 -268.769 -931.475
-0.676768 -268.686 -943.929
-0.686869 -268.633 -956.253
-0.69697 -268.595 -968.517
-0.707071 -268.593 -980.642
-0.717172 -268.606 -992.708
-0.727273 -268.66 -1004.62
-0.737374 -268.731 -1016.48
-0.747475 -268.849 -1028.18
-0.757576 -268.983 -1039.83
-0.767677 -269.172 -1051.3
-0.777778 -269.378 -1062.72
-0.787879 -269.643 -1073.95
-0.79798 -269.925 -1085.14
-0.808081 -270.272 -1096.13
-0.818182 -270.635 -1107.08
-0.828283 -271.066 -1117.82
-0.838384 -271.512 -1128.52
-0.848485 -272.024 -1139
-0.858586 -272.55 -1149.44
-0.868687 -273.135 -1159.66
-0.878788 -273.731 -1169.84
-0.888889 -274.373 -1179.79
-0.89899 -275.022 -1189.71
-0.909091 -275.694 -1199.38
-0.919192 -276.368 -1209.03
-0.929293 -277.027 -1218.43
-0.939394 -277.684 -1227.8
-0.949495 -278.272 -1236.94
-0.959596 -278.856 -1246.05
-0.969697 -279.295 -1254.94
-0.979798 -279.728 -1263.82
-0.989899 -279.901 -1272.48
-1 -280.069 -1281.13
