0 -17999.6 -0.00167938
-0.010101 -18899.5 -7.68906
-0.020202 -18873.5 -15.3833
-0.030303 -18851.9 -23.4944
-0.040404 -18830.5 -31.6092
-0.0505051 -18813.3 -39.8106
-0.0606061 -18796.3 -48.0206
-0.0707071 -18783 -56.3653
-0.0808081 -18770 -64.7203
-0.0909091 -18760.2 -73.1947
-0.10101 -18750.6 -81.6793
-0.111111 -18743.7 -90.2557
-0.121212 -18737.2 -98.8413
-0.131313 -18732.7 -107.495
-0.141414 -18728.6 -116.156
-0.151515 -18726.1 -124.868
-0.161616 -18723.9 -133.587
-0.171717 -18723 -142.343
-0.181818 -18722.2 -151.106
-0.191919 -18722.5 -159.896
-0.20202 -18722.9 -168.691
-0.212121 -18723.9 -177.505
-0.222222 -18725.1 -186.322
-0.232323 -18726.7 -195.15
-0.242424 -18728.4 -203.979
-0.252525 -18730.3 -212.811
-0.262626 -18732.3 -221.641
-0.272727 -18734.4 -230.467
-0.282828 -18736.5 -239.289
-0.292929 -18738.7 -248.1
-0.30303 -18740.8 -256.904
-0.313131 -18742.9 -265.691
-0.323232 -18745 -274.468
-0.333333 -18747 -283.224
-0.343434 -18749 -291.966
-0.353535 -18750.9 -300.683
-0.363636 -18752.7 -309.384
-0.373737 -18754.4 -318.055
-0.383838 -18756.1 -326.708
-0.393939 -18757.6 -335.329
-0.40404 -18759.1 -343.928
-0.414141 -18760.5 -352.493
-0.424242 -18761.9 -361.033
-0.434343 -18763.2 -369.538
-0.444444 -18764.4 -378.014
-0.454545 -18765.6 -386.454
-0.464646 -18766.7 -394.863
-0.474747 -18767.8 -403.234
-0.484848 -18768.8 -411.57
-0.494949 -18769.8 -419.868
-0.505051 -18770.8 -428.127
-0.515152 -18771.7 -436.348
-0.525253 -18772.7 -444.527
-0.535354 -18773.6 -452.667
-0.545455 -18774.5 -460.761
-0.555556 -18775.4 -468.816
-0.565657 -18776.3 -476.821
-0.575758 -18777.2 -484.787
-0.585859 -18778.1 -492.699
-0.59596 -18779 -500.572
-0.606061 -18780 -508.387
-0.616162 -18780.9 -516.162
-0.626263 -18781.9 -523.875
-0.636364 -18782.9 -531.549
-0.646465 -18783.9 -539.155
-0.656566 -18785 -546.723
-0.666667 -18786 -554.218
-0.676768 -18787.1 -561.676
-0.686869 -18788.3 -569.056
-0.69697 -18789.5 -576.399
-0.707071 -18790.7 -583.659
-0.717172 -18791.9 -590.884
-0.727273 -18793.2 -598.02
-0.737374 -18794.5 -605.123
-0.747475 -18795.9 -612.132
-0.757576 -18797.3 -619.108
-0.767677 -18798.7 -625.986
-0.777778 -18800.1 -632.833
-0.787879 -18801.6 -639.576
-0.79798 -18803.1 -646.29
-0.808081 -18804.7 -652.896
-0.818182 -18806.2 -659.475
-0.828283 -18807.8 -665.942
-0.838384 -18809.4 -672.384
-0.848485 -18811 -678.709
-0.858586 -18812.6 -685.012
-0.868687 -18814.2 -691.194
-0.878788 -18815.7 -697.356
-0.888889 -18817.2 -703.395
-0.89899 -18818.7 -709.416
-0.909091 -18820.1 -715.31
-0.919192 -18821.5 -721.19
-0.929293 -18822.8 -726.941
-0.939394 -18824 -732.681
-0.949495 -18825 -738.296
-0.959596 -18825.9 -743.902
-0.969697 -18826.6 -749.398
-0.979798 -18827.2 -754.889
-0.989899 -18827.5 -760.23
-1 -18827.7 -765.568
