0 -10345.4 -0.00119592
-0.010101 -11634.8 -11.2726
-0.020202 -11610.6 -22.5578
-0.030303 -11592.1 -34.5807
-0.040404 -11573.7 -46.6099
-0.0505051 -11560.1 -58.7941
-0.0606061 -11546.8 -70.9896
-0.0707071 -11537.4 -83.3633
-0.0808081 -11528.3 -95.7495
-0.0909091 -11522.4 -108.279
-0.10101 -11516.7 -120.82
-0.111111 -11513.5 -133.464
-0.121212 -11510.5 -146.118
-0.131313 -11509.4 -158.846
-0.141414 -11508.4 -171.581
-0.151515 -11508.8 -184.368
-0.161616 -11509.4 -197.161
-0.171717 -11510.9 -209.99
-0.181818 -11512.5 -222.823
-0.191919 -11514.6 -235.678
-0.20202 -11516.9 -248.535
-0.212121 -11519.4 -261.403
-0.222222 -11522 -274.271
-0.232323 -11524.7 -287.139
-0.242424 -11527.4 -300.004
-0.252525 -11530.1 -312.86
-0.262626 -11532.8 -325.709
-0.272727 -11535.4 -338.54
-0.282828 -11537.9 -351.361
-0.292929 -11540.3 -364.157
-0.30303 -11542.6 -376.939
-0.313131 -11544.7 -389.689
-0.323232 -11546.7 -402.422
-0.333333 -11548.6 -415.118
-0.343434 -11550.4 -427.793
-0.353535 -11552 -440.427
-0.363636 -11553.5 -453.036
-0.373737 -11554.9 -465.601
-0.383838 -11556.2 -478.137
-0.393939 -11557.4 -490.627
-0.40404 -11558.4 -503.084
-0.414141 -11559.4 -515.492
-0.424242 -11560.3 -527.864
-0.434343 -11561.1 -540.185
-0.444444 -11561.9 -552.465
-0.454545 -11562.5 -564.693
-0.464646 -11563.2 -576.877
-0.474747 -11563.8 -589.008
-0.484848 -11564.3 -601.089
-0.494949 -11564.8 -613.116
-0.505051 -11565.3 -625.089
-0.515152 -11565.8 -637.008
-0.525253 -11566.2 -648.868
-0.535354 -11566.7 -660.672
-0.545455 -11567.1 -672.412
-0.555556 -11567.5 -684.097
-0.565657 -11568 -695.711
-0.575758 -11568.4 -707.269
-0.585859 -11568.9 -718.751
-0.59596 -11569.3 -730.178
-0.606061 -11569.8 -741.521
-0.616162 -11570.3 -752.809
-0.626263 -11570.8 -764.007
-0.636364 -11571.3 -775.151
-0.646465 -11571.9 -786.197
-0.656566 -11572.4 -797.188
-0.666667 -11573 -808.075
-0.676768 -11573.7 -818.908
-0.686869 -11574.3 -829.628
-0.69697 -11575 -840.295
-0.707071 -11575.8 -850.842
-0.717172 -11576.5 -861.337
-0.727273 -11577.3 -871.704
-0.737374 -11578.2 -882.02
-0.747475 -11579.1 -892.198
-0.757576 -11580 -902.329
-0.767677 -11580.9 -912.313
-0.777778 -11581.9 -922.251
-0.787879 -11583 -932.034
-0.79798 -11584 -941.774
-0.808081 -11585.1 -951.351
-0.818182 -11586.3 -960.887
-0.828283 -11587.5 -970.252
-0.838384 -11588.6 -979.579
-0.848485 -11589.9 -988.726
-0.858586 -11591.1 -997.84
-0.868687 -11592.4 -1006.77
-0.878788 -11593.6 -1015.66
-0.888889 -11594.9 -1024.37
-0.89899 -11596.1 -1033.04
-0.909091 -11597.3 -1041.52
-0.919192 -11598.5 -1049.97
-0.929293 -11599.6 -1058.22
-0.939394 -11600.6 -1066.46
-0.949495 -11601.5 -1074.49
-0.959596 -11602.4 -1082.51
-0.969697 -11603 -1090.35
-0.979798 -11603.7 -1098.18
-0.989899 -11603.9 -1105.8
-1 -11604.1 -1113.42
