0 22780.6 0.00143786
-0.010101 23107 2.51976
-0.020202 23083.8 5.03681
-0.030303 23063 7.55778
-0.040404 23042.3 10.0787
-0.0505051 23024.4 12.5991
-0.0606061 23006.6 15.1235
-0.0707071 22991.6 17.7123
-0.0808081 22976.9 20.3074
-0.0909091 22964.7 22.9753
-0.10101 22952.9 25.6501
-0.111111 22943.4 28.3875
-0.121212 22934.2 31.1318
-0.131313 22927.1 33.9261
-0.141414 22920.3 36.727
-0.151515 22915.3 39.5681
-0.161616 22910.5 42.4156
-0.171717 22907.3 45.2966
-0.181818 22904.2 48.1839
-0.191919 22902.4 51.0999
-0.20202 22900.7 54.022
-0.212121 22900 56.9685
-0.222222 22899.5 59.9208
-0.232323 22899.6 62.8933
-0.242424 22899.9 65.8708
-0.252525 22900.7 68.864
-0.262626 22901.6 71.861
-0.272727 22902.9 74.8692
-0.282828 22904.2 77.8798
-0.292929 22905.7 80.897
-0.30303 22907.3 83.9152
-0.313131 22909 86.9356
-0.323232 22910.8 89.9553
-0.333333 22912.6 92.9735
-0.343434 22914.4 95.9892
-0.353535 22916.2 99.0002
-0.363636 22918 102.007
-0.373737 22919.7 105.006
-0.383838 22921.5 108
-0.393939 22923.2 110.984
-0.40404 22924.9 113.96
-0.414141 22926.5 116.926
-0.424242 22928.1 119.882
-0.434343 22929.6 122.826
-0.444444 22931.1 125.759
-0.454545 22932.6 128.678
-0.464646 22934 131.586
-0.474747 22935.4 134.48
-0.484848 22936.8 137.36
-0.494949 22938.1 140.225
-0.505051 22939.4 143.076
-0.515152 22940.7 145.912
-0.525253 22942 148.732
-0.535354 22943.2 151.536
-0.545455 22944.5 154.323
-0.555556 22945.7 157.095
-0.565657 22946.9 159.848
-0.575758 22948.2 162.585
-0.585859 22949.4 165.303
-0.59596 22950.6 168.005
-0.606061 22951.9 170.686
-0.616162 22953.2 173.352
-0.626263 22954.5 175.995
-0.636364 22955.8 178.623
-0.646465 22957.1 181.227
-0.656566 22958.4 183.816
-0.666667 22959.8 186.38
-0.676768 22961.2 188.931
-0.686869 22962.7 191.454
-0.69697 22964.1 193.964
-0.707071 22965.6 196.446
-0.717172 22967.1 198.916
-0.727273 22968.7 201.357
-0.737374 22970.3 203.786
-0.747475 22971.9 206.185
-0.757576 22973.5 208.574
-0.767677 22975.2 210.933
-0.777778 22976.8 213.281
-0.787879 22978.5 215.6
-0.79798 22980.2 217.909
-0.808081 22981.9 220.188
-0.818182 22983.7 222.46
-0.828283 22985.4 224.701
-0.838384 22987.1 226.935
-0.848485 22988.8 229.14
-0.858586 22990.5 231.339
-0.868687 22992.1 233.509
-0.878788 22993.7 235.674
-0.888889 22995.2 237.81
-0.89899 22996.7 239.943
-0.909091 22998.1 242.048
-0.919192 22999.4 244.149
-0.929293 23000.6 246.224
-0.939394 23001.7 248.297
-0.949495 23002.6 250.346
-0.959596 23003.5 252.393
-0.969697 23004.1 254.424
-0.979798 23004.7 256.454
-0.989899 23004.9 258.42
-1 23005.1 260.384
