0 3648.65 0.000472784
-0.010101 5087.12 12.7063
-0.020202 5066.85 25.4298
-0.030303 5052.44 39.0479
-0.040404 5038.23 52.6739
-0.0505051 5028.76 66.488
-0.0606061 5019.52 80.3144
-0.0707071 5013.99 94.3319
-0.0808081 5008.7 108.362
-0.0909091 5006.23 122.537
-0.10101 5003.98 136.724
-0.111111 5003.77 151.012
-0.121212 5003.75 165.309
-0.131313 5005.14 179.675
-0.141414 5006.69 194.049
-0.151515 5009.14 208.468
-0.161616 5011.69 222.893
-0.171717 5014.76 237.348
-0.181818 5017.88 251.805
-0.191919 5021.23 266.278
-0.20202 5024.59 280.752
-0.212121 5027.98 295.229
-0.222222 5031.33 309.703
-0.232323 5034.56 324.17
-0.242424 5037.74 338.63
-0.252525 5040.71 353.073
-0.262626 5043.6 367.507
-0.272727 5046.24 381.914
-0.282828 5048.78 396.308
-0.292929 5051.06 410.668
-0.30303 5053.24 425.012
-0.313131 5055.15 439.316
-0.323232 5056.96 453.599
-0.333333 5058.53 467.838
-0.343434 5059.99 482.052
-0.353535 5061.25 496.219
-0.363636 5062.4 510.357
-0.373737 5063.38 524.444
-0.383838 5064.26 538.498
-0.393939 5065 552.499
-0.40404 5065.65 566.464
-0.414141 5066.19 580.373
-0.424242 5066.66 594.242
-0.434343 5067.04 608.054
-0.444444 5067.37 621.821
-0.454545 5067.62 635.53
-0.464646 5067.84 649.189
-0.474747 5068.01 662.789
-0.484848 5068.14 676.335
-0.494949 5068.25 689.821
-0.505051 5068.33 703.246
-0.515152 5068.39 716.612
-0.525253 5068.44 729.912
-0.535354 5068.49 743.151
-0.545455 5068.53 756.318
-0.555556 5068.57 769.424
-0.565657 5068.61 782.452
-0.575758 5068.65 795.418
-0.585859 5068.71 808.299
-0.59596 5068.78 821.119
-0.606061 5068.86 833.846
-0.616162 5068.95 846.512
-0.626263 5069.06 859.078
-0.636364 5069.19 871.582
-0.646465 5069.34 883.978
-0.656566 5069.51 896.313
-0.666667 5069.71 908.532
-0.676768 5069.93 920.69
-0.686869 5070.18 932.722
-0.69697 5070.45 944.694
-0.707071 5070.76 956.532
-0.717172 5071.09 968.311
-0.727273 5071.47 979.945
-0.737374 5071.87 991.523
-0.747475 5072.32 1002.95
-0.757576 5072.78 1014.31
-0.767677 5073.31 1025.52
-0.777778 5073.85 1036.67
-0.787879 5074.45 1047.64
-0.79798 5075.07 1058.56
-0.808081 5075.76 1069.3
-0.818182 5076.46 1079.99
-0.828283 5077.22 1090.49
-0.838384 5078 1100.94
-0.848485 5078.83 1111.19
-0.858586 5079.67 1121.4
-0.868687 5080.56 1131.39
-0.878788 5081.46 1141.34
-0.888889 5082.37 1151.07
-0.89899 5083.3 1160.78
-0.909091 5084.21 1170.25
-0.919192 5085.12 1179.69
-0.929293 5085.98 1188.9
-0.939394 5086.83 1198.08
-0.949495 5087.57 1207.04
-0.959596 5088.3 1215.97
-0.969697 5088.83 1224.7
-0.979798 5089.35 1233.41
-0.989899 5089.56 1241.9
-1 5089.76 1250.39
