0 23427.4 0.00201476
-0.010101 23554.5 0.742072
-0.020202 23533 1.47758
-0.030303 23513.3 2.08224
-0.040404 23493.7 2.68568
-0.0505051 23476.3 3.25982
-0.0606061 23459 3.83644
-0.0707071 23444 4.45177
-0.0808081 23429.3 5.07185
-0.0909091 23416.9 5.74651
-0.10101 23404.7 6.42679
-0.111111 23394.8 7.15766
-0.121212 23385.1 7.89428
-0.131313 23377.5 8.67317
-0.141414 23370.1 9.45782
-0.151515 23364.4 10.2778
-0.161616 23359 11.1037
-0.171717 23355.1 11.9603
-0.181818 23351.5 12.8231
-0.191919 23349 13.7137
-0.20202 23346.8 14.6106
-0.212121 23345.5 15.5328
-0.222222 23344.4 16.4612
-0.232323 23344.1 17.4122
-0.242424 23343.9 18.3692
-0.252525 23344.3 19.3454
-0.262626 23344.8 20.327
-0.272727 23345.8 21.3243
-0.282828 23346.8 22.3262
-0.292929 23348 23.3399
-0.30303 23349.4 24.3572
-0.313131 23350.9 25.3828
-0.323232 23352.5 26.4108
-0.333333 23354.1 27.4438
-0.343434 23355.8 28.4779
-0.353535 23357.5 29.5143
-0.363636 23359.2 30.5505
-0.373737 23360.9 31.5865
-0.383838 23362.6 32.6213
-0.393939 23364.3 33.6541
-0.40404 23366 34.6844
-0.414141 23367.6 35.7112
-0.424242 23369.2 36.7347
-0.434343 23370.8 37.7534
-0.444444 23372.3 38.7679
-0.454545 23373.8 39.7769
-0.464646 23375.3 40.7807
-0.474747 23376.7 41.7786
-0.484848 23378.2 42.7705
-0.494949 23379.5 43.7561
-0.505051 23380.9 44.7351
-0.515152 23382.2 45.7075
-0.525253 23383.6 46.6727
-0.535354 23384.9 47.6313
-0.545455 23386.2 48.5821
-0.555556 23387.5 49.5262
-0.565657 23388.8 50.4621
-0.575758 23390.1 51.3915
-0.585859 23391.4 52.3121
-0.59596 23392.7 53.2263
-0.606061 23394 54.1315
-0.616162 23395.3 55.0305
-0.626263 23396.6 55.9201
-0.636364 23398 56.8038
-0.646465 23399.4 57.6779
-0.656566 23400.8 58.5466
-0.666667 23402.2 59.4054
-0.676768 23403.6 60.2593
-0.686869 23405.1 61.1035
-0.69697 23406.6 61.9431
-0.707071 23408.1 62.7732
-0.717172 23409.7 63.5994
-0.727273 23411.3 64.4166
-0.737374 23412.8 65.2304
-0.747475 23414.5 66.036
-0.757576 23416.1 66.8388
-0.767677 23417.8 67.6345
-0.777778 23419.5 68.4279
-0.787879 23421.2 69.2156
-0.79798 23422.9 70.0017
-0.808081 23424.6 70.7836
-0.818182 23426.3 71.5645
-0.828283 23428 72.3431
-0.838384 23429.6 73.1212
-0.848485 23431.3 73.899
-0.858586 23432.9 74.6767
-0.868687 23434.5 75.4562
-0.878788 23436.1 76.2359
-0.888889 23437.5 77.0194
-0.89899 23439 77.8033
-0.909091 23440.3 78.5929
-0.919192 23441.6 79.3831
-0.929293 23442.6 80.1808
-0.939394 23443.7 80.9791
-0.949495 23444.6 81.7873
-0.959596 23445.4 82.5961
-0.969697 23445.9 83.4205
-0.979798 23446.4 84.2456
-0.989899 23446.6 85.0356
-1 23446.8 85.8249
