0 -21364.2 -0.00240429
-0.010101 -20677.9 6.44218
-0.020202 -20667.9 12.9019
-0.030303 -20656.4 19.9986
-0.040404 -20644.8 27.1009
-0.0505051 -20632.7 34.3388
-0.0606061 -20620.6 41.5812
-0.0707071 -20608.8 48.8927
-0.0808081 -20597 56.2066
-0.0909091 -20586 63.5478
-0.10101 -20575.2 70.8897
-0.111111 -20565.3 78.2381
-0.121212 -20555.7 85.586
-0.131313 -20547.2 92.9302
-0.141414 -20538.9 100.273
-0.151515 -20531.9 107.606
-0.161616 -20525.1 114.937
-0.171717 -20519.4 122.252
-0.181818 -20514 129.564
-0.191919 -20509.7 136.857
-0.20202 -20505.5 144.143
-0.212121 -20502.3 151.406
-0.222222 -20499.4 158.661
-0.232323 -20497.2 165.888
-0.242424 -20495.3 173.107
-0.252525 -20494 180.296
-0.262626 -20492.8 187.474
-0.272727 -20492.3 194.622
-0.282828 -20491.8 201.758
-0.292929 -20491.8 208.862
-0.30303 -20491.9 215.954
-0.313131 -20492.4 223.014
-0.323232 -20492.9 230.061
-0.333333 -20493.7 237.077
-0.343434 -20494.5 244.079
-0.353535 -20495.5 251.051
-0.363636 -20496.6 258.006
-0.373737 -20497.7 264.933
-0.383838 -20498.9 271.843
-0.393939 -20500.2 278.725
-0.40404 -20501.5 285.589
-0.414141 -20502.8 292.425
-0.424242 -20504.2 299.241
-0.434343 -20505.5 306.03
-0.444444 -20506.9 312.797
-0.454545 -20508.2 319.537
-0.464646 -20509.6 326.254
-0.474747 -20510.9 332.944
-0.484848 -20512.3 339.609
-0.494949 -20513.6 346.247
-0.505051 -20514.9 352.857
-0.515152 -20516.2 359.439
-0.525253 -20517.5 365.992
-0.535354 -20518.8 372.516
-0.545455 -20520.1 379.008
-0.555556 -20521.3 385.472
-0.565657 -20522.6 391.9
-0.575758 -20523.9 398.3
-0.585859 -20525.1 404.661
-0.59596 -20526.4 410.993
-0.606061 -20527.7 417.281
-0.616162 -20528.9 423.542
-0.626263 -20530.2 429.755
-0.636364 -20531.5 435.939
-0.646465 -20532.8 442.072
-0.656566 -20534.1 448.175
-0.666667 -20535.4 454.223
-0.676768 -20536.7 460.241
-0.686869 -20538 466.198
-0.69697 -20539.4 472.126
-0.707071 -20540.7 477.986
-0.717172 -20542.1 483.818
-0.727273 -20543.5 489.577
-0.737374 -20544.8 495.307
-0.747475 -20546.2 500.958
-0.757576 -20547.6 506.581
-0.767677 -20548.9 512.117
-0.777778 -20550.3 517.626
-0.787879 -20551.7 523.041
-0.79798 -20553 528.43
-0.808081 -20554.3 533.717
-0.818182 -20555.6 538.98
-0.828283 -20556.9 544.133
-0.838384 -20558.2 549.263
-0.848485 -20559.3 554.277
-0.858586 -20560.5 559.268
-0.868687 -20561.6 564.136
-0.878788 -20562.6 568.983
-0.888889 -20563.6 573.7
-0.89899 -20564.5 578.399
-0.909091 -20565.3 582.962
-0.919192 -20566 587.509
-0.929293 -20566.6 591.915
-0.939394 -20567.2 596.309
-0.949495 -20567.6 600.56
-0.959596 -20568.1 604.802
-0.969697 -20568.3 608.907
-0.979798 -20568.5 613.005
-0.989899 -20568.6 617.015
-1 -20568.6 621.022
