0 23260.5 0.00191256
-0.010101 23454.5 1.33815
-0.020202 23432.5 2.67083
-0.030303 23412.4 3.9174
-0.040404 23392.3 5.16314
-0.0505051 23374.7 6.38907
-0.0606061 23357.2 7.61803
-0.0707071 23342.2 8.89432
-0.0808081 23327.4 10.1759
-0.0909091 23315.1 11.5182
-0.10101 23303 12.8667
-0.111111 23293.2 14.2698
-0.121212 23283.7 15.6791
-0.131313 23276.2 17.1333
-0.141414 23269 18.5936
-0.151515 23263.5 20.0909
-0.161616 23258.3 21.5943
-0.171717 23254.6 23.1295
-0.181818 23251.2 24.6708
-0.191919 23248.9 26.2403
-0.20202 23246.9 27.8161
-0.212121 23245.8 29.4169
-0.222222 23244.9 31.0238
-0.232323 23244.7 32.6525
-0.242424 23244.7 34.2869
-0.252525 23245.2 35.9394
-0.262626 23245.9 37.5969
-0.272727 23246.9 39.2684
-0.282828 23248 40.9439
-0.292929 23249.4 42.6295
-0.30303 23250.8 44.3178
-0.313131 23252.4 46.0123
-0.323232 23254 47.7083
-0.333333 23255.7 49.407
-0.343434 23257.5 51.1057
-0.353535 23259.2 52.8043
-0.363636 23260.9 54.5015
-0.373737 23262.7 56.196
-0.383838 23264.4 57.8877
-0.393939 23266.1 59.5749
-0.40404 23267.8 61.2579
-0.414141 23269.4 62.9349
-0.424242 23271 64.6066
-0.434343 23272.6 66.2709
-0.444444 23274.1 67.9289
-0.454545 23275.6 69.5787
-0.464646 23277.1 71.2211
-0.474747 23278.5 72.8547
-0.484848 23279.9 74.4799
-0.494949 23281.3 76.096
-0.505051 23282.6 77.7027
-0.515152 23283.9 79.3
-0.525253 23285.2 80.8871
-0.535354 23286.5 82.4648
-0.545455 23287.8 84.0313
-0.555556 23289.1 85.5884
-0.565657 23290.4 87.1336
-0.575758 23291.6 88.6694
-0.585859 23292.9 90.1926
-0.59596 23294.2 91.7065
-0.606061 23295.5 93.207
-0.616162 23296.8 94.6986
-0.626263 23298.1 96.176
-0.636364 23299.5 97.6448
-0.646465 23300.8 99.0989
-0.656566 23302.2 100.545
-0.666667 23303.6 101.975
-0.676768 23305.1 103.398
-0.686869 23306.5 104.805
-0.69697 23308 106.205
-0.707071 23309.5 107.589
-0.717172 23311.1 108.967
-0.727273 23312.7 110.328
-0.737374 23314.2 111.684
-0.747475 23315.9 113.024
-0.757576 23317.5 114.358
-0.767677 23319.2 115.678
-0.777778 23320.9 116.993
-0.787879 23322.6 118.294
-0.79798 23324.3 119.591
-0.808081 23326 120.875
-0.818182 23327.7 122.156
-0.828283 23329.4 123.425
-0.838384 23331.1 124.691
-0.848485 23332.8 125.948
-0.858586 23334.4 127.202
-0.868687 23336 128.448
-0.878788 23337.6 129.692
-0.888889 23339.1 130.93
-0.89899 23340.5 132.166
-0.909091 23341.9 133.397
-0.919192 23343.2 134.627
-0.929293 23344.3 135.854
-0.939394 23345.4 137.08
-0.949495 23346.2 138.304
-0.959596 23347.1 139.529
-0.969697 23347.6 140.758
-0.979798 23348.2 141.988
-0.989899 23348.4 143.172
-1 23348.5 144.356
