0 -11308.6 -0.00130909
-0.010101 -12564.5 -10.9599
-0.020202 -12540 -21.9316
-0.030303 -12520.9 -33.6105
-0.040404 -12502 -45.2956
-0.0505051 -12487.9 -57.1289
-0.0606061 -12474.1 -68.9734
-0.0707071 -12464.1 -80.9925
-0.0808081 -12454.5 -93.024
-0.0909091 -12448.1 -105.197
-0.10101 -12441.9 -117.381
-0.111111 -12438.2 -129.669
-0.121212 -12434.8 -141.967
-0.131313 -12433.3 -154.337
-0.141414 -12432 -166.716
-0.151515 -12432.1 -179.146
-0.161616 -12432.3 -191.582
-0.171717 -12433.5 -204.055
-0.181818 -12434.9 -216.532
-0.191919 -12436.8 -229.032
-0.20202 -12438.9 -241.535
-0.212121 -12441.3 -254.049
-0.222222 -12443.7 -266.564
-0.232323 -12446.3 -279.08
-0.242424 -12449 -291.593
-0.252525 -12451.6 -304.098
-0.262626 -12454.2 -316.597
-0.272727 -12456.8 -329.079
-0.282828 -12459.2 -341.552
-0.292929 -12461.6 -354.001
-0.30303 -12463.9 -366.437
-0.313131 -12466.1 -378.843
-0.323232 -12468.1 -391.232
-0.333333 -12470 -403.586
-0.343434 -12471.9 -415.919
-0.353535 -12473.5 -428.212
-0.363636 -12475.1 -440.482
-0.373737 -12476.5 -452.709
-0.383838 -12477.9 -464.908
-0.393939 -12479.1 -477.061
-0.40404 -12480.2 -489.183
-0.414141 -12481.2 -501.257
-0.424242 -12482.2 -513.295
-0.434343 -12483.1 -525.285
-0.444444 -12483.9 -537.235
-0.454545 -12484.6 -549.134
-0.464646 -12485.3 -560.989
-0.474747 -12486 -572.793
-0.484848 -12486.6 -584.549
-0.494949 -12487.2 -596.252
-0.505051 -12487.7 -607.902
-0.515152 -12488.2 -619.5
-0.525253 -12488.7 -631.039
-0.535354 -12489.2 -642.525
-0.545455 -12489.7 -653.948
-0.555556 -12490.2 -665.317
-0.565657 -12490.7 -676.617
-0.575758 -12491.2 -687.863
-0.585859 -12491.7 -699.034
-0.59596 -12492.2 -710.151
-0.606061 -12492.7 -721.188
-0.616162 -12493.3 -732.17
-0.626263 -12493.9 -743.065
-0.636364 -12494.4 -753.906
-0.646465 -12495 -764.653
-0.656566 -12495.7 -775.346
-0.666667 -12496.3 -785.938
-0.676768 -12497 -796.477
-0.686869 -12497.8 -806.906
-0.69697 -12498.5 -817.284
-0.707071 -12499.3 -827.545
-0.717172 -12500.1 -837.756
-0.727273 -12501 -847.841
-0.737374 -12501.9 -857.877
-0.747475 -12502.9 -867.78
-0.757576 -12503.8 -877.636
-0.767677 -12504.9 -887.35
-0.777778 -12505.9 -897.019
-0.787879 -12507 -906.538
-0.79798 -12508.1 -916.015
-0.808081 -12509.3 -925.333
-0.818182 -12510.5 -934.612
-0.828283 -12511.7 -943.725
-0.838384 -12513 -952.802
-0.848485 -12514.3 -961.704
-0.858586 -12515.5 -970.574
-0.868687 -12516.8 -979.263
-0.878788 -12518.1 -987.922
-0.888889 -12519.4 -996.394
-0.89899 -12520.7 -1004.84
-0.909091 -12521.9 -1013.09
-0.919192 -12523.2 -1021.32
-0.929293 -12524.3 -1029.36
-0.939394 -12525.4 -1037.38
-0.949495 -12526.3 -1045.2
-0.959596 -12527.2 -1053.01
-0.969697 -12527.8 -1060.65
-0.979798 -12528.4 -1068.28
-0.989899 -12528.7 -1075.71
-1 -12528.9 -1083.13
