0 -3905.42 -0.000496281
-0.010101 -2448.45 12.9943
-0.020202 -2462.53 26.0094
-0.030303 -2471.06 39.9997
-0.040404 -2479.41 53.9986
-0.0505051 -2483.54 68.2031
-0.0606061 -2487.47 82.4196
-0.0707071 -2488.32 96.8224
-0.0808081 -2488.97 111.237
-0.0909091 -2487.48 125.785
-0.10101 -2485.82 140.342
-0.111111 -2482.77 154.988
-0.121212 -2479.61 169.643
-0.131313 -2475.63 184.354
-0.141414 -2471.59 199.072
-0.151515 -2467.18 213.826
-0.161616 -2462.75 228.584
-0.171717 -2458.26 243.362
-0.181818 -2453.81 258.142
-0.191919 -2449.5 272.928
-0.20202 -2445.27 287.713
-0.212121 -2441.33 302.493
-0.222222 -2437.49 317.268
-0.232323 -2434 332.028
-0.242424 -2430.64 346.779
-0.252525 -2427.67 361.506
-0.262626 -2424.83 376.221
-0.272727 -2422.38 390.903
-0.282828 -2420.06 405.57
-0.292929 -2418.1 420.199
-0.30303 -2416.28 434.808
-0.313131 -2414.78 449.373
-0.323232 -2413.41 463.916
-0.333333 -2412.32 478.411
-0.343434 -2411.34 492.881
-0.353535 -2410.6 507.299
-0.363636 -2409.96 521.688
-0.373737 -2409.51 536.023
-0.383838 -2409.15 550.325
-0.393939 -2408.94 564.573
-0.40404 -2408.8 578.783
-0.414141 -2408.78 592.936
-0.424242 -2408.81 607.049
-0.434343 -2408.93 621.104
-0.444444 -2409.1 635.113
-0.454545 -2409.33 649.063
-0.464646 -2409.59 662.964
-0.474747 -2409.89 676.805
-0.484848 -2410.21 690.591
-0.494949 -2410.56 704.317
-0.505051 -2410.92 717.982
-0.515152 -2411.29 731.587
-0.525253 -2411.67 745.126
-0.535354 -2412.06 758.604
-0.545455 -2412.45 772.009
-0.555556 -2412.83 785.353
-0.565657 -2413.21 798.618
-0.575758 -2413.59 811.821
-0.585859 -2413.96 824.938
-0.59596 -2414.32 837.993
-0.606061 -2414.66 850.955
-0.616162 -2415 863.855
-0.626263 -2415.33 876.654
-0.636364 -2415.64 889.39
-0.646465 -2415.93 902.017
-0.656566 -2416.22 914.583
-0.666667 -2416.48 927.03
-0.676768 -2416.72 939.415
-0.686869 -2416.95 951.673
-0.69697 -2417.15 963.87
-0.707071 -2417.33 975.93
-0.717172 -2417.5 987.93
-0.727273 -2417.62 999.782
-0.737374 -2417.73 1011.58
-0.747475 -2417.8 1023.21
-0.757576 -2417.86 1034.79
-0.767677 -2417.86 1046.2
-0.777778 -2417.84 1057.55
-0.787879 -2417.77 1068.73
-0.79798 -2417.68 1079.85
-0.808081 -2417.53 1090.78
-0.818182 -2417.36 1101.66
-0.828283 -2417.12 1112.34
-0.838384 -2416.87 1122.98
-0.848485 -2416.55 1133.4
-0.858586 -2416.21 1143.77
-0.868687 -2415.8 1153.93
-0.878788 -2415.38 1164.04
-0.888889 -2414.91 1173.92
-0.89899 -2414.42 1183.77
-0.909091 -2413.9 1193.38
-0.919192 -2413.37 1202.96
-0.929293 -2412.83 1212.29
-0.939394 -2412.3 1221.6
-0.949495 -2411.8 1230.66
-0.959596 -2411.31 1239.7
-0.969697 -2410.93 1248.52
-0.979798 -2410.56 1257.32
-0.989899 -2410.41 1265.91
-1 -2410.26 1274.49
