0 20619.3 0.00232279
-0.010101 19845.4 -7.20599
-0.020202 19837.2 -14.4304
-0.030303 19826.9 -22.3415
-0.040404 19816.6 -30.2587
-0.0505051 19805.5 -38.3222
-0.0606061 19794.3 -46.3908
-0.0707071 19783.2 -54.541
-0.0808081 19772 -62.6944
-0.0909091 19761.5 -70.8851
-0.10101 19751 -79.0774
-0.111111 19741.4 -87.2833
-0.121212 19732 -95.4894
-0.131313 19723.6 -103.697
-0.141414 19715.4 -111.904
-0.151515 19708.4 -120.105
-0.161616 19701.5 -128.303
-0.171717 19695.8 -136.49
-0.181818 19690.2 -144.673
-0.191919 19685.7 -152.838
-0.20202 19681.5 -160.997
-0.212121 19678.1 -169.134
-0.222222 19675 -177.263
-0.232323 19672.6 -185.365
-0.242424 19670.5 -193.457
-0.252525 19669 -201.52
-0.262626 19667.7 -209.571
-0.272727 19667 -217.59
-0.282828 19666.4 -225.597
-0.292929 19666.2 -233.572
-0.30303 19666.1 -241.532
-0.313131 19666.4 -249.459
-0.323232 19666.8 -257.371
-0.333333 19667.5 -265.251
-0.343434 19668.2 -273.114
-0.353535 19669.1 -280.945
-0.363636 19670 -288.758
-0.373737 19671.1 -296.539
-0.383838 19672.2 -304.302
-0.393939 19673.4 -312.033
-0.40404 19674.6 -319.744
-0.414141 19675.9 -327.424
-0.424242 19677.1 -335.081
-0.434343 19678.4 -342.708
-0.444444 19679.7 -350.311
-0.454545 19681 -357.883
-0.464646 19682.3 -365.429
-0.474747 19683.7 -372.944
-0.484848 19684.9 -380.431
-0.494949 19686.2 -387.887
-0.505051 19687.5 -395.311
-0.515152 19688.8 -402.705
-0.525253 19690 -410.064
-0.535354 19691.3 -417.392
-0.545455 19692.5 -424.683
-0.555556 19693.8 -431.942
-0.565657 19695 -439.16
-0.575758 19696.3 -446.346
-0.585859 19697.5 -453.488
-0.59596 19698.7 -460.598
-0.606061 19700 -467.658
-0.616162 19701.2 -474.687
-0.626263 19702.4 -481.662
-0.636364 19703.7 -488.605
-0.646465 19704.9 -495.489
-0.656566 19706.2 -502.341
-0.666667 19707.5 -509.129
-0.676768 19708.7 -515.885
-0.686869 19710 -522.571
-0.69697 19711.3 -529.225
-0.707071 19712.6 -535.803
-0.717172 19713.9 -542.35
-0.727273 19715.2 -548.814
-0.737374 19716.5 -555.247
-0.747475 19717.8 -561.59
-0.757576 19719.1 -567.903
-0.767677 19720.4 -574.118
-0.777778 19721.7 -580.304
-0.787879 19723 -586.385
-0.79798 19724.3 -592.437
-0.808081 19725.5 -598.377
-0.818182 19726.8 -604.289
-0.828283 19727.9 -610.08
-0.838384 19729.1 -615.845
-0.848485 19730.2 -621.482
-0.858586 19731.3 -627.094
-0.868687 19732.3 -632.57
-0.878788 19733.2 -638.024
-0.888889 19734.1 -643.333
-0.89899 19734.9 -648.624
-0.909091 19735.6 -653.764
-0.919192 19736.3 -658.888
-0.929293 19736.8 -663.856
-0.939394 19737.4 -668.812
-0.949495 19737.7 -673.611
-0.959596 19738.1 -678.4
-0.969697 19738.2 -683.039
-0.979798 19738.4 -687.673
-0.989899 19738.5 -692.202
-1 19738.5 -696.729
