0 22109.1 0.00166027
-0.010101 22565.2 3.68665
-0.020202 22541 7.37195
-0.030303 22519.7 11.1498
-0.040404 22498.6 14.9283
-0.0505051 22480.5 18.7237
-0.0606061 22462.6 22.5242
-0.0707071 22447.8 26.404
-0.0808081 22433.2 30.291
-0.0909091 22421.3 34.2608
-0.10101 22409.8 38.2384
-0.111111 22400.7 42.2849
-0.121212 22392 46.3387
-0.131313 22385.3 50.4463
-0.141414 22379 54.5608
-0.151515 22374.5 58.7176
-0.161616 22370.2 62.8809
-0.171717 22367.4 67.0785
-0.181818 22364.8 71.2823
-0.191919 22363.4 75.5145
-0.20202 22362.2 79.7524
-0.212121 22361.8 84.0136
-0.222222 22361.6 88.28
-0.232323 22362.1 92.5645
-0.242424 22362.7 96.853
-0.252525 22363.8 101.155
-0.262626 22364.9 105.459
-0.272727 22366.4 109.771
-0.282828 22367.9 114.084
-0.292929 22369.6 118.4
-0.30303 22371.3 122.715
-0.313131 22373.2 127.028
-0.323232 22375 131.338
-0.333333 22376.9 135.643
-0.343434 22378.8 139.943
-0.353535 22380.6 144.233
-0.363636 22382.4 148.517
-0.373737 22384.2 152.788
-0.383838 22386 157.051
-0.393939 22387.7 161.299
-0.40404 22389.3 165.537
-0.414141 22391 169.758
-0.424242 22392.5 173.967
-0.434343 22394 178.158
-0.444444 22395.5 182.334
-0.454545 22396.9 186.493
-0.464646 22398.3 190.634
-0.474747 22399.7 194.757
-0.484848 22401 198.861
-0.494949 22402.2 202.945
-0.505051 22403.5 207.01
-0.515152 22404.7 211.054
-0.525253 22405.9 215.076
-0.535354 22407.1 219.077
-0.545455 22408.3 223.055
-0.555556 22409.5 227.012
-0.565657 22410.7 230.944
-0.575758 22411.9 234.855
-0.585859 22413.1 238.737
-0.59596 22414.3 242.6
-0.606061 22415.5 246.433
-0.616162 22416.7 250.245
-0.626263 22417.9 254.025
-0.636364 22419.2 257.786
-0.646465 22420.5 261.512
-0.656566 22421.8 265.219
-0.666667 22423.1 268.889
-0.676768 22424.5 272.54
-0.686869 22425.9 276.153
-0.69697 22427.3 279.748
-0.707071 22428.7 283.302
-0.717172 22430.2 286.839
-0.727273 22431.7 290.333
-0.737374 22433.3 293.811
-0.747475 22434.8 297.245
-0.757576 22436.4 300.663
-0.767677 22438.1 304.036
-0.777778 22439.7 307.394
-0.787879 22441.4 310.705
-0.79798 22443.1 314.004
-0.808081 22444.8 317.254
-0.818182 22446.5 320.492
-0.828283 22448.2 323.682
-0.838384 22449.9 326.861
-0.848485 22451.6 329.991
-0.858586 22453.3 333.112
-0.868687 22455 336.183
-0.878788 22456.6 339.246
-0.888889 22458.1 342.259
-0.89899 22459.6 345.265
-0.909091 22461 348.221
-0.919192 22462.4 351.172
-0.929293 22463.6 354.074
-0.939394 22464.8 356.971
-0.949495 22465.7 359.822
-0.959596 22466.6 362.669
-0.969697 22467.2 365.48
-0.979798 22467.8 368.289
-0.989899 22468 371.014
-1 22468.3 373.737
