0 16129.6 0.00164394
-0.010101 17156.2 8.84562
-0.020202 17130.3 17.6985
-0.030303 17109.2 27.0669
-0.040404 17088.3 36.4398
-0.0505051 17071.8 45.9201
-0.0606061 17055.6 55.4101
-0.0707071 17043.2 65.0492
-0.0808081 17031 74.6995
-0.0909091 17022.1 84.478
-0.10101 17013.5 94.2671
-0.111111 17007.6 104.153
-0.121212 17001.9 114.048
-0.131313 16998.3 124.014
-0.141414 16995 133.988
-0.151515 16993.3 144.014
-0.161616 16991.9 154.046
-0.171717 16991.6 164.116
-0.181818 16991.5 174.191
-0.191919 16992.3 184.294
-0.20202 16993.2 194.4
-0.212121 16994.7 204.523
-0.222222 16996.3 214.648
-0.232323 16998.3 224.781
-0.242424 17000.3 234.914
-0.252525 17002.5 245.047
-0.262626 17004.7 255.176
-0.272727 17007 265.297
-0.282828 17009.2 275.412
-0.292929 17011.5 285.512
-0.30303 17013.7 295.603
-0.313131 17015.9 305.673
-0.323232 17018 315.73
-0.333333 17020 325.76
-0.343434 17021.9 335.776
-0.353535 17023.8 345.76
-0.363636 17025.5 355.726
-0.373737 17027.2 365.658
-0.383838 17028.8 375.568
-0.393939 17030.3 385.441
-0.40404 17031.7 395.288
-0.414141 17033 405.097
-0.424242 17034.2 414.878
-0.434343 17035.4 424.617
-0.444444 17036.5 434.325
-0.454545 17037.6 443.991
-0.464646 17038.6 453.621
-0.474747 17039.5 463.208
-0.484848 17040.4 472.756
-0.494949 17041.3 482.261
-0.505051 17042.2 491.722
-0.515152 17043 501.139
-0.525253 17043.8 510.508
-0.535354 17044.6 519.834
-0.545455 17045.4 529.107
-0.555556 17046.2 538.336
-0.565657 17046.9 547.508
-0.575758 17047.7 556.636
-0.585859 17048.5 565.702
-0.59596 17049.3 574.724
-0.606061 17050.2 583.679
-0.616162 17051 592.59
-0.626263 17051.9 601.429
-0.636364 17052.7 610.225
-0.646465 17053.6 618.942
-0.656566 17054.6 627.617
-0.666667 17055.5 636.208
-0.676768 17056.5 644.756
-0.686869 17057.6 653.216
-0.69697 17058.6 661.633
-0.707071 17059.7 669.955
-0.717172 17060.8 678.237
-0.727273 17062 686.417
-0.737374 17063.2 694.558
-0.747475 17064.4 702.591
-0.757576 17065.7 710.586
-0.767677 17067 718.468
-0.777778 17068.4 726.313
-0.787879 17069.8 734.039
-0.79798 17071.2 741.731
-0.808081 17072.6 749.298
-0.818182 17074.1 756.833
-0.828283 17075.6 764.237
-0.838384 17077.1 771.612
-0.848485 17078.6 778.85
-0.858586 17080.1 786.062
-0.868687 17081.6 793.133
-0.878788 17083.1 800.18
-0.888889 17084.6 807.081
-0.89899 17086.1 813.963
-0.909091 17087.4 820.694
-0.919192 17088.8 827.408
-0.929293 17090 833.97
-0.939394 17091.2 840.519
-0.949495 17092.2 846.919
-0.959596 17093.1 853.309
-0.969697 17093.8 859.566
-0.979798 17094.4 865.817
-0.989899 17094.7 871.901
-1 17094.9 877.982
