0 5771.95 0.000690002
-0.010101 7177.67 12.3832
-0.020202 7155.99 24.7823
-0.030303 7140.15 38.0351
-0.040404 7124.52 51.2954
-0.0505051 7113.67 64.7346
-0.0606061 7103.07 78.1858
-0.0707071 7096.29 91.8253
-0.0808081 7089.77 105.477
-0.0909091 7086.18 119.275
-0.10101 7082.85 133.084
-0.111111 7081.7 146.995
-0.121212 7080.76 160.916
-0.131313 7081.38 174.907
-0.141414 7082.17 188.906
-0.151515 7084.01 202.952
-0.161616 7085.96 217.005
-0.171717 7088.57 231.088
-0.181818 7091.24 245.175
-0.191919 7094.26 259.279
-0.20202 7097.3 273.384
-0.212121 7100.46 287.494
-0.222222 7103.61 301.603
-0.232323 7106.71 315.706
-0.242424 7109.77 329.803
-0.252525 7112.69 343.886
-0.262626 7115.54 357.959
-0.272727 7118.19 372.008
-0.282828 7120.75 386.045
-0.292929 7123.08 400.051
-0.30303 7125.32 414.04
-0.313131 7127.32 427.992
-0.323232 7129.22 441.923
-0.333333 7130.9 455.813
-0.343434 7132.48 469.678
-0.353535 7133.86 483.497
-0.363636 7135.14 497.289
-0.373737 7136.25 511.031
-0.383838 7137.27 524.741
-0.393939 7138.15 538.4
-0.40404 7138.94 552.023
-0.414141 7139.62 565.592
-0.424242 7140.23 579.121
-0.434343 7140.75 592.596
-0.444444 7141.21 606.026
-0.454545 7141.61 619.399
-0.464646 7141.96 632.724
-0.474747 7142.26 645.991
-0.484848 7142.52 659.204
-0.494949 7142.76 672.36
-0.505051 7142.97 685.456
-0.515152 7143.16 698.493
-0.525253 7143.34 711.466
-0.535354 7143.51 724.38
-0.545455 7143.67 737.223
-0.555556 7143.83 750.006
-0.565657 7144 762.713
-0.575758 7144.17 775.36
-0.585859 7144.35 787.923
-0.59596 7144.53 800.426
-0.606061 7144.74 812.839
-0.616162 7144.95 825.192
-0.626263 7145.19 837.447
-0.636364 7145.45 849.642
-0.646465 7145.73 861.731
-0.656566 7146.02 873.76
-0.666667 7146.35 885.676
-0.676768 7146.7 897.533
-0.686869 7147.09 909.266
-0.69697 7147.49 920.942
-0.707071 7147.94 932.486
-0.717172 7148.41 943.973
-0.727273 7148.93 955.319
-0.737374 7149.46 966.609
-0.747475 7150.05 977.749
-0.757576 7150.66 988.835
-0.767677 7151.33 999.76
-0.777778 7152.01 1010.63
-0.787879 7152.76 1021.34
-0.79798 7153.53 1031.99
-0.808081 7154.35 1042.47
-0.818182 7155.19 1052.9
-0.828283 7156.09 1063.14
-0.838384 7157.01 1073.33
-0.848485 7157.97 1083.33
-0.858586 7158.95 1093.29
-0.868687 7159.96 1103.04
-0.878788 7160.97 1112.76
-0.888889 7162 1122.26
-0.89899 7163.03 1131.73
-0.909091 7164.04 1140.97
-0.919192 7165.05 1150.19
-0.929293 7165.98 1159.18
-0.939394 7166.91 1168.16
-0.949495 7167.71 1176.9
-0.959596 7168.49 1185.63
-0.969697 7169.06 1194.16
-0.979798 7169.61 1202.68
-0.989899 7169.83 1210.97
-1 7170.04 1219.27
