0 15320.8 0.00163176
-0.010101 16394.4 9.27692
-0.020202 16368.6 18.5619
-0.030303 16347.8 28.3999
-0.040404 16327.2 38.2427
-0.0505051 16311.1 48.2009
-0.0606061 16295.2 58.169
-0.0707071 16283.2 68.2915
-0.0808081 16271.4 78.4254
-0.0909091 16262.9 88.6904
-0.10101 16254.8 98.9663
-0.111111 16249.2 109.34
-0.121212 16243.9 119.724
-0.131313 16240.7 130.179
-0.141414 16237.7 140.642
-0.151515 16236.4 151.157
-0.161616 16235.2 161.678
-0.171717 16235.2 172.237
-0.181818 16235.4 182.801
-0.191919 16236.4 193.391
-0.20202 16237.5 203.986
-0.212121 16239.2 214.596
-0.222222 16241 225.207
-0.232323 16243.1 235.826
-0.242424 16245.2 246.443
-0.252525 16247.5 257.059
-0.262626 16249.8 267.671
-0.272727 16252.1 278.273
-0.282828 16254.4 288.869
-0.292929 16256.7 299.448
-0.30303 16259 310.016
-0.313131 16261.1 320.562
-0.323232 16263.2 331.094
-0.333333 16265.2 341.598
-0.343434 16267.2 352.086
-0.353535 16269 362.541
-0.363636 16270.7 372.976
-0.373737 16272.3 383.376
-0.383838 16273.9 393.752
-0.393939 16275.3 404.09
-0.40404 16276.7 414.401
-0.414141 16278 424.671
-0.424242 16279.2 434.912
-0.434343 16280.3 445.11
-0.444444 16281.4 455.274
-0.454545 16282.3 465.395
-0.464646 16283.3 475.478
-0.474747 16284.2 485.517
-0.484848 16285.1 495.515
-0.494949 16285.9 505.467
-0.505051 16286.7 515.374
-0.515152 16287.5 525.235
-0.525253 16288.2 535.047
-0.535354 16289 544.812
-0.545455 16289.7 554.523
-0.555556 16290.4 564.188
-0.565657 16291.2 573.793
-0.575758 16291.9 583.352
-0.585859 16292.7 592.847
-0.59596 16293.4 602.295
-0.606061 16294.2 611.674
-0.616162 16295 621.007
-0.626263 16295.8 630.264
-0.636364 16296.6 639.476
-0.646465 16297.5 648.607
-0.656566 16298.4 657.692
-0.666667 16299.3 666.69
-0.676768 16300.2 675.644
-0.686869 16301.2 684.504
-0.69697 16302.2 693.321
-0.707071 16303.2 702.038
-0.717172 16304.3 710.712
-0.727273 16305.4 719.279
-0.737374 16306.6 727.806
-0.747475 16307.8 736.22
-0.757576 16309 744.594
-0.767677 16310.3 752.848
-0.777778 16311.6 761.065
-0.787879 16312.9 769.156
-0.79798 16314.3 777.212
-0.808081 16315.7 785.135
-0.818182 16317.1 793.025
-0.828283 16318.6 800.777
-0.838384 16320 808.498
-0.848485 16321.5 816.076
-0.858586 16323 823.626
-0.868687 16324.5 831.026
-0.878788 16325.9 838.402
-0.888889 16327.4 845.623
-0.89899 16328.8 852.823
-0.909091 16330.2 859.865
-0.919192 16331.5 866.889
-0.929293 16332.7 873.752
-0.939394 16333.9 880.601
-0.949495 16334.8 887.291
-0.959596 16335.8 893.972
-0.969697 16336.5 900.511
-0.979798 16337.1 907.043
-0.989899 16337.3 913.403
-1 16337.6 919.758
