0 -16318.7 -0.00192665
-0.010101 -15212.7 10.0834
-0.020202 -15212 20.188
-0.030303 -15207.9 31.1545
-0.040404 -15203.6 42.1286
-0.0505051 -15197.1 53.2854
-0.0606061 -15190.6 64.4505
-0.0707071 -15182.9 75.7443
-0.0808081 -15175.1 87.0449
-0.0909091 -15166.9 98.4226
-0.10101 -15158.8 109.805
-0.111111 -15150.7 121.231
-0.121212 -15142.7 132.66
-0.131313 -15135.2 144.111
-0.141414 -15127.8 155.564
-0.151515 -15121.1 167.027
-0.161616 -15114.5 178.489
-0.171717 -15108.6 189.951
-0.181818 -15103 201.41
-0.191919 -15098.1 212.859
-0.20202 -15093.4 224.303
-0.212121 -15089.5 235.729
-0.222222 -15085.8 247.147
-0.232323 -15082.8 258.541
-0.242424 -15080 269.924
-0.252525 -15077.8 281.276
-0.262626 -15075.8 292.616
-0.272727 -15074.4 303.921
-0.282828 -15073.1 315.211
-0.292929 -15072.2 326.463
-0.30303 -15071.5 337.697
-0.313131 -15071.1 348.892
-0.323232 -15070.9 360.067
-0.333333 -15070.9 371.2
-0.343434 -15071.1 382.312
-0.353535 -15071.4 393.381
-0.363636 -15071.9 404.426
-0.373737 -15072.5 415.429
-0.383838 -15073.2 426.405
-0.393939 -15073.9 437.338
-0.40404 -15074.8 448.243
-0.414141 -15075.7 459.104
-0.424242 -15076.6 469.933
-0.434343 -15077.6 480.718
-0.444444 -15078.6 491.469
-0.454545 -15079.6 502.176
-0.464646 -15080.6 512.845
-0.474747 -15081.7 523.469
-0.484848 -15082.7 534.052
-0.494949 -15083.8 544.591
-0.505051 -15084.8 555.084
-0.515152 -15085.9 565.531
-0.525253 -15087 575.93
-0.535354 -15088 586.282
-0.545455 -15089 596.581
-0.555556 -15090.1 606.833
-0.565657 -15091.1 617.027
-0.575758 -15092.1 627.174
-0.585859 -15093.2 637.257
-0.59596 -15094.2 647.293
-0.606061 -15095.2 657.259
-0.616162 -15096.2 667.178
-0.626263 -15097.2 677.021
-0.636364 -15098.3 686.817
-0.646465 -15099.3 696.529
-0.656566 -15100.3 706.195
-0.666667 -15101.3 715.771
-0.676768 -15102.3 725.3
-0.686869 -15103.3 734.731
-0.69697 -15104.3 744.116
-0.707071 -15105.3 753.394
-0.717172 -15106.3 762.628
-0.727273 -15107.3 771.746
-0.737374 -15108.3 780.819
-0.747475 -15109.3 789.769
-0.757576 -15110.2 798.675
-0.767677 -15111.2 807.447
-0.777778 -15112.1 816.177
-0.787879 -15113 824.764
-0.79798 -15113.9 833.311
-0.808081 -15114.7 841.704
-0.818182 -15115.5 850.059
-0.828283 -15116.3 858.251
-0.838384 -15117 866.406
-0.848485 -15117.7 874.389
-0.858586 -15118.4 882.338
-0.868687 -15118.9 890.104
-0.878788 -15119.4 897.841
-0.888889 -15119.9 905.385
-0.89899 -15120.3 912.903
-0.909091 -15120.6 920.222
-0.919192 -15120.9 927.518
-0.929293 -15121.1 934.609
-0.939394 -15121.3 941.683
-0.949495 -15121.3 948.55
-0.959596 -15121.4 955.404
-0.969697 -15121.4 962.064
-0.979798 -15121.4 968.716
-0.989899 -15121.3 975.211
-1 -15121.3 981.703
