0 -23305.1 -0.00239517
-0.010101 -22997.1 3.11736
-0.020202 -22981 6.24768
-0.030303 -22964.8 9.78839
-0.040404 -22948.7 13.3328
-0.0505051 -22933.4 16.9651
-0.0606061 -22918.2 20.5985
-0.0707071 -22904.3 24.2499
-0.0808081 -22890.6 27.9001
-0.0909091 -22878.4 31.5376
-0.10101 -22866.4 35.1727
-0.111111 -22856.1 38.7858
-0.121212 -22846.1 42.3957
-0.131313 -22837.6 45.9823
-0.141414 -22829.5 49.5652
-0.151515 -22822.8 53.1251
-0.161616 -22816.4 56.6806
-0.171717 -22811.4 60.2126
-0.181818 -22806.6 63.7392
-0.191919 -22803 67.2413
-0.20202 -22799.7 70.737
-0.212121 -22797.3 74.2071
-0.222222 -22795.2 77.6698
-0.232323 -22793.9 81.1065
-0.242424 -22792.7 84.5351
-0.252525 -22792.2 87.938
-0.262626 -22791.9 91.3324
-0.272727 -22792 94.7022
-0.282828 -22792.3 98.0631
-0.292929 -22792.9 101.401
-0.30303 -22793.6 104.73
-0.313131 -22794.6 108.039
-0.323232 -22795.7 111.338
-0.333333 -22796.9 114.619
-0.343434 -22798.2 117.891
-0.353535 -22799.6 121.145
-0.363636 -22801.1 124.391
-0.373737 -22802.6 127.622
-0.383838 -22804.1 130.844
-0.393939 -22805.6 134.051
-0.40404 -22807.1 137.25
-0.414141 -22808.7 140.436
-0.424242 -22810.2 143.613
-0.434343 -22811.7 146.777
-0.444444 -22813.2 149.931
-0.454545 -22814.7 153.074
-0.464646 -22816.2 156.207
-0.474747 -22817.6 159.328
-0.484848 -22819 162.438
-0.494949 -22820.5 165.537
-0.505051 -22821.8 168.624
-0.515152 -22823.2 171.7
-0.525253 -22824.6 174.763
-0.535354 -22825.9 177.814
-0.545455 -22827.3 180.852
-0.555556 -22828.6 183.877
-0.565657 -22830 186.887
-0.575758 -22831.3 189.886
-0.585859 -22832.6 192.867
-0.59596 -22834 195.836
-0.606061 -22835.3 198.786
-0.616162 -22836.7 201.724
-0.626263 -22838 204.641
-0.636364 -22839.4 207.546
-0.646465 -22840.8 210.427
-0.656566 -22842.2 213.295
-0.666667 -22843.6 216.138
-0.676768 -22845 218.967
-0.686869 -22846.5 221.768
-0.69697 -22848 224.556
-0.707071 -22849.5 227.312
-0.717172 -22851 230.055
-0.727273 -22852.5 232.762
-0.737374 -22854 235.456
-0.747475 -22855.6 238.11
-0.757576 -22857.2 240.751
-0.767677 -22858.8 243.349
-0.777778 -22860.3 245.933
-0.787879 -22861.9 248.469
-0.79798 -22863.5 250.992
-0.808081 -22865.1 253.461
-0.818182 -22866.6 255.918
-0.828283 -22868.2 258.317
-0.838384 -22869.7 260.704
-0.848485 -22871.1 263.027
-0.858586 -22872.6 265.339
-0.868687 -22874 267.583
-0.878788 -22875.3 269.815
-0.888889 -22876.6 271.975
-0.89899 -22877.8 274.125
-0.909091 -22878.9 276.199
-0.919192 -22879.9 278.264
-0.929293 -22880.8 280.248
-0.939394 -22881.6 282.226
-0.949495 -22882.3 284.121
-0.959596 -22882.9 286.011
-0.969697 -22883.3 287.819
-0.979798 -22883.7 289.623
-0.989899 -22883.8 291.397
-1 -22883.9 293.17
