0 -20878.6 -0.00235091
-0.010101 -20133.5 6.95514
-0.020202 -20124.7 13.9284
-0.030303 -20114 21.5722
-0.040404 -20103.3 29.2219
-0.0505051 -20091.8 37.0144
-0.0606061 -20080.3 44.8118
-0.0707071 -20069 52.6866
-0.0808081 -20057.6 60.5644
-0.0909091 -20046.9 68.4761
-0.10101 -20036.3 76.3892
-0.111111 -20026.6 84.3135
-0.121212 -20017.1 92.2377
-0.131313 -20008.7 100.162
-0.141414 -20000.5 108.085
-0.151515 -19993.4 116.001
-0.161616 -19986.6 123.914
-0.171717 -19980.9 131.815
-0.181818 -19975.4 139.711
-0.191919 -19970.9 147.589
-0.20202 -19966.7 155.462
-0.212121 -19963.4 163.311
-0.222222 -19960.3 171.153
-0.232323 -19958 178.968
-0.242424 -19956 186.773
-0.252525 -19954.5 194.548
-0.262626 -19953.3 202.313
-0.272727 -19952.6 210.046
-0.282828 -19952.1 217.766
-0.292929 -19951.9 225.454
-0.30303 -19951.9 233.129
-0.313131 -19952.3 240.771
-0.323232 -19952.7 248.399
-0.333333 -19953.4 255.994
-0.343434 -19954.2 263.574
-0.353535 -19955.1 271.122
-0.363636 -19956.1 278.654
-0.373737 -19957.2 286.154
-0.383838 -19958.3 293.636
-0.393939 -19959.5 301.088
-0.40404 -19960.8 308.52
-0.414141 -19962.1 315.922
-0.424242 -19963.4 323.303
-0.434343 -19964.7 330.654
-0.444444 -19966 337.982
-0.454545 -19967.3 345.28
-0.464646 -19968.6 352.553
-0.474747 -19970 359.797
-0.484848 -19971.3 367.013
-0.494949 -19972.6 374.2
-0.505051 -19973.9 381.356
-0.515152 -19975.1 388.483
-0.525253 -19976.4 395.576
-0.535354 -19977.7 402.64
-0.545455 -19978.9 409.668
-0.555556 -19980.2 416.665
-0.565657 -19981.4 423.623
-0.575758 -19982.7 430.55
-0.585859 -19983.9 437.435
-0.59596 -19985.2 444.288
-0.606061 -19986.4 451.095
-0.616162 -19987.7 457.87
-0.626263 -19988.9 464.594
-0.636364 -19990.2 471.287
-0.646465 -19991.4 477.924
-0.656566 -19992.7 484.529
-0.666667 -19994 491.073
-0.676768 -19995.3 497.586
-0.686869 -19996.6 504.032
-0.69697 -19997.9 510.446
-0.707071 -19999.2 516.788
-0.717172 -20000.5 523.099
-0.727273 -20001.9 529.331
-0.737374 -20003.2 535.532
-0.747475 -20004.5 541.647
-0.757576 -20005.9 547.732
-0.767677 -20007.2 553.724
-0.777778 -20008.5 559.686
-0.787879 -20009.8 565.548
-0.79798 -20011.1 571.381
-0.808081 -20012.4 577.105
-0.818182 -20013.6 582.803
-0.828283 -20014.8 588.384
-0.838384 -20016 593.939
-0.848485 -20017.2 599.37
-0.858586 -20018.3 604.777
-0.868687 -20019.3 610.052
-0.878788 -20020.3 615.306
-0.888889 -20021.2 620.42
-0.89899 -20022 625.515
-0.909091 -20022.8 630.465
-0.919192 -20023.5 635.398
-0.929293 -20024 640.181
-0.939394 -20024.6 644.95
-0.949495 -20024.9 649.568
-0.959596 -20025.3 654.176
-0.969697 -20025.5 658.639
-0.979798 -20025.7 663.095
-0.989899 -20025.8 667.453
-1 -20025.8 671.808
