0 -19326.5 -0.00206595
-0.010101 -20116.4 -6.69183
-0.020202 -20090.6 -13.3864
-0.030303 -20068.8 -20.4148
-0.040404 -20047.3 -27.446
-0.0505051 -20029.6 -34.5462
-0.0606061 -20012.2 -41.6543
-0.0707071 -19998.3 -48.8837
-0.0808081 -19984.7 -56.1229
-0.0909091 -19974.2 -63.4732
-0.10101 -19964 -70.8332
-0.111111 -19956.5 -78.2801
-0.121212 -19949.2 -85.7359
-0.131313 -19944.1 -93.2568
-0.141414 -19939.3 -100.786
-0.151515 -19936.3 -108.363
-0.161616 -19933.5 -115.948
-0.171717 -19932 -123.57
-0.181818 -19930.8 -131.199
-0.191919 -19930.6 -138.856
-0.20202 -19930.5 -146.518
-0.212121 -19931.2 -154.2
-0.222222 -19932 -161.886
-0.232323 -19933.3 -169.585
-0.242424 -19934.7 -177.286
-0.252525 -19936.4 -184.993
-0.262626 -19938.2 -192.699
-0.272727 -19940.2 -200.405
-0.282828 -19942.2 -208.107
-0.292929 -19944.2 -215.803
-0.30303 -19946.3 -223.493
-0.313131 -19948.4 -231.17
-0.323232 -19950.4 -238.839
-0.333333 -19952.4 -246.49
-0.343434 -19954.3 -254.131
-0.353535 -19956.2 -261.75
-0.363636 -19958.1 -269.355
-0.373737 -19959.8 -276.935
-0.383838 -19961.5 -284.499
-0.393939 -19963.2 -292.036
-0.40404 -19964.7 -299.553
-0.414141 -19966.2 -307.041
-0.424242 -19967.6 -314.506
-0.434343 -19969 -321.941
-0.444444 -19970.3 -329.351
-0.454545 -19971.6 -336.729
-0.464646 -19972.8 -344.079
-0.474747 -19973.9 -351.397
-0.484848 -19975 -358.683
-0.494949 -19976.1 -365.936
-0.505051 -19977.2 -373.155
-0.515152 -19978.2 -380.339
-0.525253 -19979.2 -387.487
-0.535354 -19980.3 -394.6
-0.545455 -19981.2 -401.673
-0.555556 -19982.2 -408.712
-0.565657 -19983.2 -415.706
-0.575758 -19984.2 -422.666
-0.585859 -19985.2 -429.578
-0.59596 -19986.2 -436.456
-0.606061 -19987.2 -443.282
-0.616162 -19988.3 -450.074
-0.626263 -19989.3 -456.811
-0.636364 -19990.4 -463.513
-0.646465 -19991.5 -470.157
-0.656566 -19992.7 -476.766
-0.666667 -19993.8 -483.312
-0.676768 -19995 -489.825
-0.686869 -19996.2 -496.27
-0.69697 -19997.5 -502.683
-0.707071 -19998.8 -509.023
-0.717172 -20000.1 -515.333
-0.727273 -20001.5 -521.565
-0.737374 -20002.8 -527.768
-0.747475 -20004.3 -533.89
-0.757576 -20005.7 -539.983
-0.767677 -20007.2 -545.991
-0.777778 -20008.8 -551.972
-0.787879 -20010.3 -557.864
-0.79798 -20011.9 -563.731
-0.808081 -20013.5 -569.504
-0.818182 -20015.1 -575.255
-0.828283 -20016.8 -580.909
-0.838384 -20018.4 -586.541
-0.848485 -20020 -592.074
-0.858586 -20021.7 -597.588
-0.868687 -20023.3 -603
-0.878788 -20024.9 -608.394
-0.888889 -20026.4 -613.683
-0.89899 -20028 -618.957
-0.909091 -20029.4 -624.124
-0.919192 -20030.8 -629.279
-0.929293 -20032 -634.326
-0.939394 -20033.2 -639.363
-0.949495 -20034.2 -644.294
-0.959596 -20035.2 -649.219
-0.969697 -20035.8 -654.051
-0.979798 -20036.5 -658.88
-0.989899 -20036.7 -663.575
-1 -20036.9 -668.267
