0 20755.5 0.00203424
-0.010101 21398.7 5.36631
-0.020202 21373.4 10.7332
-0.030303 21351.7 16.3264
-0.040404 21330.1 21.9215
-0.0505051 21312.1 27.5627
-0.0606061 21294.4 33.2106
-0.0707071 21279.9 38.9621
-0.0808081 21265.7 44.7222
-0.0909091 21254.5 50.5819
-0.10101 21243.6 56.4505
-0.111111 21235.3 62.3989
-0.121212 21227.3 68.3556
-0.131313 21221.5 74.373
-0.141414 21216 80.3981
-0.151515 21212.2 86.4697
-0.161616 21208.7 92.5483
-0.171717 21206.6 98.6633
-0.181818 21204.7 104.785
-0.191919 21204 110.935
-0.20202 21203.4 117.091
-0.212121 21203.6 123.268
-0.222222 21204 129.451
-0.232323 21204.9 135.648
-0.242424 21205.9 141.849
-0.252525 21207.4 148.059
-0.262626 21208.9 154.27
-0.272727 21210.6 160.484
-0.282828 21212.4 166.697
-0.292929 21214.3 172.908
-0.30303 21216.2 179.114
-0.313131 21218.2 185.314
-0.323232 21220.2 191.507
-0.333333 21222.1 197.688
-0.343434 21224.1 203.86
-0.353535 21226 210.017
-0.363636 21227.8 216.163
-0.373737 21229.6 222.289
-0.383838 21231.3 228.403
-0.393939 21233 234.495
-0.40404 21234.6 240.571
-0.414141 21236.2 246.624
-0.424242 21237.7 252.658
-0.434343 21239.1 258.668
-0.444444 21240.5 264.657
-0.454545 21241.9 270.62
-0.464646 21243.2 276.56
-0.474747 21244.4 282.473
-0.484848 21245.6 288.361
-0.494949 21246.8 294.221
-0.505051 21248 300.054
-0.515152 21249.1 305.858
-0.525253 21250.2 311.632
-0.535354 21251.3 317.377
-0.545455 21252.4 323.089
-0.555556 21253.5 328.773
-0.565657 21254.6 334.421
-0.575758 21255.7 340.04
-0.585859 21256.8 345.621
-0.59596 21257.9 351.173
-0.606061 21259 356.683
-0.616162 21260.1 362.164
-0.626263 21261.3 367.601
-0.636364 21262.4 373.01
-0.646465 21263.6 378.37
-0.656566 21264.9 383.703
-0.666667 21266.1 388.984
-0.676768 21267.4 394.239
-0.686869 21268.7 399.438
-0.69697 21270 404.612
-0.707071 21271.4 409.727
-0.717172 21272.8 414.816
-0.727273 21274.3 419.845
-0.737374 21275.7 424.849
-0.747475 21277.2 429.788
-0.757576 21278.8 434.705
-0.767677 21280.4 439.554
-0.777778 21281.9 444.381
-0.787879 21283.6 449.138
-0.79798 21285.2 453.875
-0.808081 21286.9 458.539
-0.818182 21288.5 463.185
-0.828283 21290.2 467.756
-0.838384 21291.9 472.309
-0.848485 21293.6 476.786
-0.858586 21295.3 481.248
-0.868687 21296.9 485.63
-0.878788 21298.5 490
-0.888889 21300.1 494.289
-0.89899 21301.6 498.567
-0.909091 21303 502.762
-0.919192 21304.4 506.949
-0.929293 21305.7 511.054
-0.939394 21306.9 515.151
-0.949495 21307.8 519.169
-0.959596 21308.8 523.182
-0.969697 21309.4 527.127
-0.979798 21310.1 531.069
-0.989899 21310.3 534.9
-1 21310.5 538.728
