0 -19776.9 -0.00204231
-0.010101 -18919.1 7.93764
-0.020202 -18912.6 15.8941
-0.030303 -18903.6 24.5836
-0.040404 -18894.7 33.2796
-0.0505051 -18884.5 42.1314
-0.0606061 -18874.4 50.9892
-0.0707071 -18863.9 59.9401
-0.0808081 -18853.5 68.8951
-0.0909091 -18843.4 77.897
-0.10101 -18833.4 86.9012
-0.111111 -18824.1 95.926
-0.121212 -18814.9 104.952
-0.131313 -18806.7 113.984
-0.141414 -18798.6 123.016
-0.151515 -18791.6 132.045
-0.161616 -18784.7 141.073
-0.171717 -18778.9 150.091
-0.181818 -18773.3 159.106
-0.191919 -18768.7 168.105
-0.20202 -18764.3 177.098
-0.212121 -18760.8 186.069
-0.222222 -18757.5 195.032
-0.232323 -18755 203.969
-0.242424 -18752.7 212.896
-0.252525 -18751 221.792
-0.262626 -18749.5 230.677
-0.272727 -18748.6 239.529
-0.282828 -18747.8 248.368
-0.292929 -18747.5 257.172
-0.30303 -18747.3 265.962
-0.313131 -18747.4 274.717
-0.323232 -18747.7 283.455
-0.333333 -18748.2 292.158
-0.343434 -18748.8 300.844
-0.353535 -18749.6 309.495
-0.363636 -18750.4 318.126
-0.373737 -18751.4 326.723
-0.383838 -18752.4 335.299
-0.393939 -18753.5 343.841
-0.40404 -18754.6 352.36
-0.414141 -18755.8 360.845
-0.424242 -18757 369.306
-0.434343 -18758.2 377.732
-0.444444 -18759.5 386.132
-0.454545 -18760.7 394.497
-0.464646 -18762 402.834
-0.474747 -18763.2 411.136
-0.484848 -18764.5 419.407
-0.494949 -18765.7 427.643
-0.505051 -18767 435.844
-0.515152 -18768.2 444.01
-0.525253 -18769.4 452.139
-0.535354 -18770.6 460.233
-0.545455 -18771.8 468.285
-0.555556 -18773 476.302
-0.565657 -18774.2 484.273
-0.575758 -18775.4 492.209
-0.585859 -18776.6 500.095
-0.59596 -18777.8 507.946
-0.606061 -18779 515.742
-0.616162 -18780.2 523.502
-0.626263 -18781.4 531.203
-0.636364 -18782.6 538.868
-0.646465 -18783.8 546.469
-0.656566 -18785 554.033
-0.666667 -18786.2 561.527
-0.676768 -18787.5 568.985
-0.686869 -18788.7 576.366
-0.69697 -18789.9 583.711
-0.707071 -18791.2 590.973
-0.717172 -18792.4 598.2
-0.727273 -18793.7 605.336
-0.737374 -18794.9 612.437
-0.747475 -18796.1 619.44
-0.757576 -18797.4 626.409
-0.767677 -18798.6 633.272
-0.777778 -18799.8 640.101
-0.787879 -18801 646.816
-0.79798 -18802.2 653.499
-0.808081 -18803.4 660.06
-0.818182 -18804.5 666.59
-0.828283 -18805.6 672.988
-0.838384 -18806.7 679.357
-0.848485 -18807.7 685.587
-0.858586 -18808.7 691.79
-0.868687 -18809.6 697.845
-0.878788 -18810.5 703.875
-0.888889 -18811.2 709.749
-0.89899 -18812 715.602
-0.909091 -18812.6 721.292
-0.919192 -18813.2 726.964
-0.929293 -18813.6 732.468
-0.939394 -18814.1 737.958
-0.949495 -18814.4 743.278
-0.959596 -18814.6 748.587
-0.969697 -18814.8 753.735
-0.979798 -18814.9 758.877
-0.989899 -18814.9 763.901
-1 -18815 768.924
