0 -4969.85 -0.000626667
-0.010101 -3522.55 12.926
-0.020202 -3535.61 25.873
-0.030303 -3543.21 39.7987
-0.040404 -3550.64 53.733
-0.0505051 -3553.96 67.8739
-0.0606061 -3557.09 82.0265
-0.0707071 -3557.24 96.3631
-0.0808081 -3557.22 110.711
-0.0909091 -3555.16 125.19
-0.10101 -3552.95 139.678
-0.111111 -3549.45 154.252
-0.121212 -3545.85 168.834
-0.131313 -3541.53 183.471
-0.141414 -3537.17 198.114
-0.151515 -3532.5 212.792
-0.161616 -3527.84 227.473
-0.171717 -3523.19 242.173
-0.181818 -3518.57 256.875
-0.191919 -3514.17 271.581
-0.20202 -3509.85 286.286
-0.212121 -3505.86 300.985
-0.222222 -3501.98 315.679
-0.232323 -3498.49 330.356
-0.242424 -3495.13 345.025
-0.252525 -3492.18 359.668
-0.262626 -3489.37 374.299
-0.272727 -3486.97 388.897
-0.282828 -3484.7 403.48
-0.292929 -3482.81 418.023
-0.30303 -3481.06 432.548
-0.313131 -3479.63 447.028
-0.323232 -3478.33 461.485
-0.333333 -3477.32 475.895
-0.343434 -3476.42 490.279
-0.353535 -3475.76 504.612
-0.363636 -3475.2 518.915
-0.373737 -3474.83 533.166
-0.383838 -3474.55 547.383
-0.393939 -3474.42 561.545
-0.40404 -3474.36 575.671
-0.414141 -3474.41 589.74
-0.424242 -3474.52 603.769
-0.434343 -3474.71 617.74
-0.444444 -3474.95 631.666
-0.454545 -3475.24 645.534
-0.464646 -3475.57 659.352
-0.474747 -3475.93 673.111
-0.484848 -3476.32 686.815
-0.494949 -3476.73 700.46
-0.505051 -3477.15 714.045
-0.515152 -3477.59 727.569
-0.525253 -3478.03 741.028
-0.535354 -3478.47 754.426
-0.545455 -3478.92 767.753
-0.555556 -3479.36 781.018
-0.565657 -3479.8 794.205
-0.575758 -3480.24 807.331
-0.585859 -3480.66 820.372
-0.59596 -3481.08 833.351
-0.606061 -3481.49 846.237
-0.616162 -3481.89 859.062
-0.626263 -3482.27 871.786
-0.636364 -3482.64 884.449
-0.646465 -3483 897.003
-0.656566 -3483.35 909.495
-0.666667 -3483.67 921.87
-0.676768 -3483.98 934.184
-0.686869 -3484.27 946.371
-0.69697 -3484.55 958.498
-0.707071 -3484.8 970.487
-0.717172 -3485.03 982.418
-0.727273 -3485.23 994.202
-0.737374 -3485.42 1005.93
-0.747475 -3485.56 1017.5
-0.757576 -3485.69 1029.01
-0.767677 -3485.76 1040.35
-0.777778 -3485.83 1051.64
-0.787879 -3485.83 1062.75
-0.79798 -3485.82 1073.81
-0.808081 -3485.75 1084.67
-0.818182 -3485.66 1095.49
-0.828283 -3485.5 1106.1
-0.838384 -3485.33 1116.67
-0.848485 -3485.08 1127.03
-0.858586 -3484.82 1137.34
-0.868687 -3484.48 1147.43
-0.878788 -3484.14 1157.49
-0.888889 -3483.73 1167.31
-0.89899 -3483.31 1177.1
-0.909091 -3482.85 1186.64
-0.919192 -3482.38 1196.16
-0.929293 -3481.9 1205.43
-0.939394 -3481.41 1214.67
-0.949495 -3480.96 1223.67
-0.959596 -3480.5 1232.66
-0.969697 -3480.15 1241.41
-0.979798 -3479.8 1250.16
-0.989899 -3479.66 1258.68
-1 -3479.52 1267.21
