0 -20349.1 -0.00210021
-0.010101 -19546.9 7.45489
-0.020202 -19539.2 14.9281
-0.030303 -19529.4 23.1037
-0.040404 -19519.5 31.2855
-0.0505051 -19508.7 39.6167
-0.0606061 -19497.9 47.9533
-0.0707071 -19486.9 56.3751
-0.0808081 -19476 64.8005
-0.0909091 -19465.6 73.2663
-0.10101 -19455.3 81.7338
-0.111111 -19445.8 90.2173
-0.121212 -19436.5 98.7012
-0.131313 -19428.1 107.188
-0.141414 -19420 115.674
-0.151515 -19412.9 124.156
-0.161616 -19406.1 132.635
-0.171717 -19400.3 141.103
-0.181818 -19394.7 149.568
-0.191919 -19390.2 158.015
-0.20202 -19385.9 166.456
-0.212121 -19382.5 174.875
-0.222222 -19379.3 183.286
-0.232323 -19376.9 191.67
-0.242424 -19374.7 200.044
-0.252525 -19373.1 208.389
-0.262626 -19371.8 216.722
-0.272727 -19371 225.022
-0.282828 -19370.3 233.31
-0.292929 -19370.1 241.565
-0.30303 -19370 249.805
-0.313131 -19370.2 258.012
-0.323232 -19370.6 266.203
-0.333333 -19371.2 274.36
-0.343434 -19371.8 282.501
-0.353535 -19372.7 290.608
-0.363636 -19373.6 298.697
-0.373737 -19374.6 306.754
-0.383838 -19375.7 314.791
-0.393939 -19376.9 322.795
-0.40404 -19378.1 330.779
-0.414141 -19379.3 338.73
-0.424242 -19380.6 346.658
-0.434343 -19381.8 354.555
-0.444444 -19383.1 362.426
-0.454545 -19384.4 370.266
-0.464646 -19385.7 378.078
-0.474747 -19387 385.858
-0.484848 -19388.2 393.609
-0.494949 -19389.5 401.328
-0.505051 -19390.8 409.014
-0.515152 -19392 416.668
-0.525253 -19393.3 424.286
-0.535354 -19394.5 431.872
-0.545455 -19395.8 439.419
-0.555556 -19397 446.934
-0.565657 -19398.2 454.406
-0.575758 -19399.4 461.844
-0.585859 -19400.7 469.237
-0.59596 -19401.9 476.596
-0.606061 -19403.1 483.904
-0.616162 -19404.3 491.179
-0.626263 -19405.6 498.398
-0.636364 -19406.8 505.584
-0.646465 -19408 512.71
-0.656566 -19409.3 519.801
-0.666667 -19410.5 526.827
-0.676768 -19411.8 533.819
-0.686869 -19413 540.739
-0.69697 -19414.3 547.626
-0.707071 -19415.6 554.434
-0.717172 -19416.9 561.209
-0.727273 -19418.2 567.9
-0.737374 -19419.4 574.557
-0.747475 -19420.7 581.123
-0.757576 -19422 587.656
-0.767677 -19423.3 594.089
-0.777778 -19424.6 600.491
-0.787879 -19425.8 606.786
-0.79798 -19427.1 613.05
-0.808081 -19428.3 619.198
-0.818182 -19429.5 625.318
-0.828283 -19430.6 631.313
-0.838384 -19431.8 637.281
-0.848485 -19432.8 643.117
-0.858586 -19433.9 648.928
-0.868687 -19434.8 654.598
-0.878788 -19435.8 660.245
-0.888889 -19436.6 665.745
-0.89899 -19437.4 671.224
-0.909091 -19438.1 676.549
-0.919192 -19438.7 681.856
-0.929293 -19439.2 687.005
-0.939394 -19439.7 692.139
-0.949495 -19440.1 697.113
-0.959596 -19440.4 702.076
-0.969697 -19440.6 706.886
-0.979798 -19440.7 711.689
-0.989899 -19440.8 716.385
-1 -19440.8 721.078
