0 22379.5 0.00230568
-0.010101 21846.1 -5.10117
-0.020202 21833.5 -10.2179
-0.030303 21819.9 -15.8822
-0.040404 21806.3 -21.5513
-0.0505051 21792.8 -27.3374
-0.0606061 21779.3 -33.1267
-0.0707071 21766.5 -38.9644
-0.0808081 21753.8 -44.803
-0.0909091 21742.2 -50.6526
-0.10101 21730.7 -56.5016
-0.111111 21720.6 -62.3453
-0.121212 21710.7 -68.1874
-0.131313 21702.2 -74.0178
-0.141414 21693.9 -79.8457
-0.151515 21686.9 -85.6586
-0.161616 21680.2 -91.468
-0.171717 21674.8 -97.2591
-0.181818 21669.6 -103.046
-0.191919 21665.5 -108.81
-0.20202 21661.7 -114.569
-0.212121 21658.8 -120.303
-0.222222 21656.2 -126.03
-0.232323 21654.3 -131.73
-0.242424 21652.7 -137.421
-0.252525 21651.7 -143.083
-0.262626 21650.9 -148.737
-0.272727 21650.6 -154.361
-0.282828 21650.5 -159.975
-0.292929 21650.8 -165.562
-0.30303 21651.1 -171.136
-0.313131 21651.8 -176.684
-0.323232 21652.6 -182.22
-0.333333 21653.6 -187.731
-0.343434 21654.6 -193.228
-0.353535 21655.8 -198.702
-0.363636 21657 -204.162
-0.373737 21658.3 -209.599
-0.383838 21659.7 -215.022
-0.393939 21661.1 -220.423
-0.40404 21662.5 -225.81
-0.414141 21663.9 -231.174
-0.424242 21665.3 -236.524
-0.434343 21666.8 -241.852
-0.444444 21668.2 -247.163
-0.454545 21669.6 -252.453
-0.464646 21671 -257.726
-0.474747 21672.4 -262.978
-0.484848 21673.8 -268.21
-0.494949 21675.2 -273.422
-0.505051 21676.5 -278.612
-0.515152 21677.9 -283.782
-0.525253 21679.2 -288.928
-0.535354 21680.6 -294.054
-0.545455 21681.9 -299.154
-0.555556 21683.2 -304.233
-0.565657 21684.5 -309.284
-0.575758 21685.8 -314.313
-0.585859 21687.1 -319.313
-0.59596 21688.4 -324.29
-0.606061 21689.7 -329.234
-0.616162 21691 -334.156
-0.626263 21692.4 -339.042
-0.636364 21693.7 -343.905
-0.646465 21695 -348.728
-0.656566 21696.4 -353.529
-0.666667 21697.8 -358.285
-0.676768 21699.1 -363.02
-0.686869 21700.5 -367.705
-0.69697 21702 -372.369
-0.707071 21703.4 -376.979
-0.717172 21704.8 -381.567
-0.727273 21706.3 -386.097
-0.737374 21707.7 -390.605
-0.747475 21709.2 -395.049
-0.757576 21710.7 -399.471
-0.767677 21712.1 -403.824
-0.777778 21713.6 -408.155
-0.787879 21715.1 -412.41
-0.79798 21716.5 -416.645
-0.808081 21717.9 -420.798
-0.818182 21719.4 -424.93
-0.828283 21720.8 -428.975
-0.838384 21722.1 -433
-0.848485 21723.5 -436.93
-0.858586 21724.7 -440.842
-0.868687 21726 -444.652
-0.878788 21727.1 -448.447
-0.888889 21728.2 -452.134
-0.89899 21729.3 -455.806
-0.909091 21730.2 -459.365
-0.919192 21731.1 -462.912
-0.929293 21731.8 -466.343
-0.939394 21732.5 -469.763
-0.949495 21733 -473.064
-0.959596 21733.5 -476.359
-0.969697 21733.8 -479.537
-0.979798 21734.1 -482.711
-0.989899 21734.2 -485.819
-1 21734.3 -488.925
