0 -2832.77 -0.00041033
-0.010101 -1369.13 13.0481
-0.020202 -1384.11 26.1164
-0.030303 -1393.46 40.1466
-0.040404 -1402.63 54.1848
-0.0505051 -1407.49 68.4186
-0.0606061 -1412.13 82.6639
-0.0707071 -1413.59 97.0897
-0.0808081 -1414.84 111.527
-0.0909091 -1413.84 126.093
-0.10101 -1412.68 140.67
-0.111111 -1410.02 155.332
-0.121212 -1407.24 170.002
-0.131313 -1403.55 184.728
-0.141414 -1399.8 199.461
-0.151515 -1395.59 214.228
-0.161616 -1391.36 229
-0.171717 -1387.01 243.792
-0.181818 -1382.69 258.585
-0.191919 -1378.46 273.386
-0.20202 -1374.31 288.185
-0.212121 -1370.4 302.981
-0.222222 -1366.58 317.772
-0.232323 -1363.1 332.549
-0.242424 -1359.74 347.318
-0.252525 -1356.75 362.063
-0.262626 -1353.88 376.797
-0.272727 -1351.39 391.499
-0.282828 -1349.04 406.186
-0.292929 -1347.03 420.836
-0.30303 -1345.17 435.467
-0.313131 -1343.62 450.054
-0.323232 -1342.2 464.62
-0.333333 -1341.06 479.138
-0.343434 -1340.03 493.63
-0.353535 -1339.24 508.072
-0.363636 -1338.56 522.485
-0.373737 -1338.07 536.845
-0.383838 -1337.67 551.172
-0.393939 -1337.43 565.445
-0.40404 -1337.26 579.68
-0.414141 -1337.2 593.86
-0.424242 -1337.21 607.999
-0.434343 -1337.31 622.081
-0.444444 -1337.45 636.118
-0.454545 -1337.66 650.096
-0.464646 -1337.9 664.026
-0.474747 -1338.18 677.896
-0.484848 -1338.49 691.712
-0.494949 -1338.82 705.469
-0.505051 -1339.17 719.166
-0.515152 -1339.53 732.803
-0.525253 -1339.9 746.375
-0.535354 -1340.27 759.886
-0.545455 -1340.64 773.326
-0.555556 -1341.01 786.706
-0.565657 -1341.38 800.008
-0.575758 -1341.74 813.248
-0.585859 -1342.08 826.404
-0.59596 -1342.42 839.499
-0.606061 -1342.75 852.502
-0.616162 -1343.06 865.443
-0.626263 -1343.36 878.284
-0.636364 -1343.65 891.065
-0.646465 -1343.91 903.736
-0.656566 -1344.16 916.347
-0.666667 -1344.38 928.841
-0.676768 -1344.59 941.274
-0.686869 -1344.77 953.581
-0.69697 -1344.94 965.828
-0.707071 -1345.07 977.938
-0.717172 -1345.19 989.99
-0.727273 -1345.26 1001.9
-0.737374 -1345.32 1013.74
-0.747475 -1345.33 1025.43
-0.757576 -1345.33 1037.07
-0.767677 -1345.27 1048.53
-0.777778 -1345.19 1059.95
-0.787879 -1345.06 1071.18
-0.79798 -1344.9 1082.36
-0.808081 -1344.69 1093.35
-0.818182 -1344.45 1104.3
-0.828283 -1344.14 1115.04
-0.838384 -1343.82 1125.74
-0.848485 -1343.43 1136.22
-0.858586 -1343.03 1146.66
-0.868687 -1342.55 1156.88
-0.878788 -1342.07 1167.07
-0.888889 -1341.53 1177.02
-0.89899 -1340.99 1186.94
-0.909091 -1340.41 1196.61
-0.919192 -1339.82 1206.26
-0.929293 -1339.24 1215.66
-0.939394 -1338.66 1225.04
-0.949495 -1338.13 1234.18
-0.959596 -1337.6 1243.3
-0.969697 -1337.2 1252.19
-0.979798 -1336.8 1261.07
-0.989899 -1336.64 1269.73
-1 -1336.48 1278.38
