0 13608.3 0.00151084
-0.010101 14769.1 10.0791
-0.020202 14743.7 20.1679
-0.030303 14723.6 30.8815
-0.040404 14703.6 41.6006
-0.0505051 14688.3 52.4501
-0.0606061 14673.3 63.31
-0.0707071 14662.1 74.3342
-0.0808081 14651.3 85.3701
-0.0909091 14643.6 96.5424
-0.10101 14636.3 107.726
-0.111111 14631.6 119.01
-0.121212 14627.1 130.304
-0.131313 14624.6 141.67
-0.141414 14622.4 153.044
-0.151515 14621.7 164.47
-0.161616 14621.1 175.903
-0.171717 14621.7 187.373
-0.181818 14622.4 198.847
-0.191919 14623.8 210.346
-0.20202 14625.4 221.849
-0.212121 14627.4 233.365
-0.222222 14629.4 244.883
-0.232323 14631.8 256.405
-0.242424 14634.1 267.925
-0.252525 14636.6 279.44
-0.262626 14639 290.951
-0.272727 14641.5 302.448
-0.282828 14643.9 313.938
-0.292929 14646.2 325.407
-0.30303 14648.5 336.865
-0.313131 14650.7 348.296
-0.323232 14652.8 359.713
-0.333333 14654.8 371.098
-0.343434 14656.7 382.464
-0.353535 14658.4 393.795
-0.363636 14660.1 405.104
-0.373737 14661.6 416.373
-0.383838 14663.1 427.617
-0.393939 14664.4 438.82
-0.40404 14665.7 449.993
-0.414141 14666.9 461.123
-0.424242 14668 472.219
-0.434343 14669 483.27
-0.444444 14669.9 494.285
-0.454545 14670.8 505.252
-0.464646 14671.7 516.179
-0.474747 14672.5 527.059
-0.484848 14673.2 537.893
-0.494949 14673.9 548.679
-0.505051 14674.6 559.416
-0.515152 14675.3 570.103
-0.525253 14676 580.737
-0.535354 14676.6 591.321
-0.545455 14677.2 601.847
-0.555556 14677.9 612.323
-0.565657 14678.5 622.735
-0.575758 14679.1 633.097
-0.585859 14679.8 643.389
-0.59596 14680.4 653.632
-0.606061 14681.1 663.8
-0.616162 14681.8 673.917
-0.626263 14682.5 683.954
-0.636364 14683.2 693.941
-0.646465 14683.9 703.84
-0.656566 14684.7 713.691
-0.666667 14685.5 723.447
-0.676768 14686.4 733.155
-0.686869 14687.2 742.762
-0.69697 14688.1 752.321
-0.707071 14689.1 761.773
-0.717172 14690 771.178
-0.727273 14691.1 780.467
-0.737374 14692.1 789.712
-0.747475 14693.2 798.834
-0.757576 14694.3 807.913
-0.767677 14695.5 816.862
-0.777778 14696.7 825.77
-0.787879 14697.9 834.54
-0.79798 14699.2 843.272
-0.808081 14700.5 851.859
-0.818182 14701.8 860.41
-0.828283 14703.2 868.81
-0.838384 14704.6 877.176
-0.848485 14706 885.384
-0.858586 14707.4 893.562
-0.868687 14708.8 901.576
-0.878788 14710.2 909.563
-0.888889 14711.5 917.38
-0.89899 14712.9 925.173
-0.909091 14714.2 932.792
-0.919192 14715.5 940.391
-0.929293 14716.7 947.812
-0.939394 14717.8 955.218
-0.949495 14718.8 962.449
-0.959596 14719.7 969.669
-0.969697 14720.4 976.73
-0.979798 14721 983.786
-0.989899 14721.2 990.655
-1 14721.5 997.521
