0 21251.7 0.00199396
-0.010101 21833.7 4.81512
-0.020202 21808.7 9.63006
-0.030303 21787.1 14.6273
-0.040404 21765.6 19.6261
-0.0505051 21747.6 24.6618
-0.0606061 21729.7 29.7036
-0.0707071 21715.1 34.8415
-0.0808081 21700.8 39.9877
-0.0909091 21689.3 45.2284
-0.10101 21678.2 50.4776
-0.111111 21669.6 55.8035
-0.121212 21661.4 61.1375
-0.131313 21655.2 66.5303
-0.141414 21649.4 71.9306
-0.151515 21645.4 77.3763
-0.161616 21641.6 82.8289
-0.171717 21639.3 88.3175
-0.181818 21637.2 93.8125
-0.191919 21636.2 99.3363
-0.20202 21635.4 104.866
-0.212121 21635.4 110.418
-0.222222 21635.6 115.975
-0.232323 21636.4 121.548
-0.242424 21637.3 127.125
-0.252525 21638.6 132.713
-0.262626 21640 138.302
-0.272727 21641.6 143.895
-0.282828 21643.3 149.489
-0.292929 21645.2 155.081
-0.30303 21647 160.671
-0.313131 21649 166.256
-0.323232 21650.9 171.835
-0.333333 21652.8 177.404
-0.343434 21654.7 182.966
-0.353535 21656.6 188.514
-0.363636 21658.5 194.053
-0.373737 21660.2 199.575
-0.383838 21662 205.085
-0.393939 21663.7 210.575
-0.40404 21665.3 216.052
-0.414141 21666.9 221.508
-0.424242 21668.4 226.947
-0.434343 21669.9 232.363
-0.444444 21671.3 237.762
-0.454545 21672.7 243.136
-0.464646 21674 248.489
-0.474747 21675.3 253.819
-0.484848 21676.6 259.125
-0.494949 21677.8 264.406
-0.505051 21679 269.661
-0.515152 21680.1 274.891
-0.525253 21681.3 280.093
-0.535354 21682.4 285.27
-0.545455 21683.5 290.416
-0.555556 21684.7 295.537
-0.565657 21685.8 300.625
-0.575758 21686.9 305.686
-0.585859 21688 310.713
-0.59596 21689.2 315.714
-0.606061 21690.3 320.676
-0.616162 21691.5 325.613
-0.626263 21692.7 330.509
-0.636364 21693.9 335.38
-0.646465 21695.1 340.207
-0.656566 21696.4 345.009
-0.666667 21697.6 349.764
-0.676768 21698.9 354.496
-0.686869 21700.3 359.177
-0.69697 21701.7 363.835
-0.707071 21703.1 368.441
-0.717172 21704.5 373.024
-0.727273 21706 377.551
-0.737374 21707.5 382.057
-0.747475 21709 386.505
-0.757576 21710.6 390.933
-0.767677 21712.2 395.3
-0.777778 21713.8 399.648
-0.787879 21715.4 403.933
-0.79798 21717.1 408.2
-0.808081 21718.8 412.403
-0.818182 21720.5 416.589
-0.828283 21722.2 420.709
-0.838384 21723.9 424.814
-0.848485 21725.5 428.851
-0.858586 21727.2 432.876
-0.868687 21728.9 436.83
-0.878788 21730.5 440.774
-0.888889 21732 444.646
-0.89899 21733.6 448.51
-0.909091 21735 452.301
-0.919192 21736.4 456.085
-0.929293 21737.6 459.798
-0.939394 21738.8 463.504
-0.949495 21739.8 467.141
-0.959596 21740.7 470.775
-0.969697 21741.3 474.35
-0.979798 21742 477.924
-0.989899 21742.2 481.394
-1 21742.4 484.863
