0 10829.9 0.00125262
-0.010101 12102.9 11.1198
-0.020202 12078.5 22.2518
-0.030303 12059.7 34.1063
-0.040404 12041 45.9672
-0.0505051 12027.2 57.9795
-0.0606061 12013.6 70.0031
-0.0707071 12004 82.203
-0.0808081 11994.6 94.4154
-0.0909091 11988.4 106.77
-0.10101 11982.5 119.136
-0.111111 11979 131.605
-0.121212 11975.8 144.085
-0.131313 11974.5 156.637
-0.141414 11973.4 169.197
-0.151515 11973.6 181.809
-0.161616 11974 194.427
-0.171717 11975.4 207.08
-0.181818 11976.8 219.739
-0.191919 11978.9 232.419
-0.20202 11981 245.102
-0.212121 11983.5 257.797
-0.222222 11986 270.491
-0.232323 11988.7 283.186
-0.242424 11991.3 295.878
-0.252525 11994 308.561
-0.262626 11996.7 321.238
-0.272727 11999.2 333.897
-0.282828 12001.7 346.547
-0.292929 12004.1 359.171
-0.30303 12006.4 371.783
-0.313131 12008.5 384.363
-0.323232 12010.6 396.927
-0.333333 12012.5 409.454
-0.343434 12014.3 421.961
-0.353535 12015.9 434.427
-0.363636 12017.5 446.869
-0.373737 12018.9 459.267
-0.383838 12020.2 471.637
-0.393939 12021.4 483.96
-0.40404 12022.5 496.252
-0.414141 12023.5 508.495
-0.424242 12024.4 520.702
-0.434343 12025.3 532.859
-0.444444 12026 544.976
-0.454545 12026.8 557.042
-0.464646 12027.4 569.064
-0.474747 12028 581.033
-0.484848 12028.6 592.953
-0.494949 12029.2 604.821
-0.505051 12029.7 616.634
-0.515152 12030.2 628.394
-0.525253 12030.7 640.095
-0.535354 12031.1 651.742
-0.545455 12031.6 663.325
-0.555556 12032.1 674.853
-0.565657 12032.5 686.312
-0.575758 12033 697.716
-0.585859 12033.5 709.044
-0.59596 12033.9 720.318
-0.606061 12034.4 731.509
-0.616162 12035 742.646
-0.626263 12035.5 753.694
-0.636364 12036 764.687
-0.646465 12036.6 775.585
-0.656566 12037.2 786.429
-0.666667 12037.9 797.169
-0.676768 12038.5 807.857
-0.686869 12039.2 818.433
-0.69697 12040 828.957
-0.707071 12040.7 839.362
-0.717172 12041.5 849.716
-0.727273 12042.4 859.943
-0.737374 12043.2 870.12
-0.747475 12044.1 880.162
-0.757576 12045.1 890.156
-0.767677 12046.1 900.006
-0.777778 12047.1 909.811
-0.787879 12048.2 919.463
-0.79798 12049.3 929.072
-0.808081 12050.4 938.521
-0.818182 12051.6 947.929
-0.828283 12052.8 957.169
-0.838384 12054 966.371
-0.848485 12055.3 975.397
-0.858586 12056.5 984.39
-0.868687 12057.8 993.198
-0.878788 12059.1 1001.98
-0.888889 12060.3 1010.56
-0.89899 12061.6 1019.13
-0.909091 12062.8 1027.49
-0.919192 12064 1035.83
-0.929293 12065.1 1043.98
-0.939394 12066.2 1052.1
-0.949495 12067.1 1060.03
-0.959596 12068 1067.95
-0.969697 12068.6 1075.68
-0.979798 12069.2 1083.41
-0.989899 12069.5 1090.94
-1 12069.7 1098.47
