0 4438.8 0.000561618
-0.010101 2986.29 -12.9628
-0.020202 2999.86 -25.9465
-0.030303 3007.93 -39.9075
-0.040404 3015.82 -53.8771
-0.0505051 3019.55 -68.053
-0.0606061 3023.08 -82.2408
-0.0707071 3023.58 -96.6139
-0.0808081 3023.89 -110.999
-0.0909091 3022.11 -125.515
-0.10101 3020.19 -140.042
-0.111111 3016.91 -154.656
-0.121212 3013.53 -169.277
-0.131313 3009.38 -183.956
-0.141414 3005.18 -198.64
-0.151515 3000.63 -213.36
-0.161616 2996.09 -228.084
-0.171717 2991.52 -242.827
-0.181818 2986.98 -257.571
-0.191919 2982.63 -272.322
-0.20202 2978.35 -287.071
-0.212121 2974.38 -301.815
-0.222222 2970.52 -316.554
-0.232323 2967.03 -331.276
-0.242424 2963.67 -345.991
-0.252525 2960.71 -360.68
-0.262626 2957.89 -375.358
-0.272727 2955.46 -390.003
-0.282828 2953.17 -404.633
-0.292929 2951.24 -419.223
-0.30303 2949.46 -433.794
-0.313131 2947.99 -448.322
-0.323232 2946.66 -462.827
-0.333333 2945.6 -477.284
-0.343434 2944.67 -491.716
-0.353535 2943.97 -506.096
-0.363636 2943.37 -520.447
-0.373737 2942.96 -534.745
-0.383838 2942.64 -549.01
-0.393939 2942.46 -563.22
-0.40404 2942.37 -577.392
-0.414141 2942.38 -591.509
-0.424242 2942.45 -605.584
-0.434343 2942.61 -619.602
-0.444444 2942.81 -633.575
-0.454545 2943.07 -647.489
-0.464646 2943.37 -661.354
-0.474747 2943.7 -675.159
-0.484848 2944.05 -688.909
-0.494949 2944.43 -702.6
-0.505051 2944.82 -716.23
-0.515152 2945.23 -729.8
-0.525253 2945.64 -743.303
-0.535354 2946.06 -756.746
-0.545455 2946.47 -770.117
-0.555556 2946.89 -783.427
-0.565657 2947.3 -796.658
-0.575758 2947.7 -809.828
-0.585859 2948.1 -822.912
-0.59596 2948.49 -835.934
-0.606061 2948.87 -848.864
-0.616162 2949.24 -861.731
-0.626263 2949.59 -874.498
-0.636364 2949.94 -887.202
-0.646465 2950.26 -899.798
-0.656566 2950.58 -912.332
-0.666667 2950.87 -924.748
-0.676768 2951.15 -937.103
-0.686869 2951.41 -949.33
-0.69697 2951.65 -961.497
-0.707071 2951.86 -973.527
-0.717172 2952.06 -985.497
-0.727273 2952.22 -997.32
-0.737374 2952.37 -1009.08
-0.747475 2952.48 -1020.69
-0.757576 2952.57 -1032.24
-0.767677 2952.61 -1043.62
-0.777778 2952.63 -1054.95
-0.787879 2952.6 -1066.1
-0.79798 2952.55 -1077.19
-0.808081 2952.44 -1088.09
-0.818182 2952.31 -1098.95
-0.828283 2952.11 -1109.6
-0.838384 2951.9 -1120.21
-0.848485 2951.61 -1130.6
-0.858586 2951.31 -1140.95
-0.868687 2950.94 -1151.08
-0.878788 2950.56 -1161.17
-0.888889 2950.12 -1171.02
-0.89899 2949.66 -1180.84
-0.909091 2949.17 -1190.42
-0.919192 2948.67 -1199.98
-0.929293 2948.16 -1209.28
-0.939394 2947.65 -1218.56
-0.949495 2947.18 -1227.6
-0.959596 2946.71 -1236.62
-0.969697 2946.34 -1245.41
-0.979798 2945.98 -1254.19
-0.989899 2945.83 -1262.75
-1 2945.68 -1271.31
