0 -22918.7 -0.00215037
-0.010101 -23212.2 -2.22738
-0.020202 -23189.3 -4.45021
-0.030303 -23168.7 -6.65414
-0.040404 -23148.1 -8.85784
-0.0505051 -23130.3 -11.056
-0.0606061 -23112.5 -13.258
-0.0707071 -23097.5 -15.5201
-0.0808081 -23082.8 -17.7882
-0.0909091 -23070.6 -20.1262
-0.10101 -23058.6 -22.471
-0.111111 -23049.1 -24.8764
-0.121212 -23039.8 -27.2886
-0.131313 -23032.6 -29.7496
-0.141414 -23025.7 -32.2171
-0.151515 -23020.6 -34.7241
-0.161616 -23015.7 -37.2375
-0.171717 -23012.3 -39.784
-0.181818 -23009.2 -42.3367
-0.191919 -23007.2 -44.9181
-0.20202 -23005.5 -47.5057
-0.212121 -23004.7 -50.118
-0.222222 -23004 -52.7361
-0.232323 -23004.1 -55.3749
-0.242424 -23004.3 -58.0188
-0.252525 -23005 -60.6791
-0.262626 -23005.9 -63.3436
-0.272727 -23007.1 -66.02
-0.282828 -23008.3 -68.6992
-0.292929 -23009.8 -71.386
-0.30303 -23011.4 -74.0741
-0.313131 -23013.1 -76.7656
-0.323232 -23014.8 -79.4569
-0.333333 -23016.6 -82.1478
-0.343434 -23018.3 -84.8368
-0.353535 -23020.1 -87.5223
-0.363636 -23021.9 -90.2043
-0.373737 -23023.7 -92.8802
-0.383838 -23025.4 -95.551
-0.393939 -23027.1 -98.2134
-0.40404 -23028.8 -100.869
-0.414141 -23030.4 -103.515
-0.424242 -23032 -106.153
-0.434343 -23033.6 -108.78
-0.444444 -23035.1 -111.397
-0.454545 -23036.6 -114.002
-0.464646 -23038 -116.596
-0.474747 -23039.4 -119.178
-0.484848 -23040.8 -121.747
-0.494949 -23042.1 -124.303
-0.505051 -23043.4 -126.845
-0.515152 -23044.7 -129.374
-0.525253 -23046 -131.889
-0.535354 -23047.3 -134.389
-0.545455 -23048.5 -136.874
-0.555556 -23049.8 -139.345
-0.565657 -23051 -141.799
-0.575758 -23052.2 -144.239
-0.585859 -23053.5 -146.661
-0.59596 -23054.8 -149.069
-0.606061 -23056 -151.458
-0.616162 -23057.3 -153.833
-0.626263 -23058.6 -156.187
-0.636364 -23059.9 -158.529
-0.646465 -23061.3 -160.848
-0.656566 -23062.6 -163.155
-0.666667 -23064 -165.438
-0.676768 -23065.4 -167.71
-0.686869 -23066.9 -169.957
-0.69697 -23068.3 -172.192
-0.707071 -23069.8 -174.403
-0.717172 -23071.4 -176.603
-0.727273 -23072.9 -178.776
-0.737374 -23074.5 -180.94
-0.747475 -23076.1 -183.078
-0.757576 -23077.7 -185.206
-0.767677 -23079.4 -187.308
-0.777778 -23081.1 -189.401
-0.787879 -23082.8 -191.468
-0.79798 -23084.5 -193.527
-0.808081 -23086.2 -195.56
-0.818182 -23087.9 -197.587
-0.828283 -23089.6 -199.588
-0.838384 -23091.3 -201.583
-0.848485 -23093 -203.554
-0.858586 -23094.7 -205.52
-0.868687 -23096.3 -207.461
-0.878788 -23097.9 -209.399
-0.888889 -23099.4 -211.314
-0.89899 -23100.9 -213.225
-0.909091 -23102.3 -215.115
-0.919192 -23103.6 -217.002
-0.929293 -23104.8 -218.867
-0.939394 -23105.9 -220.732
-0.949495 -23106.8 -222.577
-0.959596 -23107.7 -224.422
-0.969697 -23108.2 -226.256
-0.979798 -23108.8 -228.089
-0.989899 -23109 -229.862
-1 -23109.2 -231.634
