0 -8355.78 -0.00100683
-0.010101 -9703.98 -11.8275
-0.020202 -9680.79 -23.669
-0.030303 -9663.35 -36.3042
-0.040404 -9646.11 -48.9463
-0.0505051 -9633.68 -61.7551
-0.0606061 -9621.5 -74.5757
-0.0707071 -9613.23 -87.5802
-0.0808081 -9605.23 -100.597
-0.0909091 -9600.3 -113.76
-0.10101 -9595.64 -126.933
-0.111111 -9593.33 -140.211
-0.121212 -9591.25 -153.499
-0.131313 -9590.89 -166.858
-0.141414 -9590.72 -180.226
-0.151515 -9591.77 -193.644
-0.161616 -9592.96 -207.069
-0.171717 -9594.94 -220.527
-0.181818 -9597.03 -233.989
-0.191919 -9599.58 -247.471
-0.20202 -9602.19 -260.955
-0.212121 -9605.03 -274.448
-0.222222 -9607.87 -287.94
-0.232323 -9610.78 -301.429
-0.242424 -9613.65 -314.915
-0.252525 -9616.47 -328.388
-0.262626 -9619.23 -341.854
-0.272727 -9621.85 -355.299
-0.282828 -9624.4 -368.733
-0.292929 -9626.77 -382.139
-0.30303 -9629.05 -395.53
-0.313131 -9631.13 -408.886
-0.323232 -9633.13 -422.224
-0.333333 -9634.92 -435.522
-0.343434 -9636.62 -448.798
-0.353535 -9638.14 -462.031
-0.363636 -9639.56 -475.237
-0.373737 -9640.83 -488.397
-0.383838 -9642 -501.526
-0.393939 -9643.04 -514.606
-0.40404 -9644 -527.652
-0.414141 -9644.84 -540.647
-0.424242 -9645.61 -553.604
-0.434343 -9646.3 -566.508
-0.444444 -9646.93 -579.369
-0.454545 -9647.48 -592.176
-0.464646 -9647.99 -604.936
-0.474747 -9648.45 -617.641
-0.484848 -9648.88 -630.294
-0.494949 -9649.27 -642.891
-0.505051 -9649.64 -655.432
-0.515152 -9649.98 -667.916
-0.525253 -9650.31 -680.337
-0.535354 -9650.63 -692.702
-0.545455 -9650.95 -704.999
-0.555556 -9651.26 -717.239
-0.565657 -9651.57 -729.405
-0.575758 -9651.89 -741.513
-0.585859 -9652.22 -753.541
-0.59596 -9652.56 -765.511
-0.606061 -9652.91 -777.395
-0.616162 -9653.28 -789.22
-0.626263 -9653.67 -800.952
-0.636364 -9654.08 -812.626
-0.646465 -9654.51 -824.199
-0.656566 -9654.97 -835.714
-0.666667 -9655.45 -847.12
-0.676768 -9655.96 -858.47
-0.686869 -9656.51 -869.702
-0.69697 -9657.07 -880.879
-0.707071 -9657.69 -891.929
-0.717172 -9658.32 -902.925
-0.727273 -9659 -913.786
-0.737374 -9659.71 -924.594
-0.747475 -9660.47 -935.258
-0.757576 -9661.25 -945.871
-0.767677 -9662.08 -956.331
-0.777778 -9662.94 -966.742
-0.787879 -9663.86 -976.991
-0.79798 -9664.79 -987.193
-0.808081 -9665.78 -997.224
-0.818182 -9666.79 -1007.21
-0.828283 -9667.85 -1017.02
-0.838384 -9668.92 -1026.79
-0.848485 -9670.04 -1036.36
-0.858586 -9671.17 -1045.91
-0.868687 -9672.32 -1055.25
-0.878788 -9673.47 -1064.56
-0.888889 -9674.63 -1073.67
-0.89899 -9675.78 -1082.75
-0.909091 -9676.9 -1091.62
-0.919192 -9678.01 -1100.46
-0.929293 -9679.03 -1109.09
-0.939394 -9680.04 -1117.7
-0.949495 -9680.9 -1126.09
-0.959596 -9681.75 -1134.48
-0.969697 -9682.35 -1142.66
-0.979798 -9682.94 -1150.85
-0.989899 -9683.17 -1158.81
-1 -9683.39 -1166.78
