0 -22199.6 -0.00249509
-0.010101 -21635 5.37518
-0.020202 -21622.9 10.7667
-0.030303 -21609.7 16.7242
-0.040404 -21596.5 22.6868
-0.0505051 -21583.2 28.7703
-0.0606061 -21570 34.8571
-0.0707071 -21557.4 40.9965
-0.0808081 -21544.8 47.1372
-0.0909091 -21533.4 53.292
-0.10101 -21522 59.4466
-0.111111 -21512 65.5981
-0.121212 -21502.1 71.7483
-0.131313 -21493.6 77.8882
-0.141414 -21485.2 84.0259
-0.151515 -21478.3 90.1496
-0.161616 -21471.5 96.27
-0.171717 -21466.1 102.373
-0.181818 -21460.8 108.471
-0.191919 -21456.7 114.548
-0.20202 -21452.8 120.619
-0.212121 -21449.8 126.665
-0.222222 -21447.1 132.704
-0.232323 -21445.2 138.716
-0.242424 -21443.5 144.718
-0.252525 -21442.5 150.693
-0.262626 -21441.6 156.657
-0.272727 -21441.3 162.593
-0.282828 -21441.1 168.517
-0.292929 -21441.3 174.413
-0.30303 -21441.6 180.298
-0.313131 -21442.2 186.154
-0.323232 -21443 191.998
-0.333333 -21443.9 197.816
-0.343434 -21444.9 203.62
-0.353535 -21446 209.399
-0.363636 -21447.2 215.165
-0.373737 -21448.5 220.905
-0.383838 -21449.8 226.632
-0.393939 -21451.2 232.335
-0.40404 -21452.6 238.022
-0.414141 -21454 243.686
-0.424242 -21455.4 249.335
-0.434343 -21456.8 254.96
-0.444444 -21458.2 260.568
-0.454545 -21459.7 266.154
-0.464646 -21461.1 271.721
-0.474747 -21462.4 277.266
-0.484848 -21463.8 282.79
-0.494949 -21465.2 288.292
-0.505051 -21466.5 293.772
-0.515152 -21467.9 299.229
-0.525253 -21469.2 304.662
-0.535354 -21470.5 310.072
-0.545455 -21471.8 315.456
-0.555556 -21473.2 320.817
-0.565657 -21474.5 326.148
-0.575758 -21475.8 331.457
-0.585859 -21477 336.733
-0.59596 -21478.3 341.986
-0.606061 -21479.7 347.204
-0.616162 -21481 352.398
-0.626263 -21482.3 357.554
-0.636364 -21483.6 362.686
-0.646465 -21484.9 367.776
-0.656566 -21486.3 372.841
-0.666667 -21487.6 377.861
-0.676768 -21489 382.856
-0.686869 -21490.4 387.8
-0.69697 -21491.8 392.721
-0.707071 -21493.2 397.586
-0.717172 -21494.6 402.426
-0.727273 -21496.1 407.206
-0.737374 -21497.5 411.962
-0.747475 -21498.9 416.652
-0.757576 -21500.4 421.318
-0.767677 -21501.9 425.911
-0.777778 -21503.3 430.482
-0.787879 -21504.7 434.973
-0.79798 -21506.2 439.442
-0.808081 -21507.6 443.826
-0.818182 -21509 448.188
-0.828283 -21510.4 452.457
-0.838384 -21511.7 456.706
-0.848485 -21513 460.856
-0.858586 -21514.3 464.987
-0.868687 -21515.5 469.013
-0.878788 -21516.6 473.021
-0.888889 -21517.7 476.917
-0.89899 -21518.7 480.797
-0.909091 -21519.6 484.56
-0.919192 -21520.5 488.31
-0.929293 -21521.2 491.938
-0.939394 -21521.9 495.555
-0.949495 -21522.3 499.049
-0.959596 -21522.8 502.535
-0.969697 -21523.1 505.901
-0.979798 -21523.4 509.262
-0.989899 -21523.5 512.552
-1 -21523.6 515.841
