0 -21804.8 -0.00197019
-0.010101 -21178.7 5.91762
-0.020202 -21167.7 11.8513
-0.030303 -21155.3 18.3866
-0.040404 -21142.9 24.9273
-0.0505051 -21130.2 31.5958
-0.0606061 -21117.5 38.2682
-0.0707071 -21105.3 45.0012
-0.0808081 -21093.1 51.7359
-0.0909091 -21081.9 58.4912
-0.10101 -21070.7 65.2466
-0.111111 -21060.8 72.0035
-0.121212 -21051 78.7593
-0.131313 -21042.5 85.5081
-0.141414 -21034.2 92.2549
-0.151515 -21027.2 98.9898
-0.161616 -21020.4 105.722
-0.171717 -21014.8 112.437
-0.181818 -21009.5 119.148
-0.191919 -21005.2 125.839
-0.20202 -21001.2 132.523
-0.212121 -20998.2 139.183
-0.222222 -20995.3 145.836
-0.232323 -20993.3 152.461
-0.242424 -20991.4 159.077
-0.252525 -20990.3 165.664
-0.262626 -20989.3 172.241
-0.272727 -20988.8 178.787
-0.282828 -20988.5 185.323
-0.292929 -20988.6 191.828
-0.30303 -20988.8 198.32
-0.313131 -20989.3 204.784
-0.323232 -20990 211.234
-0.333333 -20990.8 217.656
-0.343434 -20991.7 224.063
-0.353535 -20992.8 230.443
-0.363636 -20993.9 236.808
-0.373737 -20995.2 243.147
-0.383838 -20996.4 249.469
-0.393939 -20997.7 255.766
-0.40404 -20999.1 262.046
-0.414141 -21000.5 268.3
-0.424242 -21001.8 274.537
-0.434343 -21003.2 280.748
-0.444444 -21004.6 286.94
-0.454545 -21006 293.107
-0.464646 -21007.4 299.254
-0.474747 -21008.7 305.375
-0.484848 -21010.1 311.474
-0.494949 -21011.4 317.548
-0.505051 -21012.8 323.597
-0.515152 -21014.1 329.621
-0.525253 -21015.4 335.618
-0.535354 -21016.7 341.589
-0.545455 -21018 347.531
-0.555556 -21019.3 353.448
-0.565657 -21020.6 359.332
-0.575758 -21021.9 365.19
-0.585859 -21023.1 371.012
-0.59596 -21024.4 376.809
-0.606061 -21025.7 382.566
-0.616162 -21027 388.298
-0.626263 -21028.3 393.986
-0.636364 -21029.6 399.648
-0.646465 -21030.9 405.263
-0.656566 -21032.3 410.852
-0.666667 -21033.6 416.389
-0.676768 -21034.9 421.9
-0.686869 -21036.3 427.355
-0.69697 -21037.7 432.783
-0.707071 -21039 438.149
-0.717172 -21040.4 443.49
-0.727273 -21041.8 448.763
-0.737374 -21043.2 454.01
-0.747475 -21044.7 459.183
-0.757576 -21046.1 464.331
-0.767677 -21047.5 469.4
-0.777778 -21048.9 474.443
-0.787879 -21050.3 479.4
-0.79798 -21051.7 484.332
-0.808081 -21053.1 489.171
-0.818182 -21054.4 493.986
-0.828283 -21055.7 498.701
-0.838384 -21057 503.394
-0.848485 -21058.3 507.979
-0.858586 -21059.5 512.543
-0.868687 -21060.6 516.992
-0.878788 -21061.7 521.423
-0.888889 -21062.7 525.732
-0.89899 -21063.7 530.024
-0.909091 -21064.5 534.189
-0.919192 -21065.3 538.34
-0.929293 -21066 542.36
-0.939394 -21066.6 546.368
-0.949495 -21067.1 550.242
-0.959596 -21067.5 554.108
-0.969697 -21067.8 557.845
-0.979798 -21068.1 561.577
-0.989899 -21068.1 565.229
-1 -21068.2 568.879
