0 4715.26 0.000615796
-0.010101 6138.85 12.5573
-0.020202 6117.85 25.1312
-0.030303 6102.71 38.5802
-0.040404 6087.77 52.037
-0.0505051 6077.6 65.6777
-0.0606061 6067.67 79.3305
-0.0707071 6061.51 93.1734
-0.0808081 6055.6 107.029
-0.0909091 6052.57 121.03
-0.10101 6049.77 135.043
-0.111111 6049.09 149.158
-0.121212 6048.61 163.282
-0.131313 6049.62 177.476
-0.141414 6050.78 191.677
-0.151515 6052.93 205.926
-0.161616 6055.19 220.18
-0.171717 6058.02 234.465
-0.181818 6060.93 248.753
-0.191919 6064.11 263.057
-0.20202 6067.32 277.363
-0.212121 6070.59 291.672
-0.222222 6073.84 305.98
-0.232323 6077.02 320.281
-0.242424 6080.13 334.576
-0.252525 6083.08 348.855
-0.262626 6085.95 363.124
-0.272727 6088.6 377.369
-0.282828 6091.16 391.6
-0.292929 6093.47 405.8
-0.30303 6095.67 419.982
-0.313131 6097.63 434.126
-0.323232 6099.49 448.25
-0.333333 6101.12 462.33
-0.343434 6102.64 476.386
-0.353535 6103.96 490.395
-0.363636 6105.17 504.376
-0.373737 6106.22 518.306
-0.383838 6107.17 532.204
-0.393939 6107.98 546.05
-0.40404 6108.7 559.86
-0.414141 6109.31 573.615
-0.424242 6109.85 587.329
-0.434343 6110.3 600.988
-0.444444 6110.7 614.602
-0.454545 6111.02 628.159
-0.464646 6111.31 641.666
-0.474747 6111.54 655.115
-0.484848 6111.74 668.51
-0.494949 6111.91 681.846
-0.505051 6112.06 695.122
-0.515152 6112.18 708.338
-0.525253 6112.3 721.49
-0.535354 6112.4 734.581
-0.545455 6112.5 747.601
-0.555556 6112.6 760.56
-0.565657 6112.71 773.442
-0.575758 6112.82 786.263
-0.585859 6112.93 799
-0.59596 6113.06 811.676
-0.606061 6113.2 824.26
-0.616162 6113.36 836.783
-0.626263 6113.54 849.208
-0.636364 6113.73 861.571
-0.646465 6113.94 873.828
-0.656566 6114.18 886.024
-0.666667 6114.44 898.104
-0.676768 6114.72 910.125
-0.686869 6115.04 922.022
-0.69697 6115.38 933.859
-0.707071 6115.76 945.563
-0.717172 6116.16 957.21
-0.727273 6116.61 968.713
-0.737374 6117.07 980.16
-0.747475 6117.59 991.453
-0.757576 6118.13 1002.69
-0.767677 6118.73 1013.77
-0.777778 6119.34 1024.79
-0.787879 6120.02 1035.65
-0.79798 6120.71 1046.45
-0.808081 6121.47 1057.07
-0.818182 6122.24 1067.64
-0.828283 6123.07 1078.02
-0.838384 6123.92 1088.35
-0.848485 6124.82 1098.49
-0.858586 6125.73 1108.58
-0.868687 6126.68 1118.47
-0.878788 6127.63 1128.31
-0.888889 6128.61 1137.94
-0.89899 6129.59 1147.54
-0.909091 6130.55 1156.91
-0.919192 6131.51 1166.25
-0.929293 6132.41 1175.36
-0.939394 6133.3 1184.45
-0.949495 6134.07 1193.31
-0.959596 6134.82 1202.15
-0.969697 6135.37 1210.79
-0.979798 6135.91 1219.41
-0.989899 6136.12 1227.82
-1 6136.33 1236.22
