0 -19163 -0.00198022
-0.010101 -18251.5 8.40423
-0.020202 -18246.2 16.8277
-0.030303 -18238.2 26.0134
-0.040404 -18230.1 35.2057
-0.0505051 -18220.6 44.56
-0.0606061 -18211.2 53.9206
-0.0707071 -18201.2 63.382
-0.0808081 -18191.3 72.8479
-0.0909091 -18181.6 82.3671
-0.10101 -18171.9 91.889
-0.111111 -18162.8 101.436
-0.121212 -18153.8 110.985
-0.131313 -18145.7 120.543
-0.141414 -18137.7 130.102
-0.151515 -18130.7 139.66
-0.161616 -18123.9 149.217
-0.171717 -18118 158.766
-0.181818 -18112.4 168.312
-0.191919 -18107.7 177.843
-0.20202 -18103.3 187.368
-0.212121 -18099.7 196.872
-0.222222 -18096.3 206.369
-0.232323 -18093.6 215.838
-0.242424 -18091.2 225.298
-0.252525 -18089.4 234.728
-0.262626 -18087.9 244.145
-0.272727 -18086.8 253.529
-0.282828 -18085.9 262.9
-0.292929 -18085.5 272.235
-0.30303 -18085.2 281.555
-0.313131 -18085.2 290.839
-0.323232 -18085.4 300.105
-0.333333 -18085.8 309.335
-0.343434 -18086.3 318.547
-0.353535 -18087 327.722
-0.363636 -18087.7 336.877
-0.373737 -18088.6 345.995
-0.383838 -18089.6 355.091
-0.393939 -18090.6 364.152
-0.40404 -18091.7 373.188
-0.414141 -18092.8 382.187
-0.424242 -18094 391.161
-0.434343 -18095.2 400.099
-0.444444 -18096.4 409.008
-0.454545 -18097.6 417.881
-0.464646 -18098.8 426.723
-0.474747 -18100 435.529
-0.484848 -18101.2 444.3
-0.494949 -18102.5 453.035
-0.505051 -18103.7 461.733
-0.515152 -18104.9 470.394
-0.525253 -18106.1 479.015
-0.535354 -18107.2 487.598
-0.545455 -18108.4 496.137
-0.555556 -18109.6 504.639
-0.565657 -18110.8 513.092
-0.575758 -18111.9 521.507
-0.585859 -18113.1 529.87
-0.59596 -18114.3 538.194
-0.606061 -18115.4 546.461
-0.616162 -18116.6 554.689
-0.626263 -18117.8 562.854
-0.636364 -18118.9 570.981
-0.646465 -18120.1 579.04
-0.656566 -18121.3 587.059
-0.666667 -18122.5 595.005
-0.676768 -18123.6 602.912
-0.686869 -18124.8 610.737
-0.69697 -18126 618.525
-0.707071 -18127.2 626.224
-0.717172 -18128.4 633.886
-0.727273 -18129.6 641.451
-0.737374 -18130.8 648.98
-0.747475 -18132 656.405
-0.757576 -18133.2 663.794
-0.767677 -18134.4 671.071
-0.777778 -18135.5 678.312
-0.787879 -18136.7 685.433
-0.79798 -18137.8 692.52
-0.808081 -18138.9 699.478
-0.818182 -18140 706.403
-0.828283 -18141 713.19
-0.838384 -18142 719.946
-0.848485 -18143 726.556
-0.858586 -18143.9 733.137
-0.868687 -18144.7 739.562
-0.878788 -18145.5 745.962
-0.888889 -18146.2 752.198
-0.89899 -18146.9 758.411
-0.909091 -18147.5 764.453
-0.919192 -18148 770.477
-0.929293 -18148.4 776.324
-0.939394 -18148.8 782.155
-0.949495 -18149 787.81
-0.959596 -18149.3 793.453
-0.969697 -18149.4 798.928
-0.979798 -18149.5 804.395
-0.989899 -18149.5 809.738
-1 -18149.5 815.077
