0 21703.2 0.00222322
-0.010101 22222.8 4.25466
-0.020202 22198.2 8.50779
-0.030303 22176.7 12.8988
-0.040404 22155.4 17.2909
-0.0505051 22137.3 21.7105
-0.0606061 22119.4 26.1358
-0.0707071 22104.7 30.6494
-0.0808081 22090.2 35.1707
-0.0909091 22078.5 39.7815
-0.10101 22067.2 44.4004
-0.111111 22058.4 49.0926
-0.121212 22049.8 53.7926
-0.131313 22043.4 58.5495
-0.141414 22037.4 63.3136
-0.151515 22033.1 68.122
-0.161616 22029 72.9371
-0.171717 22026.5 77.7878
-0.181818 22024.1 82.6448
-0.191919 22022.9 87.5307
-0.20202 22021.9 92.4225
-0.212121 22021.7 97.3374
-0.222222 22021.7 102.257
-0.232323 22022.3 107.195
-0.242424 22023.1 112.136
-0.252525 22024.3 117.089
-0.262626 22025.6 122.044
-0.272727 22027.1 127.006
-0.282828 22028.7 131.968
-0.292929 22030.5 136.931
-0.30303 22032.3 141.892
-0.313131 22034.2 146.85
-0.323232 22036.1 151.804
-0.333333 22038 156.749
-0.343434 22039.8 161.689
-0.353535 22041.7 166.617
-0.363636 22043.6 171.537
-0.373737 22045.3 176.442
-0.383838 22047.1 181.337
-0.393939 22048.8 186.216
-0.40404 22050.5 191.081
-0.414141 22052 195.928
-0.424242 22053.6 200.761
-0.434343 22055.1 205.573
-0.444444 22056.5 210.369
-0.454545 22057.9 215.143
-0.464646 22059.3 219.899
-0.474747 22060.6 224.633
-0.484848 22061.9 229.346
-0.494949 22063.1 234.037
-0.505051 22064.4 238.704
-0.515152 22065.6 243.349
-0.525253 22066.7 247.969
-0.535354 22067.9 252.566
-0.545455 22069.1 257.136
-0.555556 22070.2 261.682
-0.565657 22071.4 266.199
-0.575758 22072.5 270.693
-0.585859 22073.7 275.155
-0.59596 22074.9 279.594
-0.606061 22076 283.999
-0.616162 22077.2 288.381
-0.626263 22078.5 292.726
-0.636364 22079.7 297.049
-0.646465 22080.9 301.332
-0.656566 22082.2 305.593
-0.666667 22083.5 309.813
-0.676768 22084.9 314.011
-0.686869 22086.2 318.165
-0.69697 22087.6 322.298
-0.707071 22089.1 326.385
-0.717172 22090.5 330.451
-0.727273 22092 334.468
-0.737374 22093.5 338.467
-0.747475 22095.1 342.414
-0.757576 22096.7 346.343
-0.767677 22098.3 350.219
-0.777778 22099.9 354.078
-0.787879 22101.6 357.883
-0.79798 22103.3 361.672
-0.808081 22105 365.404
-0.818182 22106.7 369.122
-0.828283 22108.4 372.783
-0.838384 22110.1 376.431
-0.848485 22111.8 380.021
-0.858586 22113.5 383.599
-0.868687 22115.1 387.117
-0.878788 22116.8 390.626
-0.888889 22118.3 394.075
-0.89899 22119.8 397.516
-0.909091 22121.2 400.895
-0.919192 22122.6 404.268
-0.929293 22123.8 407.581
-0.939394 22125 410.889
-0.949495 22126 414.138
-0.959596 22126.9 417.384
-0.969697 22127.5 420.583
-0.979798 22128.1 423.78
-0.989899 22128.3 426.883
-1 22128.6 429.985
