0 -18682.7 -0.00190847
-0.010101 -19528.5 -7.19813
-0.020202 -19502.5 -14.4002
-0.030303 -19480.9 -21.9779
-0.040404 -19459.4 -29.5589
-0.0505051 -19441.9 -37.2178
-0.0606061 -19424.7 -44.8849
-0.0707071 -19411.1 -52.6801
-0.0808081 -19397.7 -60.4854
-0.0909091 -19387.6 -68.4061
-0.10101 -19377.7 -76.3367
-0.111111 -19370.5 -84.3568
-0.121212 -19363.5 -92.3859
-0.131313 -19358.8 -100.482
-0.141414 -19354.3 -108.585
-0.151515 -19351.5 -116.739
-0.161616 -19349 -124.899
-0.171717 -19347.8 -133.097
-0.181818 -19346.9 -141.301
-0.191919 -19346.9 -149.533
-0.20202 -19347 -157.77
-0.212121 -19347.9 -166.027
-0.222222 -19348.9 -174.288
-0.232323 -19350.3 -182.56
-0.242424 -19351.9 -190.833
-0.252525 -19353.7 -199.111
-0.262626 -19355.6 -207.388
-0.272727 -19357.6 -215.663
-0.282828 -19359.7 -223.934
-0.292929 -19361.8 -232.196
-0.30303 -19363.9 -240.451
-0.313131 -19366 -248.692
-0.323232 -19368.1 -256.924
-0.333333 -19370.1 -265.136
-0.343434 -19372 -273.336
-0.353535 -19373.9 -281.512
-0.363636 -19375.8 -289.674
-0.373737 -19377.5 -297.808
-0.383838 -19379.2 -305.925
-0.393939 -19380.8 -314.012
-0.40404 -19382.3 -322.079
-0.414141 -19383.8 -330.114
-0.424242 -19385.2 -338.125
-0.434343 -19386.5 -346.103
-0.444444 -19387.7 -354.055
-0.454545 -19389 -361.972
-0.464646 -19390.1 -369.86
-0.474747 -19391.2 -377.712
-0.484848 -19392.3 -385.531
-0.494949 -19393.4 -393.315
-0.505051 -19394.4 -401.062
-0.515152 -19395.4 -408.773
-0.525253 -19396.4 -416.444
-0.535354 -19397.3 -424.079
-0.545455 -19398.3 -431.671
-0.555556 -19399.2 -439.225
-0.565657 -19400.2 -446.733
-0.575758 -19401.1 -454.204
-0.585859 -19402.1 -461.624
-0.59596 -19403 -469.007
-0.606061 -19404 -476.335
-0.616162 -19405 -483.626
-0.626263 -19406 -490.858
-0.636364 -19407.1 -498.054
-0.646465 -19408.1 -505.186
-0.656566 -19409.2 -512.282
-0.666667 -19410.3 -519.31
-0.676768 -19411.5 -526.303
-0.686869 -19412.7 -533.223
-0.69697 -19413.9 -540.108
-0.707071 -19415.1 -546.916
-0.717172 -19416.4 -553.69
-0.727273 -19417.7 -560.381
-0.737374 -19419.1 -567.041
-0.747475 -19420.5 -573.613
-0.757576 -19421.9 -580.155
-0.767677 -19423.4 -586.604
-0.777778 -19424.9 -593.025
-0.787879 -19426.4 -599.349
-0.79798 -19427.9 -605.646
-0.808081 -19429.5 -611.843
-0.818182 -19431.1 -618.014
-0.828283 -19432.7 -624.081
-0.838384 -19434.3 -630.124
-0.848485 -19436 -636.06
-0.858586 -19437.6 -641.974
-0.868687 -19439.2 -647.777
-0.878788 -19440.8 -653.562
-0.888889 -19442.3 -659.231
-0.89899 -19443.8 -664.885
-0.909091 -19445.2 -670.421
-0.919192 -19446.6 -675.944
-0.929293 -19447.8 -681.349
-0.939394 -19449 -686.743
-0.949495 -19450 -692.022
-0.959596 -19451 -697.293
-0.969697 -19451.7 -702.462
-0.979798 -19452.3 -707.628
-0.989899 -19452.5 -712.651
-1 -19452.8 -717.671
