0 16904.5 0.00172306
-0.010101 17881.9 8.39654
-0.020202 17855.9 16.7994
-0.030303 17834.6 25.679
-0.040404 17813.5 34.5628
-0.0505051 17796.7 43.5458
-0.0606061 17780.1 52.538
-0.0707071 17767.3 61.6737
-0.0808081 17754.8 70.8203
-0.0909091 17745.5 80.0917
-0.10101 17736.5 89.3736
-0.111111 17730.2 98.7503
-0.121212 17724.1 108.137
-0.131313 17720.2 117.592
-0.141414 17716.6 127.056
-0.151515 17714.6 136.571
-0.161616 17712.8 146.093
-0.171717 17712.3 155.652
-0.181818 17711.9 165.217
-0.191919 17712.5 174.81
-0.20202 17713.2 184.406
-0.212121 17714.5 194.021
-0.222222 17716 203.638
-0.232323 17717.8 213.264
-0.242424 17719.6 222.89
-0.252525 17721.7 232.517
-0.262626 17723.9 242.141
-0.272727 17726.1 251.759
-0.282828 17728.3 261.372
-0.292929 17730.5 270.971
-0.30303 17732.7 280.562
-0.313131 17734.9 290.133
-0.323232 17737 299.693
-0.333333 17739 309.228
-0.343434 17740.9 318.749
-0.353535 17742.8 328.241
-0.363636 17744.6 337.715
-0.373737 17746.3 347.157
-0.383838 17747.9 356.579
-0.393939 17749.4 365.965
-0.40404 17750.8 375.328
-0.414141 17752.2 384.653
-0.424242 17753.5 393.952
-0.434343 17754.7 403.212
-0.444444 17755.9 412.441
-0.454545 17757 421.63
-0.464646 17758 430.785
-0.474747 17759 439.9
-0.484848 17760 448.977
-0.494949 17760.9 458.013
-0.505051 17761.8 467.007
-0.515152 17762.7 475.959
-0.525253 17763.5 484.865
-0.535354 17764.4 493.73
-0.545455 17765.2 502.545
-0.555556 17766.1 511.317
-0.565657 17766.9 520.036
-0.575758 17767.7 528.712
-0.585859 17768.6 537.33
-0.59596 17769.4 545.905
-0.606061 17770.3 554.416
-0.616162 17771.2 562.886
-0.626263 17772.1 571.287
-0.636364 17773 579.646
-0.646465 17774 587.932
-0.656566 17774.9 596.176
-0.666667 17776 604.341
-0.676768 17777 612.465
-0.686869 17778.1 620.504
-0.69697 17779.2 628.504
-0.707071 17780.3 636.413
-0.717172 17781.5 644.284
-0.727273 17782.7 652.058
-0.737374 17784 659.795
-0.747475 17785.3 667.43
-0.757576 17786.6 675.029
-0.767677 17787.9 682.52
-0.777778 17789.3 689.977
-0.787879 17790.8 697.321
-0.79798 17792.2 704.632
-0.808081 17793.7 711.825
-0.818182 17795.2 718.989
-0.828283 17796.7 726.028
-0.838384 17798.3 733.04
-0.848485 17799.8 739.923
-0.858586 17801.4 746.781
-0.868687 17802.9 753.506
-0.878788 17804.4 760.209
-0.888889 17805.9 766.775
-0.89899 17807.4 773.322
-0.909091 17808.8 779.727
-0.919192 17810.2 786.117
-0.929293 17811.4 792.364
-0.939394 17812.6 798.599
-0.949495 17813.6 804.693
-0.959596 17814.5 810.778
-0.969697 17815.2 816.739
-0.979798 17815.8 822.694
-0.989899 17816.1 828.49
-1 17816.3 834.282
