0 -4969.85 -0.000680373
-0.010101 -3522.55 12.9262
-0.020202 -3535.61 25.8736
-0.030303 -3543.21 39.7996
-0.040404 -3550.64 53.7342
-0.0505051 -3553.96 67.8753
-0.0606061 -3557.08 82.0281
-0.0707071 -3557.24 96.3649
-0.0808081 -3557.21 110.713
-0.0909091 -3555.15 125.192
-0.10101 -3552.95 139.68
-0.111111 -3549.45 154.254
-0.121212 -3545.85 168.836
-0.131313 -3541.53 183.473
-0.141414 -3537.16 198.116
-0.151515 -3532.5 212.794
-0.161616 -3527.84 227.475
-0.171717 -3523.18 242.174
-0.181818 -3518.57 256.875
-0.191919 -3514.16 271.581
-0.20202 -3509.84 286.286
-0.212121 -3505.85 300.984
-0.222222 -3501.97 315.678
-0.232323 -3498.48 330.354
-0.242424 -3495.12 345.023
-0.252525 -3492.17 359.665
-0.262626 -3489.37 374.296
-0.272727 -3486.96 388.894
-0.282828 -3484.69 403.476
-0.292929 -3482.8 418.018
-0.30303 -3481.05 432.542
-0.313131 -3479.62 447.021
-0.323232 -3478.32 461.478
-0.333333 -3477.31 475.887
-0.343434 -3476.41 490.27
-0.353535 -3475.75 504.603
-0.363636 -3475.19 518.905
-0.373737 -3474.82 533.155
-0.383838 -3474.54 547.371
-0.393939 -3474.4 561.533
-0.40404 -3474.34 575.658
-0.414141 -3474.39 589.726
-0.424242 -3474.5 603.754
-0.434343 -3474.69 617.724
-0.444444 -3474.93 631.649
-0.454545 -3475.22 645.516
-0.464646 -3475.55 659.334
-0.474747 -3475.92 673.092
-0.484848 -3476.3 686.795
-0.494949 -3476.71 700.439
-0.505051 -3477.13 714.023
-0.515152 -3477.57 727.547
-0.525253 -3478.01 741.005
-0.535354 -3478.46 754.402
-0.545455 -3478.9 767.728
-0.555556 -3479.34 780.993
-0.565657 -3479.78 794.179
-0.575758 -3480.22 807.304
-0.585859 -3480.64 820.344
-0.59596 -3481.06 833.322
-0.606061 -3481.47 846.208
-0.616162 -3481.87 859.032
-0.626263 -3482.25 871.756
-0.636364 -3482.62 884.418
-0.646465 -3482.98 896.971
-0.656566 -3483.33 909.463
-0.666667 -3483.65 921.837
-0.676768 -3483.96 934.15
-0.686869 -3484.25 946.336
-0.69697 -3484.53 958.462
-0.707071 -3484.78 970.451
-0.717172 -3485.01 982.382
-0.727273 -3485.21 994.164
-0.737374 -3485.39 1005.89
-0.747475 -3485.54 1017.46
-0.757576 -3485.66 1028.97
-0.767677 -3485.74 1040.31
-0.777778 -3485.81 1051.6
-0.787879 -3485.81 1062.71
-0.79798 -3485.8 1073.76
-0.808081 -3485.73 1084.63
-0.818182 -3485.64 1095.45
-0.828283 -3485.48 1106.06
-0.838384 -3485.3 1116.63
-0.848485 -3485.06 1126.98
-0.858586 -3484.79 1137.3
-0.868687 -3484.46 1147.39
-0.878788 -3484.11 1157.44
-0.888889 -3483.71 1167.26
-0.89899 -3483.29 1177.05
-0.909091 -3482.83 1186.59
-0.919192 -3482.36 1196.11
-0.929293 -3481.87 1205.38
-0.939394 -3481.39 1214.62
-0.949495 -3480.93 1223.62
-0.959596 -3480.48 1232.61
-0.969697 -3480.13 1241.36
-0.979798 -3479.78 1250.1
-0.989899 -3479.63 1258.63
-1 -3479.49 1267.16
