0 -15517.9 -0.00175574
-0.010101 -14368.8 10.4528
-0.020202 -14369.4 20.9269
-0.030303 -14366.2 32.2833
-0.040404 -14362.9 43.6475
-0.0505051 -14357.2 55.1986
-0.0606061 -14351.4 66.7583
-0.0707071 -14344.3 78.4532
-0.0808081 -14337.1 90.1553
-0.0909091 -14329.4 101.94
-0.10101 -14321.7 113.73
-0.111111 -14313.9 125.568
-0.121212 -14306.2 137.409
-0.131313 -14298.9 149.276
-0.141414 -14291.6 161.145
-0.151515 -14285 173.026
-0.161616 -14278.5 184.907
-0.171717 -14272.7 196.788
-0.181818 -14267.1 208.668
-0.191919 -14262.2 220.538
-0.20202 -14257.5 232.405
-0.212121 -14253.5 244.253
-0.222222 -14249.8 256.095
-0.232323 -14246.7 267.911
-0.242424 -14243.8 279.718
-0.252525 -14241.5 291.494
-0.262626 -14239.4 303.257
-0.272727 -14237.9 314.985
-0.282828 -14236.5 326.698
-0.292929 -14235.5 338.372
-0.30303 -14234.7 350.028
-0.313131 -14234.2 361.644
-0.323232 -14233.9 373.239
-0.333333 -14233.8 384.792
-0.343434 -14233.9 396.323
-0.353535 -14234.2 407.81
-0.363636 -14234.5 419.272
-0.373737 -14235.1 430.69
-0.383838 -14235.6 442.081
-0.393939 -14236.4 453.427
-0.40404 -14237.1 464.744
-0.414141 -14237.9 476.015
-0.424242 -14238.8 487.253
-0.434343 -14239.7 498.446
-0.444444 -14240.7 509.603
-0.454545 -14241.7 520.714
-0.464646 -14242.6 531.786
-0.474747 -14243.6 542.812
-0.484848 -14244.7 553.794
-0.494949 -14245.7 564.73
-0.505051 -14246.7 575.619
-0.515152 -14247.7 586.461
-0.525253 -14248.7 597.251
-0.535354 -14249.7 607.993
-0.545455 -14250.7 618.68
-0.555556 -14251.7 629.318
-0.565657 -14252.7 639.896
-0.575758 -14253.7 650.424
-0.585859 -14254.7 660.886
-0.59596 -14255.7 671.3
-0.606061 -14256.6 681.64
-0.616162 -14257.6 691.932
-0.626263 -14258.6 702.144
-0.636364 -14259.6 712.308
-0.646465 -14260.5 722.385
-0.656566 -14261.5 732.414
-0.666667 -14262.5 742.349
-0.676768 -14263.4 752.235
-0.686869 -14264.4 762.02
-0.69697 -14265.3 771.757
-0.707071 -14266.3 781.383
-0.717172 -14267.2 790.963
-0.727273 -14268.2 800.423
-0.737374 -14269.1 809.837
-0.747475 -14270 819.122
-0.757576 -14270.9 828.362
-0.767677 -14271.8 837.464
-0.777778 -14272.6 846.523
-0.787879 -14273.5 855.433
-0.79798 -14274.3 864.301
-0.808081 -14275 873.011
-0.818182 -14275.8 881.681
-0.828283 -14276.5 890.182
-0.838384 -14277.2 898.647
-0.848485 -14277.7 906.932
-0.858586 -14278.3 915.183
-0.868687 -14278.8 923.245
-0.878788 -14279.3 931.277
-0.888889 -14279.6 939.111
-0.89899 -14280 946.917
-0.909091 -14280.2 954.518
-0.919192 -14280.5 962.096
-0.929293 -14280.6 969.462
-0.939394 -14280.7 976.81
-0.949495 -14280.7 983.946
-0.959596 -14280.7 991.068
-0.969697 -14280.7 997.991
-0.979798 -14280.7 1004.91
-0.989899 -14280.6 1011.66
-1 -14280.6 1018.4
