0 -13820.2 -0.00170746
-0.010101 -12592.3 11.1246
-0.020202 -12595.2 22.2711
-0.030303 -12594 34.3353
-0.040404 -12592.7 46.4075
-0.0505051 -12588.6 58.6739
-0.0606061 -12584.4 70.9497
-0.0707071 -12578.5 83.3724
-0.0808081 -12572.5 95.8032
-0.0909091 -12565.7 108.327
-0.10101 -12558.9 120.857
-0.111111 -12551.8 133.443
-0.121212 -12544.7 146.033
-0.131313 -12537.8 158.655
-0.141414 -12531 171.28
-0.151515 -12524.6 183.921
-0.161616 -12518.3 196.563
-0.171717 -12512.6 209.208
-0.181818 -12507 221.853
-0.191919 -12502.2 234.49
-0.20202 -12497.5 247.124
-0.212121 -12493.4 259.742
-0.222222 -12489.6 272.353
-0.232323 -12486.3 284.94
-0.242424 -12483.3 297.517
-0.252525 -12480.8 310.064
-0.262626 -12478.6 322.598
-0.272727 -12476.8 335.096
-0.282828 -12475.2 347.579
-0.292929 -12474.1 360.022
-0.30303 -12473 372.447
-0.313131 -12472.4 384.829
-0.323232 -12471.9 397.191
-0.333333 -12471.6 409.508
-0.343434 -12471.5 421.802
-0.353535 -12471.6 434.05
-0.363636 -12471.8 446.271
-0.373737 -12472.2 458.447
-0.383838 -12472.6 470.593
-0.393939 -12473.2 482.691
-0.40404 -12473.8 494.758
-0.414141 -12474.5 506.777
-0.424242 -12475.2 518.76
-0.434343 -12476 530.696
-0.444444 -12476.9 542.592
-0.454545 -12477.7 554.44
-0.464646 -12478.6 566.246
-0.474747 -12479.5 578.002
-0.484848 -12480.4 589.712
-0.494949 -12481.3 601.372
-0.505051 -12482.3 612.981
-0.515152 -12483.2 624.54
-0.525253 -12484.1 636.044
-0.535354 -12485 647.497
-0.545455 -12485.9 658.89
-0.555556 -12486.9 670.231
-0.565657 -12487.8 681.506
-0.575758 -12488.7 692.73
-0.585859 -12489.6 703.883
-0.59596 -12490.5 714.983
-0.606061 -12491.4 726.005
-0.616162 -12492.2 736.975
-0.626263 -12493.1 747.861
-0.636364 -12494 758.694
-0.646465 -12494.9 769.435
-0.656566 -12495.7 780.124
-0.666667 -12496.6 790.712
-0.676768 -12497.4 801.25
-0.686869 -12498.3 811.678
-0.69697 -12499.1 822.056
-0.707071 -12500 832.316
-0.717172 -12500.8 842.525
-0.727273 -12501.6 852.608
-0.737374 -12502.4 862.642
-0.747475 -12503.2 872.539
-0.757576 -12504 882.388
-0.767677 -12504.7 892.09
-0.777778 -12505.4 901.746
-0.787879 -12506.1 911.245
-0.79798 -12506.8 920.699
-0.808081 -12507.4 929.985
-0.818182 -12508 939.229
-0.828283 -12508.6 948.295
-0.838384 -12509.1 957.322
-0.848485 -12509.5 966.159
-0.858586 -12510 974.96
-0.868687 -12510.3 983.563
-0.878788 -12510.6 992.132
-0.888889 -12510.9 1000.49
-0.89899 -12511.1 1008.83
-0.909091 -12511.2 1016.94
-0.919192 -12511.3 1025.03
-0.929293 -12511.3 1032.9
-0.939394 -12511.3 1040.75
-0.949495 -12511.2 1048.38
-0.959596 -12511.2 1055.99
-0.969697 -12511.1 1063.39
-0.979798 -12511 1070.79
-0.989899 -12510.9 1078
-1 -12510.9 1085.22
