0 10829.9 0.00125262
-0.010101 12102.9 11.12
-0.020202 12078.5 22.2521
-0.030303 12059.7 34.1068
-0.040404 12041 45.9678
-0.0505051 12027.2 57.9802
-0.0606061 12013.6 70.0039
-0.0707071 12004 82.204
-0.0808081 11994.6 94.4164
-0.0909091 11988.4 106.771
-0.10101 11982.5 119.137
-0.111111 11979 131.607
-0.121212 11975.8 144.086
-0.131313 11974.5 156.638
-0.141414 11973.4 169.198
-0.151515 11973.6 181.81
-0.161616 11974 194.428
-0.171717 11975.4 207.081
-0.181818 11976.8 219.74
-0.191919 11978.9 232.42
-0.20202 11981 245.103
-0.212121 11983.5 257.797
-0.222222 11986 270.492
-0.232323 11988.7 283.186
-0.242424 11991.4 295.878
-0.252525 11994 308.561
-0.262626 11996.7 321.238
-0.272727 11999.2 333.897
-0.282828 12001.7 346.546
-0.292929 12004.1 359.171
-0.30303 12006.4 371.782
-0.313131 12008.5 384.363
-0.323232 12010.6 396.926
-0.333333 12012.5 409.453
-0.343434 12014.3 421.959
-0.353535 12015.9 434.425
-0.363636 12017.5 446.867
-0.373737 12018.9 459.265
-0.383838 12020.2 471.634
-0.393939 12021.4 483.957
-0.40404 12022.5 496.249
-0.414141 12023.5 508.492
-0.424242 12024.4 520.699
-0.434343 12025.3 532.856
-0.444444 12026.1 544.972
-0.454545 12026.8 557.038
-0.464646 12027.4 569.059
-0.474747 12028 581.028
-0.484848 12028.6 592.948
-0.494949 12029.2 604.815
-0.505051 12029.7 616.628
-0.515152 12030.2 628.388
-0.525253 12030.7 640.088
-0.535354 12031.1 651.735
-0.545455 12031.6 663.318
-0.555556 12032.1 674.846
-0.565657 12032.5 686.304
-0.575758 12033 697.708
-0.585859 12033.5 709.036
-0.59596 12033.9 720.309
-0.606061 12034.4 731.5
-0.616162 12035 742.636
-0.626263 12035.5 753.684
-0.636364 12036.1 764.677
-0.646465 12036.6 775.574
-0.656566 12037.2 786.418
-0.666667 12037.9 797.158
-0.676768 12038.5 807.845
-0.686869 12039.2 818.421
-0.69697 12040 828.944
-0.707071 12040.7 839.349
-0.717172 12041.5 849.703
-0.727273 12042.4 859.929
-0.737374 12043.2 870.106
-0.747475 12044.1 880.147
-0.757576 12045.1 890.141
-0.767677 12046.1 899.991
-0.777778 12047.1 909.795
-0.787879 12048.2 919.447
-0.79798 12049.3 929.056
-0.808081 12050.4 938.504
-0.818182 12051.6 947.912
-0.828283 12052.8 957.151
-0.838384 12054 966.353
-0.848485 12055.3 975.379
-0.858586 12056.5 984.371
-0.868687 12057.8 993.179
-0.878788 12059.1 1001.96
-0.888889 12060.3 1010.54
-0.89899 12061.6 1019.11
-0.909091 12062.8 1027.47
-0.919192 12064 1035.81
-0.929293 12065.1 1043.96
-0.939394 12066.2 1052.08
-0.949495 12067.1 1060.01
-0.959596 12068 1067.93
-0.969697 12068.6 1075.66
-0.979798 12069.2 1083.39
-0.989899 12069.5 1090.92
-1 12069.7 1098.44
