0 9598.71 0.00119242
-0.010101 8232.1 -12.2851
-0.020202 8240.27 -24.5921
-0.030303 8243.53 -37.8679
-0.040404 8246.65 -51.1523
-0.0505051 8246.26 -64.6415
-0.0606061 8245.71 -78.1416
-0.0707071 8242.79 -91.8109
-0.0808081 8239.73 -105.49
-0.0909091 8235.2 -119.284
-0.10101 8230.58 -133.086
-0.111111 8225.17 -146.96
-0.121212 8219.72 -160.841
-0.131313 8213.99 -174.766
-0.141414 8208.27 -188.696
-0.151515 8202.62 -202.651
-0.161616 8197.02 -216.609
-0.171717 8191.74 -230.579
-0.181818 8186.55 -244.548
-0.191919 8181.81 -258.518
-0.20202 8177.19 -272.484
-0.212121 8173.09 -286.439
-0.222222 8169.13 -300.388
-0.232323 8165.71 -314.317
-0.242424 8162.44 -328.236
-0.252525 8159.69 -342.127
-0.262626 8157.09 -356.005
-0.272727 8154.96 -369.848
-0.282828 8152.99 -383.675
-0.292929 8151.43 -397.462
-0.30303 8150.02 -411.23
-0.313131 8148.96 -424.954
-0.323232 8148.03 -438.655
-0.333333 8147.4 -452.31
-0.343434 8146.88 -465.939
-0.353535 8146.59 -479.52
-0.363636 8146.41 -493.071
-0.373737 8146.4 -506.572
-0.383838 8146.48 -520.041
-0.393939 8146.7 -533.458
-0.40404 8146.99 -546.84
-0.414141 8147.37 -560.168
-0.424242 8147.81 -573.458
-0.434343 8148.31 -586.694
-0.444444 8148.86 -599.887
-0.454545 8149.45 -613.025
-0.464646 8150.07 -626.117
-0.474747 8150.71 -639.153
-0.484848 8151.38 -652.137
-0.494949 8152.06 -665.066
-0.505051 8152.74 -677.938
-0.515152 8153.44 -690.754
-0.525253 8154.13 -703.508
-0.535354 8154.83 -716.205
-0.545455 8155.53 -728.834
-0.555556 8156.22 -741.406
-0.565657 8156.91 -753.905
-0.575758 8157.59 -766.346
-0.585859 8158.27 -778.706
-0.59596 8158.94 -791.009
-0.606061 8159.6 -803.225
-0.616162 8160.26 -815.382
-0.626263 8160.9 -827.445
-0.636364 8161.54 -839.45
-0.646465 8162.17 -851.352
-0.656566 8162.79 -863.196
-0.666667 8163.4 -874.929
-0.676768 8163.99 -886.604
-0.686869 8164.58 -898.159
-0.69697 8165.15 -909.657
-0.707071 8165.7 -921.026
-0.717172 8166.24 -932.338
-0.727273 8166.76 -943.51
-0.737374 8167.27 -954.628
-0.747475 8167.74 -965.595
-0.757576 8168.2 -976.509
-0.767677 8168.62 -987.262
-0.777778 8169.02 -997.964
-0.787879 8169.38 -1008.49
-0.79798 8169.72 -1018.97
-0.808081 8170 -1029.27
-0.818182 8170.26 -1039.52
-0.828283 8170.45 -1049.58
-0.838384 8170.63 -1059.59
-0.848485 8170.73 -1069.4
-0.858586 8170.82 -1079.16
-0.868687 8170.82 -1088.72
-0.878788 8170.81 -1098.23
-0.888889 8170.72 -1107.52
-0.89899 8170.61 -1116.78
-0.909091 8170.43 -1125.8
-0.919192 8170.25 -1134.8
-0.929293 8170.01 -1143.56
-0.939394 8169.76 -1152.29
-0.949495 8169.49 -1160.79
-0.959596 8169.23 -1169.27
-0.969697 8168.99 -1177.53
-0.979798 8168.76 -1185.77
-0.989899 8168.66 -1193.82
-1 8168.57 -1201.86
