0 -15517.9 -0.00154446
-0.010101 -14364.9 10.4528
-0.020202 -14361.6 20.9249
-0.030303 -14354.9 32.1987
-0.040404 -14348.2 43.4779
-0.0505051 -14339.7 54.8853
-0.0606061 -14331.3 66.2997
-0.0707071 -14322.4 77.8229
-0.0808081 -14313.5 89.353
-0.0909091 -14305 100.963
-0.10101 -14296.6 112.58
-0.111111 -14289 124.252
-0.121212 -14281.6 135.93
-0.131313 -14275.3 147.645
-0.141414 -14269.2 159.364
-0.151515 -14264.2 171.104
-0.161616 -14259.3 182.846
-0.171717 -14255.5 194.596
-0.181818 -14251.9 206.346
-0.191919 -14249.2 218.094
-0.20202 -14246.6 229.84
-0.212121 -14244.7 241.576
-0.222222 -14243 253.308
-0.232323 -14241.8 265.024
-0.242424 -14240.8 276.733
-0.252525 -14240.1 288.421
-0.262626 -14239.5 300.101
-0.272727 -14239.3 311.756
-0.282828 -14239.1 323.399
-0.292929 -14239.1 335.014
-0.30303 -14239.1 346.616
-0.313131 -14239.3 358.186
-0.323232 -14239.5 369.741
-0.333333 -14239.9 381.262
-0.343434 -14240.2 392.764
-0.353535 -14240.6 404.23
-0.363636 -14241.1 415.674
-0.373737 -14241.6 427.081
-0.383838 -14242.1 438.462
-0.393939 -14242.6 449.804
-0.40404 -14243.2 461.119
-0.414141 -14243.7 472.391
-0.424242 -14244.3 483.633
-0.434343 -14244.9 494.832
-0.444444 -14245.5 505.995
-0.454545 -14246.2 517.114
-0.464646 -14246.8 528.195
-0.474747 -14247.5 539.23
-0.484848 -14248.1 550.222
-0.494949 -14248.8 561.168
-0.505051 -14249.5 572.066
-0.515152 -14250.2 582.917
-0.525253 -14250.9 593.716
-0.535354 -14251.6 604.467
-0.545455 -14252.3 615.161
-0.555556 -14253 625.806
-0.565657 -14253.8 636.39
-0.575758 -14254.5 646.924
-0.585859 -14255.3 657.39
-0.59596 -14256 667.808
-0.606061 -14256.8 678.152
-0.616162 -14257.6 688.447
-0.626263 -14258.4 698.662
-0.636364 -14259.2 708.828
-0.646465 -14260.1 718.908
-0.656566 -14260.9 728.94
-0.666667 -14261.8 738.879
-0.676768 -14262.6 748.769
-0.686869 -14263.5 758.559
-0.69697 -14264.4 768.302
-0.707071 -14265.3 777.938
-0.717172 -14266.2 787.527
-0.727273 -14267.1 797
-0.737374 -14268 806.429
-0.747475 -14268.9 815.733
-0.757576 -14269.8 824.994
-0.767677 -14270.7 834.122
-0.777778 -14271.6 843.208
-0.787879 -14272.6 852.153
-0.79798 -14273.5 861.058
-0.808081 -14274.4 869.812
-0.818182 -14275.3 878.528
-0.828283 -14276.1 887.084
-0.838384 -14277 895.605
-0.848485 -14277.8 903.957
-0.858586 -14278.5 912.276
-0.868687 -14279.3 920.416
-0.878788 -14280 928.528
-0.888889 -14280.6 936.451
-0.89899 -14281.2 944.349
-0.909091 -14281.7 952.052
-0.919192 -14282.1 959.733
-0.929293 -14282.5 967.212
-0.939394 -14282.8 974.675
-0.949495 -14283 981.935
-0.959596 -14283.2 989.183
-0.969697 -14283.3 996.244
-0.979798 -14283.3 1003.3
-0.989899 -14283.4 1010.17
-1 -14283.4 1017.04
