0 23613 0.00119756
-0.010101 23605.6 -0.45736
-0.020202 23585.6 -0.921487
-0.030303 23566.9 -1.6044
-0.040404 23548.2 -2.2893
-0.0505051 23531.2 -3.02174
-0.0606061 23514.4 -3.75281
-0.0707071 23499.6 -4.46228
-0.0808081 23485.1 -5.16808
-0.0909091 23472.6 -5.83179
-0.10101 23460.4 -6.49082
-0.111111 23450.3 -7.10768
-0.121212 23440.4 -7.71954
-0.131313 23432.4 -8.29468
-0.141414 23424.7 -8.86463
-0.151515 23418.7 -9.40276
-0.161616 23412.9 -9.93541
-0.171717 23408.6 -10.4393
-0.181818 23404.6 -10.9372
-0.191919 23401.7 -11.408
-0.20202 23399.2 -11.8725
-0.212121 23397.5 -12.3114
-0.222222 23396.1 -12.7436
-0.232323 23395.5 -13.152
-0.242424 23395 -13.5536
-0.252525 23395.1 -13.9339
-0.262626 23395.4 -14.3077
-0.272727 23396 -14.6629
-0.282828 23396.8 -15.0122
-0.292929 23397.9 -15.3461
-0.30303 23399.1 -15.6748
-0.313131 23400.4 -15.9911
-0.323232 23401.9 -16.303
-0.333333 23403.4 -16.6056
-0.343434 23405 -16.9046
-0.353535 23406.6 -17.1968
-0.363636 23408.3 -17.4863
-0.373737 23409.9 -17.7711
-0.383838 23411.6 -18.0541
-0.393939 23413.2 -18.3342
-0.40404 23414.9 -18.6132
-0.414141 23416.5 -18.8905
-0.424242 23418.1 -19.1674
-0.434343 23419.7 -19.4436
-0.444444 23421.2 -19.7199
-0.454545 23422.7 -19.9963
-0.464646 23424.2 -20.2732
-0.474747 23425.6 -20.5506
-0.484848 23427.1 -20.8288
-0.494949 23428.5 -21.1079
-0.505051 23429.9 -21.3879
-0.515152 23431.2 -21.6689
-0.525253 23432.6 -21.951
-0.535354 23433.9 -22.2341
-0.545455 23435.2 -22.5183
-0.555556 23436.6 -22.8035
-0.565657 23437.9 -23.0896
-0.575758 23439.2 -23.3766
-0.585859 23440.5 -23.6644
-0.59596 23441.8 -23.9528
-0.606061 23443.2 -24.2417
-0.616162 23444.5 -24.531
-0.626263 23445.9 -24.8205
-0.636364 23447.3 -25.11
-0.646465 23448.7 -25.3991
-0.656566 23450.1 -25.6879
-0.666667 23451.5 -25.9756
-0.676768 23453 -26.2627
-0.686869 23454.4 -26.5476
-0.69697 23455.9 -26.8316
-0.707071 23457.5 -27.1123
-0.717172 23459 -27.3916
-0.727273 23460.6 -27.6662
-0.737374 23462.2 -27.9389
-0.747475 23463.8 -28.2051
-0.757576 23465.5 -28.469
-0.767677 23467.1 -28.7244
-0.777778 23468.8 -28.9771
-0.787879 23470.4 -29.2189
-0.79798 23472.1 -29.4576
-0.808081 23473.8 -29.6828
-0.818182 23475.5 -29.9046
-0.828283 23477.1 -30.11
-0.838384 23478.8 -30.3118
-0.848485 23480.4 -30.4942
-0.858586 23482 -30.6729
-0.868687 23483.5 -30.8293
-0.878788 23485 -30.9821
-0.888889 23486.4 -31.1096
-0.89899 23487.8 -31.2337
-0.909091 23489.1 -31.3299
-0.919192 23490.3 -31.423
-0.929293 23491.3 -31.4859
-0.939394 23492.3 -31.5462
-0.949495 23493.1 -31.5739
-0.959596 23493.9 -31.5996
-0.969697 23494.4 -31.5888
-0.979798 23494.9 -31.5765
-0.989899 23495 -31.5788
-1 23495.2 -31.5814
