0 -1754.17 -0.000232466
-0.010101 -287.091 13.0488
-0.020202 -303.117 26.1175
-0.030303 -313.442 40.1484
-0.040404 -323.583 54.1878
-0.0505051 -329.307 68.43
-0.0606061 -334.821 82.6843
-0.0707071 -337.033 97.1283
-0.0808081 -339.039 111.584
-0.0909091 -338.68 126.179
-0.10101 -338.143 140.783
-0.111111 -336.006 155.481
-0.121212 -333.732 170.187
-0.131313 -330.462 184.955
-0.141414 -327.105 199.729
-0.151515 -323.212 214.543
-0.161616 -319.283 229.361
-0.171717 -315.158 244.203
-0.181818 -311.043 259.046
-0.191919 -306.97 273.898
-0.20202 -302.948 288.75
-0.212121 -299.125 303.599
-0.222222 -295.385 318.444
-0.232323 -291.937 333.275
-0.242424 -288.595 348.099
-0.252525 -285.59 362.9
-0.262626 -282.708 377.69
-0.272727 -280.172 392.448
-0.282828 -277.766 407.192
-0.292929 -275.694 421.898
-0.30303 -273.751 436.585
-0.313131 -272.114 451.23
-0.323232 -270.602 465.852
-0.333333 -269.358 480.427
-0.343434 -268.231 494.976
-0.353535 -267.331 509.474
-0.363636 -266.537 523.943
-0.373737 -265.929 538.359
-0.383838 -265.413 552.741
-0.393939 -265.047 567.068
-0.40404 -264.758 581.358
-0.414141 -264.584 595.591
-0.424242 -264.474 609.783
-0.434343 -264.45 623.917
-0.444444 -264.476 638.004
-0.454545 -264.564 652.033
-0.464646 -264.688 666.011
-0.474747 -264.856 679.93
-0.484848 -265.049 693.792
-0.494949 -265.269 707.595
-0.505051 -265.505 721.336
-0.515152 -265.757 735.016
-0.525253 -266.016 748.629
-0.535354 -266.282 762.18
-0.545455 -266.549 775.659
-0.555556 -266.815 789.076
-0.565657 -267.077 802.413
-0.575758 -267.335 815.687
-0.585859 -267.583 828.875
-0.59596 -267.823 842.001
-0.606061 -268.05 855.033
-0.616162 -268.267 868.002
-0.626263 -268.467 880.869
-0.636364 -268.655 893.673
-0.646465 -268.822 906.367
-0.656566 -268.977 919
-0.666667 -269.107 931.512
-0.676768 -269.223 943.963
-0.686869 -269.309 956.286
-0.69697 -269.382 968.548
-0.707071 -269.419 980.671
-0.717172 -269.441 992.734
-0.727273 -269.423 1004.65
-0.737374 -269.389 1016.51
-0.747475 -269.308 1028.2
-0.757576 -269.21 1039.84
-0.767677 -269.06 1051.31
-0.777778 -268.892 1062.73
-0.787879 -268.665 1073.96
-0.79798 -268.421 1085.15
-0.808081 -268.113 1096.14
-0.818182 -267.788 1107.08
-0.828283 -267.395 1117.82
-0.838384 -266.988 1128.51
-0.848485 -266.512 1138.99
-0.858586 -266.024 1149.43
-0.868687 -265.473 1159.65
-0.878788 -264.912 1169.82
-0.888889 -264.303 1179.77
-0.89899 -263.686 1189.68
-0.909091 -263.043 1199.35
-0.919192 -262.398 1208.99
-0.929293 -261.763 1218.38
-0.939394 -261.129 1227.75
-0.949495 -260.559 1236.88
-0.959596 -259.993 1245.99
-0.969697 -259.565 1254.87
-0.979798 -259.144 1263.74
-0.989899 -258.974 1272.39
-1 -258.81 1281.04
