0 23209.1 0.00238414
-0.010101 22868.3 -3.40396
-0.020202 22852.7 -6.82128
-0.030303 22836.9 -10.6698
-0.040404 22821.1 -14.5221
-0.0505051 22806.1 -18.4674
-0.0606061 22791.1 -22.4142
-0.0707071 22777.3 -26.384
-0.0808081 22763.7 -30.353
-0.0909091 22751.6 -34.3133
-0.10101 22739.7 -38.2715
-0.111111 22729.4 -42.2106
-0.121212 22719.3 -46.1468
-0.131313 22710.9 -50.062
-0.141414 22702.7 -53.9736
-0.151515 22696 -57.8638
-0.161616 22689.5 -61.7498
-0.171717 22684.5 -65.6135
-0.181818 22679.6 -69.4721
-0.191919 22676 -73.3068
-0.20202 22672.5 -77.1353
-0.212121 22670.1 -80.9387
-0.222222 22667.9 -84.7348
-0.232323 22666.5 -88.505
-0.242424 22665.3 -92.2671
-0.252525 22664.7 -96.0034
-0.262626 22664.3 -99.731
-0.272727 22664.4 -103.434
-0.282828 22664.6 -107.127
-0.292929 22665.2 -110.798
-0.30303 22665.8 -114.459
-0.313131 22666.8 -118.098
-0.323232 22667.8 -121.729
-0.333333 22669 -125.339
-0.343434 22670.3 -128.941
-0.353535 22671.7 -132.524
-0.363636 22673.1 -136.098
-0.373737 22674.5 -139.655
-0.383838 22676 -143.203
-0.393939 22677.5 -146.736
-0.40404 22679.1 -150.259
-0.414141 22680.6 -153.768
-0.424242 22682.1 -157.267
-0.434343 22683.6 -160.752
-0.444444 22685.1 -164.226
-0.454545 22686.6 -167.688
-0.464646 22688 -171.138
-0.474747 22689.5 -174.575
-0.484848 22690.9 -178
-0.494949 22692.3 -181.413
-0.505051 22693.7 -184.812
-0.515152 22695.1 -188.198
-0.525253 22696.5 -191.57
-0.535354 22697.8 -194.93
-0.545455 22699.2 -198.273
-0.555556 22700.5 -201.603
-0.565657 22701.8 -204.917
-0.575758 22703.2 -208.216
-0.585859 22704.5 -211.497
-0.59596 22705.8 -214.764
-0.606061 22707.2 -218.011
-0.616162 22708.5 -221.243
-0.626263 22709.9 -224.452
-0.636364 22711.3 -227.647
-0.646465 22712.6 -230.817
-0.656566 22714 -233.972
-0.666667 22715.5 -237.099
-0.676768 22716.9 -240.212
-0.686869 22718.3 -243.292
-0.69697 22719.8 -246.359
-0.707071 22721.3 -249.39
-0.717172 22722.8 -252.407
-0.727273 22724.3 -255.385
-0.737374 22725.9 -258.348
-0.747475 22727.4 -261.268
-0.757576 22729 -264.174
-0.767677 22730.5 -267.033
-0.777778 22732.1 -269.876
-0.787879 22733.7 -272.668
-0.79798 22735.2 -275.445
-0.808081 22736.8 -278.165
-0.818182 22738.3 -280.871
-0.828283 22739.8 -283.515
-0.838384 22741.3 -286.146
-0.848485 22742.8 -288.708
-0.858586 22744.2 -291.258
-0.868687 22745.6 -293.736
-0.878788 22746.9 -296.201
-0.888889 22748.1 -298.589
-0.89899 22749.3 -300.966
-0.909091 22750.4 -303.261
-0.919192 22751.4 -305.547
-0.929293 22752.3 -307.748
-0.939394 22753.1 -309.941
-0.949495 22753.7 -312.047
-0.959596 22754.3 -314.147
-0.969697 22754.7 -316.16
-0.979798 22755.1 -318.17
-0.989899 22755.2 -320.143
-1 22755.3 -322.116
