0 18167.1 0.00214069
-0.010101 17178.7 -9.06611
-0.020202 17175.1 -18.1526
-0.030303 17168.5 -28.0427
-0.040404 17161.8 -37.9398
-0.0505051 17153.5 -48.0085
-0.0606061 17145.1 -58.0844
-0.0707071 17135.9 -68.273
-0.0808081 17126.8 -78.4671
-0.0909091 17117.6 -88.7244
-0.10101 17108.5 -98.9853
-0.111111 17099.7 -109.279
-0.121212 17091.1 -119.575
-0.131313 17083.2 -129.887
-0.141414 17075.4 -140.199
-0.151515 17068.4 -150.515
-0.161616 17061.7 -160.831
-0.171717 17055.8 -171.142
-0.181818 17050.1 -181.45
-0.191919 17045.4 -191.745
-0.20202 17040.8 -202.035
-0.212121 17037.1 -212.305
-0.222222 17033.6 -222.568
-0.232323 17030.8 -232.805
-0.242424 17028.2 -243.032
-0.252525 17026.3 -253.229
-0.262626 17024.5 -263.413
-0.272727 17023.3 -273.564
-0.282828 17022.3 -283.7
-0.292929 17021.7 -293.8
-0.30303 17021.2 -303.884
-0.313131 17021.1 -313.931
-0.323232 17021.1 -323.959
-0.333333 17021.4 -333.949
-0.343434 17021.8 -343.919
-0.353535 17022.4 -353.851
-0.363636 17023 -363.76
-0.373737 17023.8 -373.631
-0.383838 17024.6 -383.478
-0.393939 17025.6 -393.286
-0.40404 17026.6 -403.068
-0.414141 17027.6 -412.811
-0.424242 17028.7 -422.526
-0.434343 17029.8 -432.201
-0.444444 17030.9 -441.846
-0.454545 17032.1 -451.451
-0.464646 17033.2 -461.023
-0.474747 17034.4 -470.555
-0.484848 17035.6 -480.05
-0.494949 17036.7 -489.505
-0.505051 17037.9 -498.919
-0.515152 17039 -508.294
-0.525253 17040.2 -517.625
-0.535354 17041.3 -526.914
-0.545455 17042.4 -536.156
-0.555556 17043.6 -545.357
-0.565657 17044.7 -554.505
-0.575758 17045.8 -563.612
-0.585859 17046.9 -572.662
-0.59596 17048.1 -581.67
-0.606061 17049.2 -590.615
-0.616162 17050.3 -599.519
-0.626263 17051.4 -608.354
-0.636364 17052.5 -617.148
-0.646465 17053.6 -625.867
-0.656566 17054.7 -634.544
-0.666667 17055.9 -643.141
-0.676768 17057 -651.696
-0.686869 17058.1 -660.163
-0.69697 17059.2 -668.589
-0.707071 17060.4 -676.919
-0.717172 17061.5 -685.209
-0.727273 17062.6 -693.395
-0.737374 17063.7 -701.541
-0.747475 17064.9 -709.576
-0.757576 17066 -717.571
-0.767677 17067.1 -725.446
-0.777778 17068.1 -733.283
-0.787879 17069.2 -740.99
-0.79798 17070.2 -748.66
-0.808081 17071.2 -756.192
-0.818182 17072.2 -763.689
-0.828283 17073.2 -771.038
-0.838384 17074.1 -778.354
-0.848485 17074.9 -785.513
-0.858586 17075.7 -792.641
-0.868687 17076.5 -799.603
-0.878788 17077.2 -806.538
-0.888889 17077.8 -813.298
-0.89899 17078.4 -820.033
-0.909091 17078.8 -826.587
-0.919192 17079.3 -833.12
-0.929293 17079.6 -839.465
-0.939394 17079.9 -845.794
-0.949495 17080.1 -851.935
-0.959596 17080.3 -858.063
-0.969697 17080.3 -864.013
-0.979798 17080.4 -869.955
-0.989899 17080.4 -875.76
-1 17080.4 -881.561
