0 2294.07 0.000298658
-0.010101 828.37 -13.0449
-0.020202 843.921 -26.1099
-0.030303 853.805 -40.1413
-0.040404 863.506 -54.1811
-0.0505051 868.836 -68.4247
-0.0606061 873.958 -82.6804
-0.0707071 875.829 -97.1252
-0.0808081 877.499 -111.582
-0.0909091 876.855 -126.176
-0.10101 876.039 -140.78
-0.111111 873.671 -155.476
-0.121212 871.174 -170.181
-0.131313 867.724 -184.947
-0.141414 864.193 -199.718
-0.151515 860.167 -214.529
-0.161616 856.11 -229.344
-0.171717 851.891 -244.181
-0.181818 847.688 -259.02
-0.191919 843.555 -273.868
-0.20202 839.477 -288.715
-0.212121 835.621 -303.559
-0.222222 831.853 -318.398
-0.232323 828.393 -333.224
-0.242424 825.045 -348.042
-0.252525 822.046 -362.836
-0.262626 819.172 -377.619
-0.272727 816.655 -392.371
-0.282828 814.27 -407.108
-0.292929 812.225 -421.806
-0.30303 810.311 -436.486
-0.313131 808.707 -451.123
-0.323232 807.23 -465.738
-0.333333 806.023 -480.305
-0.343434 804.933 -494.846
-0.353535 804.072 -509.337
-0.363636 803.316 -523.798
-0.373737 802.747 -538.206
-0.383838 802.27 -552.58
-0.393939 801.942 -566.9
-0.40404 801.691 -581.181
-0.414141 801.555 -595.407
-0.424242 801.481 -609.591
-0.434343 801.494 -623.717
-0.444444 801.555 -637.797
-0.454545 801.678 -651.819
-0.464646 801.836 -665.79
-0.474747 802.037 -679.701
-0.484848 802.263 -693.556
-0.494949 802.516 -707.351
-0.505051 802.783 -721.086
-0.515152 803.066 -734.759
-0.525253 803.356 -748.365
-0.535354 803.652 -761.91
-0.545455 803.949 -775.382
-0.555556 804.246 -788.792
-0.565657 804.538 -802.123
-0.575758 804.826 -815.392
-0.585859 805.104 -828.574
-0.59596 805.375 -841.693
-0.606061 805.632 -854.719
-0.616162 805.88 -867.682
-0.626263 806.11 -880.544
-0.636364 806.33 -893.343
-0.646465 806.53 -906.032
-0.656566 806.717 -918.659
-0.666667 806.879 -931.166
-0.676768 807.029 -943.612
-0.686869 807.149 -955.929
-0.69697 807.256 -968.186
-0.707071 807.328 -980.304
-0.717172 807.386 -992.363
-0.727273 807.404 -1004.27
-0.737374 807.406 -1016.12
-0.747475 807.363 -1027.82
-0.757576 807.303 -1039.45
-0.767677 807.191 -1050.92
-0.777778 807.061 -1062.33
-0.787879 806.873 -1073.56
-0.79798 806.668 -1084.74
-0.808081 806.399 -1095.72
-0.818182 806.113 -1106.66
-0.828283 805.758 -1117.4
-0.838384 805.389 -1128.09
-0.848485 804.951 -1138.56
-0.858586 804.5 -1148.99
-0.868687 803.985 -1159.2
-0.878788 803.46 -1169.37
-0.888889 802.883 -1179.31
-0.89899 802.299 -1189.21
-0.909091 801.685 -1198.88
-0.919192 801.068 -1208.51
-0.929293 800.458 -1217.9
-0.939394 799.848 -1227.26
-0.949495 799.296 -1236.38
-0.959596 798.749 -1245.48
-0.969697 798.333 -1254.36
-0.979798 797.923 -1263.22
-0.989899 797.757 -1271.87
-1 797.597 -1280.51
