0 9598.71 0.00119241
-0.010101 8232.11 -12.282
-0.020202 8240.28 -24.586
-0.030303 8243.54 -37.8594
-0.040404 8246.66 -51.1415
-0.0505051 8246.27 -64.6293
-0.0606061 8245.73 -78.128
-0.0707071 8242.81 -91.7968
-0.0808081 8239.76 -105.476
-0.0909091 8235.23 -119.27
-0.10101 8230.61 -133.072
-0.111111 8225.2 -146.947
-0.121212 8219.76 -160.829
-0.131313 8214.03 -174.756
-0.141414 8208.31 -188.688
-0.151515 8202.66 -202.646
-0.161616 8197.07 -216.607
-0.171717 8191.79 -230.58
-0.181818 8186.6 -244.552
-0.191919 8181.86 -258.525
-0.20202 8177.25 -272.495
-0.212121 8173.15 -286.454
-0.222222 8169.2 -300.408
-0.232323 8165.77 -314.341
-0.242424 8162.51 -328.265
-0.252525 8159.75 -342.16
-0.262626 8157.16 -356.043
-0.272727 8155.03 -369.891
-0.282828 8153.07 -383.724
-0.292929 8151.51 -397.516
-0.30303 8150.1 -411.289
-0.313131 8149.04 -425.018
-0.323232 8148.11 -438.725
-0.333333 8147.48 -452.385
-0.343434 8146.96 -466.02
-0.353535 8146.68 -479.606
-0.363636 8146.49 -493.163
-0.373737 8146.49 -506.669
-0.383838 8146.57 -520.144
-0.393939 8146.79 -533.566
-0.40404 8147.08 -546.953
-0.414141 8147.46 -560.287
-0.424242 8147.9 -573.582
-0.434343 8148.41 -586.824
-0.444444 8148.95 -600.022
-0.454545 8149.55 -613.165
-0.464646 8150.16 -626.262
-0.474747 8150.81 -639.303
-0.484848 8151.48 -652.293
-0.494949 8152.16 -665.226
-0.505051 8152.84 -678.103
-0.515152 8153.54 -690.924
-0.525253 8154.23 -703.683
-0.535354 8154.93 -716.385
-0.545455 8155.63 -729.019
-0.555556 8156.32 -741.596
-0.565657 8157.01 -754.099
-0.575758 8157.7 -766.544
-0.585859 8158.37 -778.91
-0.59596 8159.04 -791.217
-0.606061 8159.71 -803.437
-0.616162 8160.36 -815.599
-0.626263 8161.01 -827.666
-0.636364 8161.65 -839.675
-0.646465 8162.27 -851.581
-0.656566 8162.89 -863.43
-0.666667 8163.5 -875.167
-0.676768 8164.1 -886.846
-0.686869 8164.68 -898.405
-0.69697 8165.25 -909.908
-0.707071 8165.8 -921.28
-0.717172 8166.34 -932.597
-0.727273 8166.86 -943.773
-0.737374 8167.37 -954.895
-0.747475 8167.84 -965.866
-0.757576 8168.3 -976.785
-0.767677 8168.72 -987.541
-0.777778 8169.12 -998.247
-0.787879 8169.48 -1008.78
-0.79798 8169.81 -1019.27
-0.808081 8170.09 -1029.57
-0.818182 8170.36 -1039.82
-0.828283 8170.55 -1049.88
-0.838384 8170.73 -1059.9
-0.848485 8170.83 -1069.71
-0.858586 8170.92 -1079.48
-0.868687 8170.92 -1089.04
-0.878788 8170.91 -1098.56
-0.888889 8170.81 -1107.85
-0.89899 8170.71 -1117.11
-0.909091 8170.53 -1126.14
-0.919192 8170.34 -1135.14
-0.929293 8170.1 -1143.91
-0.939394 8169.86 -1152.65
-0.949495 8169.59 -1161.15
-0.959596 8169.32 -1169.63
-0.969697 8169.09 -1177.89
-0.979798 8168.86 -1186.15
-0.989899 8168.76 -1194.2
-1 8168.66 -1202.24
