0 14479.8 0.0015407
-0.010101 15598.2 9.68744
-0.020202 15572.5 19.3838
-0.030303 15552 29.6699
-0.040404 15531.7 39.9611
-0.0505051 15516 50.3755
-0.0606061 15500.5 60.8001
-0.0707071 15488.9 71.3843
-0.0808081 15477.6 81.9801
-0.0909091 15469.6 92.71
-0.10101 15461.8 103.451
-0.111111 15456.6 114.291
-0.121212 15451.7 125.142
-0.131313 15448.9 136.064
-0.141414 15446.3 146.994
-0.151515 15445.2 157.977
-0.161616 15444.4 168.966
-0.171717 15444.7 179.992
-0.181818 15445.1 191.023
-0.191919 15446.3 202.08
-0.20202 15447.7 213.141
-0.212121 15449.5 224.216
-0.222222 15451.4 235.293
-0.232323 15453.7 246.376
-0.242424 15455.9 257.457
-0.252525 15458.3 268.535
-0.262626 15460.6 279.609
-0.272727 15463 290.672
-0.282828 15465.4 301.727
-0.292929 15467.7 312.763
-0.30303 15470 323.789
-0.313131 15472.2 334.79
-0.323232 15474.3 345.777
-0.333333 15476.3 356.735
-0.343434 15478.2 367.674
-0.353535 15480 378.58
-0.363636 15481.7 389.465
-0.373737 15483.2 400.312
-0.383838 15484.8 411.135
-0.393939 15486.1 421.917
-0.40404 15487.5 432.672
-0.414141 15488.7 443.385
-0.424242 15489.8 454.066
-0.434343 15490.9 464.703
-0.444444 15491.9 475.305
-0.454545 15492.9 485.861
-0.464646 15493.8 496.379
-0.474747 15494.6 506.85
-0.484848 15495.4 517.279
-0.494949 15496.2 527.66
-0.505051 15496.9 537.994
-0.515152 15497.7 548.28
-0.525253 15498.4 558.515
-0.535354 15499.1 568.702
-0.545455 15499.7 578.832
-0.555556 15500.4 588.914
-0.565657 15501.1 598.934
-0.575758 15501.8 608.907
-0.585859 15502.5 618.812
-0.59596 15503.2 628.669
-0.606061 15503.9 638.454
-0.616162 15504.6 648.19
-0.626263 15505.4 657.849
-0.636364 15506.2 667.459
-0.646465 15507 676.986
-0.656566 15507.8 686.464
-0.666667 15508.7 695.853
-0.676768 15509.6 705.194
-0.686869 15510.5 714.439
-0.69697 15511.4 723.637
-0.707071 15512.4 732.732
-0.717172 15513.5 741.782
-0.727273 15514.5 750.721
-0.737374 15515.6 759.617
-0.747475 15516.8 768.395
-0.757576 15517.9 777.132
-0.767677 15519.2 785.744
-0.777778 15520.4 794.316
-0.787879 15521.7 802.756
-0.79798 15523 811.16
-0.808081 15524.4 819.425
-0.818182 15525.8 827.655
-0.828283 15527.2 835.74
-0.838384 15528.6 843.793
-0.848485 15530 851.695
-0.858586 15531.5 859.568
-0.868687 15532.9 867.284
-0.878788 15534.4 874.975
-0.888889 15535.8 882.503
-0.89899 15537.2 890.008
-0.909091 15538.5 897.347
-0.919192 15539.8 904.667
-0.929293 15541 911.818
-0.939394 15542.2 918.954
-0.949495 15543.1 925.923
-0.959596 15544.1 932.881
-0.969697 15544.7 939.689
-0.979798 15545.4 946.491
-0.989899 15545.6 953.114
-1 15545.8 959.733
