0 -12926.8 -0.00159859
-0.010101 -11663.3 11.4249
-0.020202 -11667.4 22.8717
-0.030303 -11667.2 35.2512
-0.040404 -11666.9 47.6389
-0.0505051 -11663.6 60.2239
-0.0606061 -11660.2 72.8187
-0.0707071 -11655 85.5661
-0.0808081 -11649.6 98.3221
-0.0909091 -11643.3 111.176
-0.10101 -11636.9 124.037
-0.111111 -11630.2 136.958
-0.121212 -11623.5 149.884
-0.131313 -11616.8 162.844
-0.141414 -11610.2 175.808
-0.151515 -11603.9 188.79
-0.161616 -11597.8 201.773
-0.171717 -11592.2 214.762
-0.181818 -11586.7 227.75
-0.191919 -11581.8 240.733
-0.20202 -11577.1 253.712
-0.212121 -11573 266.676
-0.222222 -11569.1 279.633
-0.232323 -11565.8 292.568
-0.242424 -11562.8 305.493
-0.252525 -11560.2 318.387
-0.262626 -11557.9 331.269
-0.272727 -11556 344.115
-0.282828 -11554.3 356.945
-0.292929 -11553.1 369.736
-0.30303 -11552 382.508
-0.313131 -11551.2 395.237
-0.323232 -11550.6 407.945
-0.333333 -11550.3 420.608
-0.343434 -11550.1 433.247
-0.353535 -11550.1 445.839
-0.363636 -11550.2 458.405
-0.373737 -11550.5 470.922
-0.383838 -11550.9 483.41
-0.393939 -11551.3 495.849
-0.40404 -11551.9 508.256
-0.414141 -11552.5 520.613
-0.424242 -11553.2 532.934
-0.434343 -11553.9 545.206
-0.444444 -11554.7 557.437
-0.454545 -11555.5 569.619
-0.464646 -11556.3 581.756
-0.474747 -11557.2 593.843
-0.484848 -11558 605.883
-0.494949 -11558.9 617.87
-0.505051 -11559.8 629.806
-0.515152 -11560.7 641.69
-0.525253 -11561.5 653.517
-0.535354 -11562.4 665.291
-0.545455 -11563.3 677.004
-0.555556 -11564.2 688.663
-0.565657 -11565 700.255
-0.575758 -11565.9 711.794
-0.585859 -11566.7 723.258
-0.59596 -11567.6 734.67
-0.606061 -11568.4 746
-0.616162 -11569.2 757.277
-0.626263 -11570.1 768.467
-0.636364 -11570.9 779.603
-0.646465 -11571.7 790.644
-0.656566 -11572.5 801.632
-0.666667 -11573.3 812.516
-0.676768 -11574.1 823.348
-0.686869 -11574.9 834.068
-0.69697 -11575.7 844.735
-0.707071 -11576.5 855.281
-0.717172 -11577.3 865.776
-0.727273 -11578 876.141
-0.737374 -11578.8 886.454
-0.747475 -11579.5 896.628
-0.757576 -11580.2 906.752
-0.767677 -11580.8 916.726
-0.777778 -11581.5 926.652
-0.787879 -11582.1 936.417
-0.79798 -11582.7 946.136
-0.808081 -11583.3 955.683
-0.818182 -11583.8 965.187
-0.828283 -11584.3 974.508
-0.838384 -11584.7 983.789
-0.848485 -11585.1 992.877
-0.858586 -11585.4 1001.93
-0.868687 -11585.7 1010.77
-0.878788 -11586 1019.59
-0.888889 -11586.1 1028.19
-0.89899 -11586.3 1036.76
-0.909091 -11586.3 1045.11
-0.919192 -11586.3 1053.43
-0.929293 -11586.3 1061.53
-0.939394 -11586.2 1069.61
-0.949495 -11586.1 1077.46
-0.959596 -11586 1085.29
-0.969697 -11585.9 1092.91
-0.979798 -11585.8 1100.53
-0.989899 -11585.7 1107.96
-1 -11585.6 1115.38
