0 6546.21 0.00081917
-0.010101 5119.1 -12.7695
-0.020202 5130.58 -25.5604
-0.030303 5136.77 -39.3319
-0.040404 5142.79 -53.112
-0.0505051 5144.88 -67.0999
-0.0606061 5146.79 -81.0994
-0.0707071 5145.92 -95.2795
-0.0808081 5144.88 -109.471
-0.0909091 5141.98 -123.788
-0.10101 5138.96 -138.115
-0.111111 5134.8 -152.524
-0.121212 5130.57 -166.941
-0.131313 5125.76 -181.41
-0.141414 5120.92 -195.885
-0.151515 5115.9 -210.392
-0.161616 5110.91 -224.903
-0.171717 5106.02 -239.43
-0.181818 5101.2 -253.958
-0.191919 5096.66 -268.49
-0.20202 5092.22 -283.02
-0.212121 5088.18 -297.543
-0.222222 5084.25 -312.06
-0.232323 5080.77 -326.56
-0.242424 5077.43 -341.051
-0.252525 5074.53 -355.515
-0.262626 5071.79 -369.968
-0.272727 5069.46 -384.386
-0.282828 5067.29 -398.789
-0.292929 5065.5 -413.153
-0.30303 5063.85 -427.497
-0.313131 5062.55 -441.797
-0.323232 5061.37 -456.075
-0.333333 5060.48 -470.305
-0.343434 5059.71 -484.509
-0.353535 5059.17 -498.663
-0.363636 5058.73 -512.787
-0.373737 5058.49 -526.859
-0.383838 5058.33 -540.898
-0.393939 5058.31 -554.883
-0.40404 5058.37 -568.831
-0.414141 5058.53 -582.725
-0.424242 5058.75 -596.577
-0.434343 5059.05 -610.373
-0.444444 5059.39 -624.125
-0.454545 5059.79 -637.819
-0.464646 5060.22 -651.464
-0.474747 5060.68 -665.052
-0.484848 5061.16 -678.585
-0.494949 5061.67 -692.059
-0.505051 5062.18 -705.475
-0.515152 5062.71 -718.831
-0.525253 5063.23 -732.122
-0.535354 5063.77 -745.354
-0.545455 5064.3 -758.515
-0.555556 5064.83 -771.616
-0.565657 5065.36 -784.64
-0.575758 5065.88 -797.603
-0.585859 5066.39 -810.483
-0.59596 5066.9 -823.302
-0.606061 5067.39 -836.029
-0.616162 5067.88 -848.696
-0.626263 5068.35 -861.264
-0.636364 5068.82 -873.771
-0.646465 5069.27 -886.17
-0.656566 5069.71 -898.51
-0.666667 5070.13 -910.733
-0.676768 5070.54 -922.896
-0.686869 5070.93 -934.933
-0.69697 5071.31 -946.912
-0.707071 5071.66 -958.754
-0.717172 5072 -970.539
-0.727273 5072.3 -982.178
-0.737374 5072.6 -993.761
-0.747475 5072.85 -1005.19
-0.757576 5073.09 -1016.56
-0.767677 5073.28 -1027.76
-0.777778 5073.46 -1038.91
-0.787879 5073.59 -1049.88
-0.79798 5073.69 -1060.8
-0.808081 5073.74 -1071.54
-0.818182 5073.77 -1082.22
-0.828283 5073.72 -1092.7
-0.838384 5073.67 -1103.14
-0.848485 5073.54 -1113.37
-0.858586 5073.39 -1123.55
-0.868687 5073.17 -1133.51
-0.878788 5072.93 -1143.44
-0.888889 5072.63 -1153.13
-0.89899 5072.31 -1162.8
-0.909091 5071.94 -1172.22
-0.919192 5071.57 -1181.61
-0.929293 5071.16 -1190.76
-0.939394 5070.75 -1199.88
-0.949495 5070.36 -1208.76
-0.959596 5069.97 -1217.62
-0.969697 5069.65 -1226.26
-0.979798 5069.34 -1234.88
-0.989899 5069.21 -1243.3
-1 5069.09 -1251.71
