0 11781.5 0.00136474
-0.010101 13019.6 10.7951
-0.020202 12994.8 21.6015
-0.030303 12975.5 33.0994
-0.040404 12956.4 44.6033
-0.0505051 12942.1 56.2521
-0.0606061 12928 67.9118
-0.0707071 12917.8 79.7443
-0.0808081 12907.9 91.589
-0.0909091 12901.2 103.574
-0.10101 12894.8 115.571
-0.111111 12890.9 127.671
-0.121212 12887.3 139.78
-0.131313 12885.6 151.962
-0.141414 12884.1 164.153
-0.151515 12884 176.395
-0.161616 12884.1 188.644
-0.171717 12885.2 200.928
-0.181818 12886.4 213.218
-0.191919 12888.2 225.53
-0.20202 12890.2 237.846
-0.212121 12892.5 250.173
-0.222222 12894.9 262.502
-0.232323 12897.5 274.831
-0.242424 12900 287.159
-0.252525 12902.6 299.479
-0.262626 12905.2 311.793
-0.272727 12907.7 324.091
-0.282828 12910.2 336.38
-0.292929 12912.6 348.646
-0.30303 12914.9 360.899
-0.313131 12917 373.122
-0.323232 12919.1 385.329
-0.333333 12921 397.502
-0.343434 12922.9 409.654
-0.353535 12924.5 421.768
-0.363636 12926.1 433.857
-0.373737 12927.6 445.905
-0.383838 12929 457.925
-0.393939 12930.2 469.901
-0.40404 12931.4 481.845
-0.414141 12932.4 493.743
-0.424242 12933.4 505.605
-0.434343 12934.3 517.419
-0.444444 12935.2 529.193
-0.454545 12935.9 540.918
-0.464646 12936.7 552.6
-0.474747 12937.3 564.231
-0.484848 12938 575.814
-0.494949 12938.6 587.345
-0.505051 12939.2 598.824
-0.515152 12939.7 610.251
-0.525253 12940.2 621.621
-0.535354 12940.8 632.938
-0.545455 12941.3 644.192
-0.555556 12941.8 655.394
-0.565657 12942.3 666.527
-0.575758 12942.8 677.608
-0.585859 12943.4 688.614
-0.59596 12943.9 699.568
-0.606061 12944.5 710.441
-0.616162 12945.1 721.261
-0.626263 12945.6 731.995
-0.636364 12946.3 742.676
-0.646465 12946.9 753.263
-0.656566 12947.6 763.799
-0.666667 12948.3 774.233
-0.676768 12949 784.616
-0.686869 12949.7 794.891
-0.69697 12950.5 805.116
-0.707071 12951.4 815.224
-0.717172 12952.2 825.284
-0.727273 12953.1 835.219
-0.737374 12954 845.107
-0.747475 12955 854.863
-0.757576 12956 864.573
-0.767677 12957.1 874.143
-0.777778 12958.1 883.669
-0.787879 12959.3 893.047
-0.79798 12960.4 902.384
-0.808081 12961.6 911.565
-0.818182 12962.8 920.707
-0.828283 12964.1 929.686
-0.838384 12965.4 938.629
-0.848485 12966.7 947.401
-0.858586 12968 956.14
-0.868687 12969.3 964.702
-0.878788 12970.7 973.235
-0.888889 12972 981.584
-0.89899 12973.3 989.907
-0.909091 12974.5 998.041
-0.919192 12975.7 1006.15
-0.929293 12976.9 1014.07
-0.939394 12978 1021.98
-0.949495 12978.9 1029.69
-0.959596 12979.8 1037.39
-0.969697 12980.4 1044.92
-0.979798 12981.1 1052.44
-0.989899 12981.3 1059.76
-1 12981.5 1067.08
