0 22109.1 0.00166028
-0.010101 22565.2 3.68279
-0.020202 22541 7.36426
-0.030303 22519.7 11.1393
-0.040404 22498.6 14.915
-0.0505051 22480.5 18.709
-0.0606061 22462.6 22.5081
-0.0707071 22447.7 26.3878
-0.0808081 22433.1 30.2748
-0.0909091 22421.3 34.2458
-0.10101 22409.7 38.2245
-0.111111 22400.7 42.2732
-0.121212 22391.9 46.3294
-0.131313 22385.3 50.4402
-0.141414 22378.9 54.5581
-0.151515 22374.4 58.719
-0.161616 22370.1 62.8865
-0.171717 22367.3 67.089
-0.181818 22364.7 71.2978
-0.191919 22363.3 75.5355
-0.20202 22362.1 79.7791
-0.212121 22361.7 84.0463
-0.222222 22361.5 88.3188
-0.232323 22362 92.6098
-0.242424 22362.6 96.9049
-0.252525 22363.7 101.213
-0.262626 22364.8 105.524
-0.272727 22366.3 109.843
-0.282828 22367.8 114.164
-0.292929 22369.5 118.486
-0.30303 22371.2 122.809
-0.313131 22373 127.129
-0.323232 22374.9 131.447
-0.333333 22376.8 135.758
-0.343434 22378.6 140.065
-0.353535 22380.5 144.363
-0.363636 22382.3 148.653
-0.373737 22384.1 152.932
-0.383838 22385.8 157.201
-0.393939 22387.5 161.457
-0.40404 22389.2 165.701
-0.414141 22390.8 169.929
-0.424242 22392.4 174.144
-0.434343 22393.9 178.342
-0.444444 22395.4 182.525
-0.454545 22396.8 186.69
-0.464646 22398.2 190.837
-0.474747 22399.5 194.966
-0.484848 22400.8 199.076
-0.494949 22402.1 203.167
-0.505051 22403.4 207.237
-0.515152 22404.6 211.287
-0.525253 22405.8 215.314
-0.535354 22407 219.322
-0.545455 22408.2 223.305
-0.555556 22409.4 227.267
-0.565657 22410.6 231.204
-0.575758 22411.7 235.12
-0.585859 22412.9 239.008
-0.59596 22414.1 242.876
-0.606061 22415.3 246.714
-0.616162 22416.6 250.531
-0.626263 22417.8 254.316
-0.636364 22419.1 258.081
-0.646465 22420.4 261.812
-0.656566 22421.7 265.524
-0.666667 22423 269.199
-0.676768 22424.4 272.855
-0.686869 22425.8 276.472
-0.69697 22427.2 280.071
-0.707071 22428.6 283.63
-0.717172 22430.1 287.171
-0.727273 22431.6 290.67
-0.737374 22433.2 294.152
-0.747475 22434.8 297.59
-0.757576 22436.3 301.012
-0.767677 22438 304.389
-0.777778 22439.6 307.751
-0.787879 22441.3 311.067
-0.79798 22443 314.369
-0.808081 22444.7 317.623
-0.818182 22446.4 320.866
-0.828283 22448.1 324.06
-0.838384 22449.9 327.243
-0.848485 22451.5 330.377
-0.858586 22453.2 333.501
-0.868687 22454.9 336.576
-0.878788 22456.5 339.643
-0.888889 22458 342.66
-0.89899 22459.6 345.671
-0.909091 22461 348.631
-0.919192 22462.3 351.587
-0.929293 22463.5 354.492
-0.939394 22464.7 357.394
-0.949495 22465.6 360.249
-0.959596 22466.6 363.101
-0.969697 22467.2 365.916
-0.979798 22467.8 368.729
-0.989899 22468 371.459
-1 22468.2 374.186
