0 -17278.7 -0.00161282
-0.010101 -18230.7 -8.16447
-0.020202 -18204.7 -16.3351
-0.030303 -18183.3 -24.9628
-0.040404 -18162.1 -33.5944
-0.0505051 -18145.1 -42.3213
-0.0606061 -18128.4 -51.0572
-0.0707071 -18115.5 -59.9337
-0.0808081 -18102.8 -68.821
-0.0909091 -18093.3 -77.8314
-0.10101 -18084.1 -86.8522
-0.111111 -18077.6 -95.9668
-0.121212 -18071.4 -105.091
-0.131313 -18067.3 -114.284
-0.141414 -18063.5 -123.485
-0.151515 -18061.3 -132.737
-0.161616 -18059.4 -141.996
-0.171717 -18058.7 -151.293
-0.181818 -18058.3 -160.595
-0.191919 -18058.7 -169.925
-0.20202 -18059.3 -179.259
-0.212121 -18060.5 -188.612
-0.222222 -18061.9 -197.967
-0.232323 -18063.6 -207.332
-0.242424 -18065.4 -216.697
-0.252525 -18067.5 -226.064
-0.262626 -18069.6 -235.429
-0.272727 -18071.7 -244.788
-0.282828 -18073.9 -254.142
-0.292929 -18076.1 -263.484
-0.30303 -18078.3 -272.817
-0.313131 -18080.5 -282.132
-0.323232 -18082.5 -291.436
-0.333333 -18084.6 -300.716
-0.343434 -18086.5 -309.983
-0.353535 -18088.4 -319.221
-0.363636 -18090.2 -328.443
-0.373737 -18091.9 -337.633
-0.383838 -18093.5 -346.803
-0.393939 -18095 -355.94
-0.40404 -18096.5 -365.053
-0.414141 -18097.9 -374.13
-0.424242 -18099.2 -383.18
-0.434343 -18100.4 -392.194
-0.444444 -18101.6 -401.177
-0.454545 -18102.7 -410.122
-0.464646 -18103.8 -419.033
-0.474747 -18104.8 -427.905
-0.484848 -18105.8 -436.739
-0.494949 -18106.8 -445.534
-0.505051 -18107.7 -454.288
-0.515152 -18108.6 -463.002
-0.525253 -18109.5 -471.671
-0.535354 -18110.4 -480.299
-0.545455 -18111.2 -488.878
-0.555556 -18112.1 -497.417
-0.565657 -18112.9 -505.902
-0.575758 -18113.8 -514.346
-0.585859 -18114.7 -522.734
-0.59596 -18115.5 -531.079
-0.606061 -18116.4 -539.364
-0.616162 -18117.3 -547.607
-0.626263 -18118.3 -555.783
-0.636364 -18119.2 -563.918
-0.646465 -18120.2 -571.982
-0.656566 -18121.2 -580.006
-0.666667 -18122.2 -587.952
-0.676768 -18123.3 -595.859
-0.686869 -18124.4 -603.683
-0.69697 -18125.5 -611.468
-0.707071 -18126.7 -619.166
-0.717172 -18127.9 -626.826
-0.727273 -18129.1 -634.392
-0.737374 -18130.4 -641.922
-0.747475 -18131.7 -649.353
-0.757576 -18133.1 -656.748
-0.767677 -18134.4 -664.04
-0.777778 -18135.9 -671.298
-0.787879 -18137.3 -678.446
-0.79798 -18138.8 -685.563
-0.808081 -18140.3 -692.564
-0.818182 -18141.8 -699.537
-0.828283 -18143.4 -706.39
-0.838384 -18144.9 -713.216
-0.848485 -18146.5 -719.917
-0.858586 -18148 -726.595
-0.868687 -18149.6 -733.143
-0.878788 -18151.1 -739.67
-0.888889 -18152.6 -746.064
-0.89899 -18154.1 -752.439
-0.909091 -18155.5 -758.678
-0.919192 -18156.9 -764.902
-0.929293 -18158.1 -770.988
-0.939394 -18159.3 -777.062
-0.949495 -18160.3 -783
-0.959596 -18161.3 -788.929
-0.969697 -18161.9 -794.739
-0.979798 -18162.6 -800.544
-0.989899 -18162.8 -806.191
-1 -18163.1 -811.836
