0 -7333.54 -0.000882344
-0.010101 -8706.92 -12.0673
-0.020202 -8684.3 -24.1495
-0.030303 -8667.47 -37.0509
-0.040404 -8650.85 -49.9595
-0.0505051 -8639.03 -63.0403
-0.0606061 -8627.47 -76.133
-0.0707071 -8619.78 -89.4121
-0.0808081 -8612.35 -102.704
-0.0909091 -8607.96 -116.141
-0.10101 -8603.82 -129.59
-0.111111 -8601.96 -143.143
-0.121212 -8600.34 -156.706
-0.131313 -8600.37 -170.34
-0.141414 -8600.59 -183.983
-0.151515 -8601.95 -197.674
-0.161616 -8603.45 -211.373
-0.171717 -8605.68 -225.103
-0.181818 -8608.01 -238.838
-0.191919 -8610.75 -252.592
-0.20202 -8613.53 -266.348
-0.212121 -8616.5 -280.111
-0.222222 -8619.47 -293.873
-0.232323 -8622.46 -307.632
-0.242424 -8625.42 -321.386
-0.252525 -8628.27 -335.126
-0.262626 -8631.07 -348.859
-0.272727 -8633.71 -362.569
-0.282828 -8636.27 -376.268
-0.292929 -8638.62 -389.938
-0.30303 -8640.89 -403.592
-0.313131 -8642.94 -417.211
-0.323232 -8644.9 -430.81
-0.333333 -8646.65 -444.369
-0.343434 -8648.31 -457.905
-0.353535 -8649.77 -471.396
-0.363636 -8651.14 -484.86
-0.373737 -8652.34 -498.277
-0.383838 -8653.46 -511.662
-0.393939 -8654.43 -524.998
-0.40404 -8655.32 -538.298
-0.414141 -8656.1 -551.547
-0.424242 -8656.81 -564.756
-0.434343 -8657.43 -577.911
-0.444444 -8657.99 -591.024
-0.454545 -8658.48 -604.081
-0.464646 -8658.93 -617.09
-0.474747 -8659.32 -630.043
-0.484848 -8659.69 -642.944
-0.494949 -8660.01 -655.787
-0.505051 -8660.32 -668.573
-0.515152 -8660.6 -681.301
-0.525253 -8660.87 -693.966
-0.535354 -8661.13 -706.573
-0.545455 -8661.38 -719.111
-0.555556 -8661.63 -731.591
-0.565657 -8661.89 -743.995
-0.575758 -8662.15 -756.341
-0.585859 -8662.42 -768.605
-0.59596 -8662.69 -780.811
-0.606061 -8662.99 -792.928
-0.616162 -8663.3 -804.986
-0.626263 -8663.63 -816.948
-0.636364 -8663.97 -828.852
-0.646465 -8664.35 -840.653
-0.656566 -8664.74 -852.395
-0.666667 -8665.16 -864.026
-0.676768 -8665.6 -875.599
-0.686869 -8666.09 -887.053
-0.69697 -8666.59 -898.45
-0.707071 -8667.14 -909.718
-0.717172 -8667.7 -920.93
-0.727273 -8668.32 -932.005
-0.737374 -8668.96 -943.026
-0.747475 -8669.65 -953.9
-0.757576 -8670.36 -964.722
-0.767677 -8671.13 -975.387
-0.777778 -8671.92 -986.003
-0.787879 -8672.77 -996.452
-0.79798 -8673.64 -1006.86
-0.808081 -8674.57 -1017.08
-0.818182 -8675.51 -1027.27
-0.828283 -8676.51 -1037.26
-0.838384 -8677.52 -1047.22
-0.848485 -8678.58 -1056.98
-0.858586 -8679.64 -1066.71
-0.868687 -8680.74 -1076.24
-0.878788 -8681.84 -1085.73
-0.888889 -8682.95 -1095.01
-0.89899 -8684.05 -1104.26
-0.909091 -8685.13 -1113.3
-0.919192 -8686.2 -1122.31
-0.929293 -8687.19 -1131.1
-0.939394 -8688.17 -1139.87
-0.949495 -8689 -1148.42
-0.959596 -8689.82 -1156.96
-0.969697 -8690.41 -1165.3
-0.979798 -8690.99 -1173.63
-0.989899 -8691.21 -1181.75
-1 -8691.43 -1189.86
