0 22109.1 0.00166028
-0.010101 22565.2 3.68296
-0.020202 22541 7.3646
-0.030303 22519.7 11.1397
-0.040404 22498.6 14.9156
-0.0505051 22480.5 18.7097
-0.0606061 22462.6 22.509
-0.0707071 22447.7 26.3887
-0.0808081 22433.1 30.2757
-0.0909091 22421.3 34.2468
-0.10101 22409.7 38.2255
-0.111111 22400.7 42.2742
-0.121212 22391.9 46.3303
-0.131313 22385.3 50.4412
-0.141414 22379 54.559
-0.151515 22374.4 58.7198
-0.161616 22370.1 62.8872
-0.171717 22367.3 67.0896
-0.181818 22364.7 71.2983
-0.191919 22363.3 75.5358
-0.20202 22362.1 79.7793
-0.212121 22361.7 84.0464
-0.222222 22361.5 88.3187
-0.232323 22362 92.6095
-0.242424 22362.6 96.9044
-0.252525 22363.7 101.213
-0.262626 22364.8 105.523
-0.272727 22366.3 109.842
-0.282828 22367.8 114.162
-0.292929 22369.5 118.485
-0.30303 22371.2 122.807
-0.313131 22373.1 127.127
-0.323232 22374.9 131.444
-0.333333 22376.8 135.755
-0.343434 22378.6 140.062
-0.353535 22380.5 144.359
-0.363636 22382.3 148.65
-0.373737 22384.1 152.928
-0.383838 22385.8 157.197
-0.393939 22387.6 161.452
-0.40404 22389.2 165.696
-0.414141 22390.8 169.924
-0.424242 22392.4 174.139
-0.434343 22393.9 178.336
-0.444444 22395.4 182.519
-0.454545 22396.8 186.683
-0.464646 22398.2 190.83
-0.474747 22399.5 194.959
-0.484848 22400.8 199.068
-0.494949 22402.1 203.158
-0.505051 22403.4 207.228
-0.515152 22404.6 211.278
-0.525253 22405.8 215.305
-0.535354 22407 219.312
-0.545455 22408.2 223.295
-0.555556 22409.4 227.257
-0.565657 22410.6 231.194
-0.575758 22411.8 235.109
-0.585859 22412.9 238.997
-0.59596 22414.1 242.865
-0.606061 22415.4 246.702
-0.616162 22416.6 250.519
-0.626263 22417.8 254.304
-0.636364 22419.1 258.069
-0.646465 22420.4 261.799
-0.656566 22421.7 265.51
-0.666667 22423 269.185
-0.676768 22424.4 272.841
-0.686869 22425.8 276.458
-0.69697 22427.2 280.057
-0.707071 22428.6 283.615
-0.717172 22430.1 287.156
-0.727273 22431.6 290.654
-0.737374 22433.2 294.136
-0.747475 22434.8 297.574
-0.757576 22436.4 300.996
-0.767677 22438 304.373
-0.777778 22439.6 307.735
-0.787879 22441.3 311.05
-0.79798 22443 314.352
-0.808081 22444.7 317.606
-0.818182 22446.4 320.848
-0.828283 22448.1 324.042
-0.838384 22449.9 327.224
-0.848485 22451.6 330.358
-0.858586 22453.2 333.482
-0.868687 22454.9 336.557
-0.878788 22456.5 339.624
-0.888889 22458.1 342.641
-0.89899 22459.6 345.651
-0.909091 22461 348.611
-0.919192 22462.4 351.566
-0.929293 22463.5 354.472
-0.939394 22464.7 357.373
-0.949495 22465.7 360.228
-0.959596 22466.6 363.079
-0.969697 22467.2 365.894
-0.979798 22467.8 368.707
-0.989899 22468 371.437
-1 22468.2 374.164
