0 14479.8 0.0015407
-0.010101 15598.2 9.68772
-0.020202 15572.5 19.3844
-0.030303 15552 29.6707
-0.040404 15531.7 39.9621
-0.0505051 15516 50.3767
-0.0606061 15500.5 60.8014
-0.0707071 15488.9 71.3857
-0.0808081 15477.6 81.9817
-0.0909091 15469.6 92.7115
-0.10101 15461.8 103.452
-0.111111 15456.6 114.293
-0.121212 15451.7 125.143
-0.131313 15448.9 136.065
-0.141414 15446.3 146.996
-0.151515 15445.3 157.978
-0.161616 15444.4 168.967
-0.171717 15444.7 179.993
-0.181818 15445.1 191.024
-0.191919 15446.4 202.081
-0.20202 15447.7 213.141
-0.212121 15449.5 224.216
-0.222222 15451.5 235.293
-0.232323 15453.7 246.375
-0.242424 15455.9 257.456
-0.252525 15458.3 268.534
-0.262626 15460.7 279.607
-0.272727 15463 290.67
-0.282828 15465.4 301.724
-0.292929 15467.7 312.76
-0.30303 15470 323.786
-0.313131 15472.2 334.786
-0.323232 15474.3 345.773
-0.333333 15476.3 356.73
-0.343434 15478.2 367.669
-0.353535 15480 378.574
-0.363636 15481.7 389.458
-0.373737 15483.3 400.305
-0.383838 15484.8 411.127
-0.393939 15486.2 421.909
-0.40404 15487.5 432.664
-0.414141 15488.7 443.376
-0.424242 15489.8 454.056
-0.434343 15490.9 464.693
-0.444444 15491.9 475.294
-0.454545 15492.9 485.85
-0.464646 15493.8 496.367
-0.474747 15494.6 506.838
-0.484848 15495.4 517.266
-0.494949 15496.2 527.646
-0.505051 15496.9 537.98
-0.515152 15497.7 548.266
-0.525253 15498.4 558.5
-0.535354 15499.1 568.686
-0.545455 15499.8 578.816
-0.555556 15500.4 588.897
-0.565657 15501.1 598.917
-0.575758 15501.8 608.889
-0.585859 15502.5 618.794
-0.59596 15503.2 628.65
-0.606061 15503.9 638.434
-0.616162 15504.7 648.17
-0.626263 15505.4 657.828
-0.636364 15506.2 667.438
-0.646465 15507 676.964
-0.656566 15507.8 686.443
-0.666667 15508.7 695.83
-0.676768 15509.6 705.172
-0.686869 15510.5 714.415
-0.69697 15511.5 723.614
-0.707071 15512.5 732.708
-0.717172 15513.5 741.757
-0.727273 15514.5 750.696
-0.737374 15515.6 759.592
-0.747475 15516.8 768.369
-0.757576 15518 777.106
-0.767677 15519.2 785.717
-0.777778 15520.4 794.289
-0.787879 15521.7 802.729
-0.79798 15523 811.132
-0.808081 15524.4 819.396
-0.818182 15525.8 827.626
-0.828283 15527.2 835.711
-0.838384 15528.6 843.764
-0.848485 15530 851.666
-0.858586 15531.5 859.538
-0.868687 15532.9 867.254
-0.878788 15534.4 874.944
-0.888889 15535.8 882.471
-0.89899 15537.2 889.977
-0.909091 15538.5 897.315
-0.919192 15539.8 904.635
-0.929293 15541 911.785
-0.939394 15542.2 918.921
-0.949495 15543.1 925.889
-0.959596 15544.1 932.847
-0.969697 15544.7 939.655
-0.979798 15545.4 946.457
-0.989899 15545.6 953.079
-1 15545.9 959.697
