0 3369.98 0.000485431
-0.010101 1909.34 -13.0169
-0.020202 1923.91 -26.0544
-0.030303 1932.9 -40.0648
-0.040404 1941.71 -54.0838
-0.0505051 1946.24 -68.3082
-0.0606061 1950.57 -82.5445
-0.0707071 1951.76 -96.9685
-0.0808081 1952.75 -111.404
-0.0909091 1951.54 -125.975
-0.10101 1950.17 -140.555
-0.111111 1947.34 -155.226
-0.121212 1944.4 -169.905
-0.131313 1940.6 -184.642
-0.141414 1936.73 -199.386
-0.151515 1932.44 -214.167
-0.161616 1928.13 -228.952
-0.171717 1923.73 -243.758
-0.181818 1919.36 -258.566
-0.191919 1915.11 -273.381
-0.20202 1910.93 -288.195
-0.212121 1907.02 -303.005
-0.222222 1903.2 -317.81
-0.232323 1899.72 -332.601
-0.242424 1896.36 -347.383
-0.252525 1893.38 -362.141
-0.262626 1890.53 -376.888
-0.272727 1888.05 -391.602
-0.282828 1885.72 -406.301
-0.292929 1883.73 -420.962
-0.30303 1881.88 -435.604
-0.313131 1880.34 -450.203
-0.323232 1878.93 -464.778
-0.333333 1877.8 -479.307
-0.343434 1876.79 -493.809
-0.353535 1876.01 -508.261
-0.363636 1875.33 -522.683
-0.373737 1874.84 -537.052
-0.383838 1874.44 -551.387
-0.393939 1874.19 -565.668
-0.40404 1874.02 -579.911
-0.414141 1873.96 -594.099
-0.424242 1873.96 -608.244
-0.434343 1874.04 -622.332
-0.444444 1874.17 -636.374
-0.454545 1874.36 -650.358
-0.464646 1874.59 -664.291
-0.474747 1874.86 -678.165
-0.484848 1875.15 -691.983
-0.494949 1875.47 -705.742
-0.505051 1875.8 -719.439
-0.515152 1876.14 -733.076
-0.525253 1876.49 -746.647
-0.535354 1876.85 -760.156
-0.545455 1877.21 -773.592
-0.555556 1877.56 -786.967
-0.565657 1877.92 -800.263
-0.575758 1878.26 -813.497
-0.585859 1878.6 -826.645
-0.59596 1878.93 -839.731
-0.606061 1879.25 -852.723
-0.616162 1879.56 -865.653
-0.626263 1879.85 -878.481
-0.636364 1880.13 -891.248
-0.646465 1880.4 -903.904
-0.656566 1880.65 -916.499
-0.666667 1880.88 -928.974
-0.676768 1881.09 -941.389
-0.686869 1881.28 -953.675
-0.69697 1881.46 -965.901
-0.707071 1881.6 -977.988
-0.717172 1881.73 -990.016
-0.727273 1881.82 -1001.9
-0.737374 1881.89 -1013.72
-0.747475 1881.93 -1025.38
-0.757576 1881.94 -1036.99
-0.767677 1881.9 -1048.42
-0.777778 1881.85 -1059.8
-0.787879 1881.74 -1071
-0.79798 1881.62 -1082.15
-0.808081 1881.42 -1093.11
-0.818182 1881.22 -1104.02
-0.828283 1880.94 -1114.72
-0.838384 1880.65 -1125.38
-0.848485 1880.29 -1135.83
-0.858586 1879.91 -1146.23
-0.868687 1879.47 -1156.41
-0.878788 1879.01 -1166.55
-0.888889 1878.5 -1176.46
-0.89899 1877.98 -1186.34
-0.909091 1877.43 -1195.97
-0.919192 1876.87 -1205.57
-0.929293 1876.31 -1214.93
-0.939394 1875.75 -1224.26
-0.949495 1875.24 -1233.35
-0.959596 1874.73 -1242.42
-0.969697 1874.33 -1251.26
-0.979798 1873.95 -1260.1
-0.989899 1873.79 -1268.71
-1 1873.64 -1277.32
