0 23044.8 0.00247213
-0.010101 23305.3 1.9333
-0.020202 23282.6 3.86098
-0.030303 23262.1 5.74712
-0.040404 23241.8 7.63283
-0.0505051 23224 9.5081
-0.0606061 23206.3 11.3869
-0.0707071 23191.3 13.3216
-0.0808081 23176.5 15.262
-0.0909091 23164.3 17.2692
-0.10101 23152.3 19.283
-0.111111 23142.6 21.3555
-0.121212 23133.3 23.4344
-0.131313 23126 25.561
-0.141414 23119 27.6939
-0.151515 23113.7 29.8655
-0.161616 23108.7 32.0433
-0.171717 23105.2 34.2538
-0.181818 23102 36.4706
-0.191919 23099.9 38.7158
-0.20202 23098.1 40.9673
-0.212121 23097.2 43.2436
-0.222222 23096.5 45.5258
-0.232323 23096.5 47.829
-0.242424 23096.6 50.1376
-0.252525 23097.3 52.4631
-0.262626 23098 54.793
-0.272727 23099.2 57.1356
-0.282828 23100.4 59.4814
-0.292929 23101.8 61.8356
-0.30303 23103.4 64.1916
-0.313131 23105 66.5519
-0.323232 23106.7 68.9125
-0.333333 23108.4 71.2738
-0.343434 23110.2 73.6338
-0.353535 23112 75.9915
-0.363636 23113.7 78.3463
-0.373737 23115.5 80.6961
-0.383838 23117.2 83.0416
-0.393939 23118.9 85.38
-0.40404 23120.6 87.7126
-0.414141 23122.3 90.0366
-0.424242 23123.9 92.3533
-0.434343 23125.4 94.6602
-0.444444 23126.9 96.9586
-0.454545 23128.4 99.2462
-0.464646 23129.9 101.524
-0.474747 23131.3 103.79
-0.484848 23132.6 106.046
-0.494949 23134 108.29
-0.505051 23135.3 110.521
-0.515152 23136.6 112.74
-0.525253 23137.9 114.946
-0.535354 23139.2 117.14
-0.545455 23140.5 119.32
-0.555556 23141.7 121.487
-0.565657 23143 123.639
-0.575758 23144.2 125.778
-0.585859 23145.5 127.901
-0.59596 23146.8 130.012
-0.606061 23148 132.105
-0.616162 23149.3 134.187
-0.626263 23150.6 136.249
-0.636364 23152 138.3
-0.646465 23153.3 140.332
-0.656566 23154.7 142.352
-0.666667 23156.1 144.352
-0.676768 23157.5 146.341
-0.686869 23158.9 148.309
-0.69697 23160.4 150.266
-0.707071 23161.9 152.202
-0.717172 23163.5 154.128
-0.727273 23165 156.031
-0.737374 23166.6 157.926
-0.747475 23168.2 159.798
-0.757576 23169.9 161.662
-0.767677 23171.5 163.504
-0.777778 23173.2 165.338
-0.787879 23174.9 167.15
-0.79798 23176.6 168.955
-0.808081 23178.3 170.739
-0.818182 23180 172.517
-0.828283 23181.7 174.275
-0.838384 23183.5 176.028
-0.848485 23185.1 177.76
-0.858586 23186.8 179.489
-0.868687 23188.4 181.199
-0.878788 23190 182.906
-0.888889 23191.5 184.595
-0.89899 23193 186.282
-0.909091 23194.4 187.952
-0.919192 23195.7 189.62
-0.929293 23196.8 191.273
-0.939394 23197.9 192.924
-0.949495 23198.8 194.563
-0.959596 23199.7 196.201
-0.969697 23200.2 197.834
-0.979798 23200.8 199.466
-0.989899 23201 201.043
-1 23201.2 202.619
