0 3369.98 0.000485419
-0.010101 1909.34 -13.0153
-0.020202 1923.92 -26.0511
-0.030303 1932.9 -40.0602
-0.040404 1941.71 -54.0779
-0.0505051 1946.25 -68.3015
-0.0606061 1950.58 -82.5371
-0.0707071 1951.77 -96.9606
-0.0808081 1952.76 -111.396
-0.0909091 1951.55 -125.967
-0.10101 1950.18 -140.547
-0.111111 1947.36 -155.218
-0.121212 1944.42 -169.898
-0.131313 1940.61 -184.636
-0.141414 1936.74 -199.381
-0.151515 1932.46 -214.163
-0.161616 1928.15 -228.949
-0.171717 1923.75 -243.757
-0.181818 1919.38 -258.566
-0.191919 1915.14 -273.383
-0.20202 1910.96 -288.199
-0.212121 1907.04 -303.01
-0.222222 1903.22 -317.818
-0.232323 1899.75 -332.61
-0.242424 1896.39 -347.395
-0.252525 1893.41 -362.155
-0.262626 1890.56 -376.905
-0.272727 1888.09 -391.622
-0.282828 1885.75 -406.323
-0.292929 1883.76 -420.987
-0.30303 1881.91 -435.632
-0.313131 1880.38 -450.233
-0.323232 1878.97 -464.812
-0.333333 1877.84 -479.343
-0.343434 1876.83 -493.848
-0.353535 1876.04 -508.303
-0.363636 1875.37 -522.728
-0.373737 1874.88 -537.1
-0.383838 1874.48 -551.438
-0.393939 1874.23 -565.722
-0.40404 1874.06 -579.968
-0.414141 1874 -594.158
-0.424242 1874 -608.306
-0.434343 1874.08 -622.397
-0.444444 1874.22 -636.442
-0.454545 1874.41 -650.429
-0.464646 1874.64 -664.365
-0.474747 1874.91 -678.241
-0.484848 1875.2 -692.062
-0.494949 1875.51 -705.823
-0.505051 1875.85 -719.524
-0.515152 1876.19 -733.163
-0.525253 1876.54 -746.737
-0.535354 1876.9 -760.248
-0.545455 1877.26 -773.688
-0.555556 1877.61 -787.065
-0.565657 1877.97 -800.364
-0.575758 1878.31 -813.6
-0.585859 1878.65 -826.751
-0.59596 1878.98 -839.839
-0.606061 1879.3 -852.833
-0.616162 1879.61 -865.766
-0.626263 1879.91 -878.597
-0.636364 1880.19 -891.365
-0.646465 1880.45 -904.024
-0.656566 1880.7 -916.621
-0.666667 1880.93 -929.099
-0.676768 1881.15 -941.516
-0.686869 1881.34 -953.804
-0.69697 1881.51 -966.032
-0.707071 1881.65 -978.122
-0.717172 1881.78 -990.153
-0.727273 1881.87 -1002.03
-0.737374 1881.95 -1013.86
-0.747475 1881.98 -1025.52
-0.757576 1882 -1037.13
-0.767677 1881.96 -1048.57
-0.777778 1881.91 -1059.95
-0.787879 1881.8 -1071.16
-0.79798 1881.67 -1082.31
-0.808081 1881.48 -1093.27
-0.818182 1881.27 -1104.18
-0.828283 1881 -1114.89
-0.838384 1880.71 -1125.55
-0.848485 1880.34 -1136
-0.858586 1879.97 -1146.4
-0.868687 1879.53 -1156.58
-0.878788 1879.07 -1166.73
-0.888889 1878.56 -1176.64
-0.89899 1878.04 -1186.52
-0.909091 1877.49 -1196.15
-0.919192 1876.93 -1205.76
-0.929293 1876.37 -1215.12
-0.939394 1875.81 -1224.45
-0.949495 1875.3 -1233.54
-0.959596 1874.79 -1242.62
-0.969697 1874.39 -1251.46
-0.979798 1874.01 -1260.3
-0.989899 1873.85 -1268.91
-1 1873.7 -1277.52
