0 -5244.98 -0.000625297
-0.010101 -6660.01 -12.4707
-0.020202 -6638.66 -24.9578
-0.030303 -6623.17 -38.3099
-0.040404 -6607.87 -51.6697
-0.0505051 -6597.36 -65.2116
-0.0606061 -6587.09 -78.7656
-0.0707071 -6580.62 -92.5095
-0.0808081 -6574.4 -106.266
-0.0909091 -6571.08 -120.169
-0.10101 -6568.01 -134.083
-0.111111 -6567.1 -148.1
-0.121212 -6566.39 -162.126
-0.131313 -6567.2 -176.223
-0.141414 -6568.17 -190.328
-0.151515 -6570.16 -204.481
-0.161616 -6572.27 -218.639
-0.171717 -6574.99 -232.829
-0.181818 -6577.78 -247.022
-0.191919 -6580.88 -261.232
-0.20202 -6584 -275.443
-0.212121 -6587.22 -289.66
-0.222222 -6590.41 -303.874
-0.232323 -6593.55 -318.083
-0.242424 -6596.64 -332.287
-0.252525 -6599.57 -346.474
-0.262626 -6602.43 -360.653
-0.272727 -6605.08 -374.807
-0.282828 -6607.64 -388.949
-0.292929 -6609.96 -403.059
-0.30303 -6612.18 -417.153
-0.313131 -6614.16 -431.209
-0.323232 -6616.03 -445.244
-0.333333 -6617.69 -459.237
-0.343434 -6619.24 -473.206
-0.353535 -6620.58 -487.128
-0.363636 -6621.83 -501.023
-0.373737 -6622.91 -514.867
-0.383838 -6623.89 -528.68
-0.393939 -6624.73 -542.441
-0.40404 -6625.49 -556.166
-0.414141 -6626.14 -569.837
-0.424242 -6626.71 -583.467
-0.434343 -6627.19 -597.042
-0.444444 -6627.62 -610.573
-0.454545 -6627.98 -624.047
-0.464646 -6628.3 -637.471
-0.474747 -6628.56 -650.838
-0.484848 -6628.79 -664.151
-0.494949 -6628.99 -677.405
-0.505051 -6629.17 -690.599
-0.515152 -6629.33 -703.735
-0.525253 -6629.47 -716.806
-0.535354 -6629.61 -729.816
-0.545455 -6629.74 -742.756
-0.555556 -6629.87 -755.636
-0.565657 -6630.01 -768.439
-0.575758 -6630.14 -781.181
-0.585859 -6630.29 -793.84
-0.59596 -6630.45 -806.437
-0.606061 -6630.62 -818.944
-0.616162 -6630.81 -831.39
-0.626263 -6631.01 -843.738
-0.636364 -6631.23 -856.026
-0.646465 -6631.48 -868.206
-0.656566 -6631.75 -880.327
-0.666667 -6632.04 -892.333
-0.676768 -6632.36 -904.28
-0.686869 -6632.71 -916.103
-0.69697 -6633.08 -927.868
-0.707071 -6633.49 -939.499
-0.717172 -6633.93 -951.074
-0.727273 -6634.41 -962.506
-0.737374 -6634.91 -973.882
-0.747475 -6635.46 -985.107
-0.757576 -6636.04 -996.277
-0.767677 -6636.67 -1007.29
-0.777778 -6637.32 -1018.24
-0.787879 -6638.03 -1029.03
-0.79798 -6638.76 -1039.76
-0.808081 -6639.55 -1050.32
-0.818182 -6640.36 -1060.83
-0.828283 -6641.22 -1071.14
-0.838384 -6642.1 -1081.42
-0.848485 -6643.03 -1091.49
-0.858586 -6643.98 -1101.52
-0.868687 -6644.96 -1111.35
-0.878788 -6645.94 -1121.14
-0.888889 -6646.94 -1130.71
-0.89899 -6647.95 -1140.25
-0.909091 -6648.93 -1149.56
-0.919192 -6649.92 -1158.85
-0.929293 -6650.83 -1167.91
-0.939394 -6651.74 -1176.95
-0.949495 -6652.52 -1185.76
-0.959596 -6653.3 -1194.56
-0.969697 -6653.85 -1203.15
-0.979798 -6654.4 -1211.72
-0.989899 -6654.62 -1220.08
-1 -6654.82 -1228.44
