0 411.83 3.66144e-05
-0.010101 1876.69 12.9946
-0.020202 1858.85 26.0082
-0.030303 1846.82 39.9626
-0.040404 1834.97 53.9254
-0.0505051 1827.7 68.0861
-0.0606061 1820.65 82.259
-0.0707071 1817.09 96.6231
-0.0808081 1813.75 111
-0.0909091 1812.97 125.518
-0.10101 1812.39 140.047
-0.111111 1813.6 154.672
-0.121212 1814.96 169.307
-0.131313 1817.5 184.006
-0.141414 1820.15 198.712
-0.151515 1823.48 213.461
-0.161616 1826.88 228.214
-0.171717 1830.61 242.993
-0.181818 1834.35 257.774
-0.191919 1838.16 272.567
-0.20202 1841.94 287.36
-0.212121 1845.61 302.152
-0.222222 1849.22 316.94
-0.232323 1852.61 331.717
-0.242424 1855.9 346.488
-0.252525 1858.91 361.237
-0.262626 1861.82 375.975
-0.272727 1864.41 390.684
-0.282828 1866.89 405.379
-0.292929 1869.06 420.038
-0.30303 1871.11 434.678
-0.313131 1872.87 449.276
-0.323232 1874.51 463.853
-0.333333 1875.9 478.383
-0.343434 1877.17 492.887
-0.353535 1878.21 507.342
-0.363636 1879.16 521.767
-0.373737 1879.92 536.14
-0.383838 1880.59 550.48
-0.393939 1881.11 564.764
-0.40404 1881.55 579.012
-0.414141 1881.87 593.203
-0.424242 1882.13 607.352
-0.434343 1882.29 621.444
-0.444444 1882.41 635.49
-0.454545 1882.46 649.477
-0.464646 1882.47 663.413
-0.474747 1882.44 677.289
-0.484848 1882.38 691.11
-0.494949 1882.29 704.87
-0.505051 1882.18 718.569
-0.515152 1882.05 732.207
-0.525253 1881.92 745.779
-0.535354 1881.78 759.288
-0.545455 1881.63 772.725
-0.555556 1881.49 786.099
-0.565657 1881.35 799.395
-0.575758 1881.21 812.627
-0.585859 1881.08 825.773
-0.59596 1880.97 838.857
-0.606061 1880.86 851.847
-0.616162 1880.77 864.774
-0.626263 1880.69 877.599
-0.636364 1880.63 890.362
-0.646465 1880.59 903.015
-0.656566 1880.57 915.606
-0.666667 1880.57 928.078
-0.676768 1880.59 940.488
-0.686869 1880.64 952.77
-0.69697 1880.7 964.991
-0.707071 1880.81 977.075
-0.717172 1880.93 989.098
-0.727273 1881.09 1000.97
-0.737374 1881.27 1012.79
-0.747475 1881.5 1024.45
-0.757576 1881.75 1036.05
-0.767677 1882.05 1047.49
-0.777778 1882.37 1058.87
-0.787879 1882.75 1070.07
-0.79798 1883.15 1081.22
-0.808081 1883.61 1092.17
-0.818182 1884.09 1103.08
-0.828283 1884.63 1113.79
-0.838384 1885.19 1124.45
-0.848485 1885.82 1134.9
-0.858586 1886.45 1145.31
-0.868687 1887.14 1155.5
-0.878788 1887.84 1165.65
-0.888889 1888.58 1175.57
-0.89899 1889.32 1185.46
-0.909091 1890.08 1195.11
-0.919192 1890.83 1204.73
-0.929293 1891.56 1214.1
-0.939394 1892.29 1223.46
-0.949495 1892.93 1232.57
-0.959596 1893.57 1241.67
-0.969697 1894.04 1250.54
-0.979798 1894.5 1259.4
-0.989899 1894.69 1268.04
-1 1894.87 1276.68
