0 22008 0.00198738
-0.010101 21412.5 -5.64725
-0.020202 21400.9 -11.3102
-0.030303 21388.1 -17.5572
-0.040404 21375.3 -23.8094
-0.0505051 21362.3 -30.1863
-0.0606061 21349.4 -36.5668
-0.0707071 21336.9 -43.0041
-0.0808081 21324.6 -49.443
-0.0909091 21313.2 -55.8995
-0.10101 21302 -62.3559
-0.111111 21292 -68.8118
-0.121212 21282.1 -75.2665
-0.131313 21273.6 -81.7128
-0.141414 21265.3 -88.1571
-0.151515 21258.3 -94.5886
-0.161616 21251.6 -101.017
-0.171717 21246 -107.428
-0.181818 21240.7 -113.835
-0.191919 21236.6 -120.222
-0.20202 21232.6 -126.602
-0.212121 21229.6 -132.958
-0.222222 21226.8 -139.307
-0.232323 21224.9 -145.629
-0.242424 21223.1 -151.941
-0.252525 21222 -158.225
-0.262626 21221.1 -164.499
-0.272727 21220.6 -170.744
-0.282828 21220.4 -176.977
-0.292929 21220.5 -183.181
-0.30303 21220.8 -189.373
-0.313131 21221.4 -195.537
-0.323232 21222.1 -201.688
-0.333333 21223 -207.811
-0.343434 21223.9 -213.921
-0.353535 21225 -220.004
-0.363636 21226.2 -226.073
-0.373737 21227.5 -232.117
-0.383838 21228.7 -238.145
-0.393939 21230.1 -244.149
-0.40404 21231.5 -250.137
-0.414141 21232.8 -256.101
-0.424242 21234.2 -262.047
-0.434343 21235.6 -267.97
-0.444444 21237 -273.874
-0.454545 21238.4 -279.755
-0.464646 21239.8 -285.616
-0.474747 21241.2 -291.453
-0.484848 21242.6 -297.269
-0.494949 21243.9 -303.061
-0.505051 21245.3 -308.83
-0.515152 21246.6 -314.575
-0.525253 21247.9 -320.294
-0.535354 21249.3 -325.989
-0.545455 21250.6 -331.656
-0.555556 21251.9 -337.299
-0.565657 21253.1 -342.911
-0.575758 21254.4 -348.499
-0.585859 21255.7 -354.053
-0.59596 21257 -359.582
-0.606061 21258.3 -365.074
-0.616162 21259.6 -370.541
-0.626263 21260.9 -375.967
-0.636364 21262.2 -381.368
-0.646465 21263.6 -386.725
-0.656566 21264.9 -392.057
-0.666667 21266.3 -397.339
-0.676768 21267.6 -402.596
-0.686869 21269 -407.8
-0.69697 21270.4 -412.979
-0.707071 21271.8 -418.099
-0.717172 21273.2 -423.193
-0.727273 21274.6 -428.224
-0.737374 21276 -433.23
-0.747475 21277.4 -438.165
-0.757576 21278.9 -443.077
-0.767677 21280.3 -447.912
-0.777778 21281.7 -452.722
-0.787879 21283.2 -457.451
-0.79798 21284.6 -462.156
-0.808081 21286 -466.771
-0.818182 21287.4 -471.364
-0.828283 21288.7 -475.86
-0.838384 21290 -480.335
-0.848485 21291.3 -484.707
-0.858586 21292.5 -489.059
-0.868687 21293.7 -493.3
-0.878788 21294.8 -497.523
-0.888889 21295.8 -501.63
-0.89899 21296.9 -505.721
-0.909091 21297.7 -509.689
-0.919192 21298.6 -513.644
-0.929293 21299.2 -517.471
-0.939394 21299.9 -521.288
-0.949495 21300.4 -524.977
-0.959596 21300.8 -528.657
-0.969697 21301.1 -532.213
-0.979798 21301.4 -535.764
-0.989899 21301.5 -539.239
-1 21301.5 -542.713
