0 -18508.9 -0.00183348
-0.010101 -17545.6 8.85354
-0.020202 -17541.4 17.7266
-0.030303 -17534.3 27.3892
-0.040404 -17527.2 37.0588
-0.0505051 -17518.5 46.8958
-0.0606061 -17509.7 56.7398
-0.0707071 -17500.3 66.6917
-0.0808081 -17490.9 76.6487
-0.0909091 -17481.5 86.6651
-0.10101 -17472.2 96.6847
-0.111111 -17463.3 106.734
-0.121212 -17454.6 116.786
-0.131313 -17446.5 126.85
-0.141414 -17438.7 136.915
-0.151515 -17431.7 146.982
-0.161616 -17424.9 157.048
-0.171717 -17419.1 167.108
-0.181818 -17413.4 177.164
-0.191919 -17408.7 187.207
-0.20202 -17404.1 197.245
-0.212121 -17400.4 207.261
-0.222222 -17397 217.271
-0.232323 -17394.2 227.254
-0.242424 -17391.7 237.227
-0.252525 -17389.8 247.169
-0.262626 -17388.1 257.099
-0.272727 -17387 266.995
-0.282828 -17386 276.877
-0.292929 -17385.4 286.723
-0.30303 -17385 296.554
-0.313131 -17385 306.346
-0.323232 -17385 316.121
-0.333333 -17385.3 325.859
-0.343434 -17385.8 335.577
-0.353535 -17386.4 345.256
-0.363636 -17387.1 354.915
-0.373737 -17387.9 364.535
-0.383838 -17388.8 374.132
-0.393939 -17389.7 383.691
-0.40404 -17390.8 393.225
-0.414141 -17391.8 402.721
-0.424242 -17392.9 412.189
-0.434343 -17394.1 421.618
-0.444444 -17395.2 431.018
-0.454545 -17396.4 440.38
-0.464646 -17397.6 449.708
-0.474747 -17398.7 458.998
-0.484848 -17399.9 468.252
-0.494949 -17401.1 477.468
-0.505051 -17402.3 486.644
-0.515152 -17403.4 495.781
-0.525253 -17404.6 504.875
-0.535354 -17405.8 513.93
-0.545455 -17406.9 522.937
-0.555556 -17408.1 531.905
-0.565657 -17409.2 540.822
-0.575758 -17410.3 549.699
-0.585859 -17411.5 558.52
-0.59596 -17412.6 567.3
-0.606061 -17413.7 576.019
-0.616162 -17414.9 584.698
-0.626263 -17416 593.311
-0.636364 -17417.1 601.882
-0.646465 -17418.3 610.382
-0.656566 -17419.4 618.84
-0.666667 -17420.5 627.22
-0.676768 -17421.7 635.559
-0.686869 -17422.8 643.812
-0.69697 -17424 652.026
-0.707071 -17425.1 660.146
-0.717172 -17426.3 668.226
-0.727273 -17427.4 676.206
-0.737374 -17428.6 684.146
-0.747475 -17429.7 691.977
-0.757576 -17430.9 699.77
-0.767677 -17432 707.446
-0.777778 -17433.1 715.084
-0.787879 -17434.2 722.596
-0.79798 -17435.2 730.071
-0.808081 -17436.3 737.411
-0.818182 -17437.3 744.718
-0.828283 -17438.3 751.879
-0.838384 -17439.2 759.008
-0.848485 -17440.1 765.983
-0.858586 -17440.9 772.928
-0.868687 -17441.7 779.71
-0.878788 -17442.4 786.466
-0.888889 -17443.1 793.05
-0.89899 -17443.7 799.611
-0.909091 -17444.2 805.992
-0.919192 -17444.7 812.354
-0.929293 -17445 818.532
-0.939394 -17445.4 824.694
-0.949495 -17445.6 830.671
-0.959596 -17445.7 836.636
-0.969697 -17445.8 842.426
-0.979798 -17445.9 848.208
-0.989899 -17445.9 853.856
-1 -17445.9 859.502
