0 15922.5 0.00188056
-0.010101 14794.7 -10.2676
-0.020202 14794.6 -20.5565
-0.030303 14790.9 -31.7183
-0.040404 14787.1 -42.8878
-0.0505051 14781.1 -54.2431
-0.0606061 14774.9 -65.6068
-0.0707071 14767.5 -77.1034
-0.0808081 14760 -88.607
-0.0909091 14752.1 -100.191
-0.10101 14744.1 -111.78
-0.111111 14736.2 -123.416
-0.121212 14728.4 -135.054
-0.131313 14720.9 -146.718
-0.141414 14713.6 -158.384
-0.151515 14706.9 -170.06
-0.161616 14700.4 -181.737
-0.171717 14694.6 -193.414
-0.181818 14688.9 -205.089
-0.191919 14684.1 -216.755
-0.20202 14679.4 -228.416
-0.212121 14675.4 -240.06
-0.222222 14671.7 -251.697
-0.232323 14668.7 -263.309
-0.242424 14665.8 -274.911
-0.252525 14663.6 -286.482
-0.262626 14661.5 -298.041
-0.272727 14660 -309.565
-0.282828 14658.7 -321.074
-0.292929 14657.8 -332.545
-0.30303 14657 -343.998
-0.313131 14656.6 -355.411
-0.323232 14656.3 -366.804
-0.333333 14656.3 -378.156
-0.343434 14656.4 -389.485
-0.353535 14656.7 -400.772
-0.363636 14657.1 -412.034
-0.373737 14657.7 -423.253
-0.383838 14658.3 -434.445
-0.393939 14659.1 -445.593
-0.40404 14659.9 -456.711
-0.414141 14660.7 -467.786
-0.424242 14661.6 -478.828
-0.434343 14662.6 -489.826
-0.444444 14663.6 -500.788
-0.454545 14664.6 -511.705
-0.464646 14665.6 -522.584
-0.474747 14666.6 -533.418
-0.484848 14667.6 -544.209
-0.494949 14668.7 -554.954
-0.505051 14669.7 -565.653
-0.515152 14670.7 -576.306
-0.525253 14671.8 -586.909
-0.535354 14672.8 -597.464
-0.545455 14673.8 -607.965
-0.555556 14674.9 -618.419
-0.565657 14675.9 -628.812
-0.575758 14676.9 -639.158
-0.585859 14677.9 -649.438
-0.59596 14678.9 -659.671
-0.606061 14679.9 -669.832
-0.616162 14680.9 -679.946
-0.626263 14681.9 -689.981
-0.636364 14682.9 -699.969
-0.646465 14683.9 -709.871
-0.656566 14684.9 -719.727
-0.666667 14685.8 -729.489
-0.676768 14686.8 -739.205
-0.686869 14687.8 -748.82
-0.69697 14688.8 -758.389
-0.707071 14689.8 -767.849
-0.717172 14690.7 -777.263
-0.727273 14691.7 -786.56
-0.737374 14692.7 -795.811
-0.747475 14693.6 -804.936
-0.757576 14694.5 -814.017
-0.767677 14695.4 -822.962
-0.777778 14696.3 -831.864
-0.787879 14697.2 -840.62
-0.79798 14698 -849.335
-0.808081 14698.8 -857.894
-0.818182 14699.6 -866.414
-0.828283 14700.4 -874.768
-0.838384 14701.1 -883.085
-0.848485 14701.7 -891.227
-0.858586 14702.3 -899.334
-0.868687 14702.8 -907.256
-0.878788 14703.3 -915.148
-0.888889 14703.7 -922.845
-0.89899 14704.1 -930.515
-0.909091 14704.4 -937.982
-0.919192 14704.7 -945.427
-0.929293 14704.8 -952.664
-0.939394 14704.9 -959.882
-0.949495 14705 -966.892
-0.959596 14705 -973.888
-0.969697 14705 -980.688
-0.979798 14705 -987.479
-0.989899 14705 -994.11
-1 14704.9 -1000.74
