0 -23158.8 -0.00248426
-0.010101 -23386 -1.63473
-0.020202 -23363.7 -3.26336
-0.030303 -23343.4 -4.82833
-0.040404 -23323.2 -6.39269
-0.0505051 -23305.4 -7.94243
-0.0606061 -23287.9 -9.49549
-0.0707071 -23272.9 -11.1006
-0.0808081 -23258.1 -12.7113
-0.0909091 -23245.8 -14.3863
-0.10101 -23233.7 -16.0676
-0.111111 -23224 -17.8061
-0.121212 -23214.6 -19.5509
-0.131313 -23207.2 -21.3425
-0.141414 -23200 -23.1403
-0.151515 -23194.7 -24.9764
-0.161616 -23189.6 -26.8187
-0.171717 -23186 -28.6936
-0.181818 -23182.7 -30.5748
-0.191919 -23180.5 -32.4846
-0.20202 -23178.6 -34.4007
-0.212121 -23177.6 -36.3421
-0.222222 -23176.8 -38.2896
-0.232323 -23176.7 -40.2587
-0.242424 -23176.7 -42.2335
-0.252525 -23177.3 -44.226
-0.262626 -23178 -46.2232
-0.272727 -23179.1 -48.234
-0.282828 -23180.3 -50.2485
-0.292929 -23181.7 -52.2724
-0.30303 -23183.1 -54.2986
-0.313131 -23184.8 -56.3302
-0.323232 -23186.4 -58.3628
-0.333333 -23188.1 -60.3972
-0.343434 -23189.9 -62.431
-0.353535 -23191.6 -64.4637
-0.363636 -23193.4 -66.4943
-0.373737 -23195.1 -68.5211
-0.383838 -23196.9 -70.5444
-0.393939 -23198.6 -72.562
-0.40404 -23200.2 -74.5746
-0.414141 -23201.9 -76.5799
-0.424242 -23203.5 -78.579
-0.434343 -23205 -80.5695
-0.444444 -23206.6 -82.5526
-0.454545 -23208 -84.5262
-0.464646 -23209.5 -86.4912
-0.474747 -23210.9 -88.4462
-0.484848 -23212.3 -90.3915
-0.494949 -23213.7 -92.3263
-0.505051 -23215 -94.2503
-0.515152 -23216.3 -96.1636
-0.525253 -23217.6 -98.0651
-0.535354 -23218.9 -99.9558
-0.545455 -23220.2 -101.834
-0.555556 -23221.4 -103.701
-0.565657 -23222.7 -105.554
-0.575758 -23224 -107.397
-0.585859 -23225.2 -109.224
-0.59596 -23226.5 -111.042
-0.606061 -23227.8 -112.843
-0.616162 -23229.1 -114.634
-0.626263 -23230.4 -116.409
-0.636364 -23231.7 -118.174
-0.646465 -23233.1 -119.922
-0.656566 -23234.5 -121.659
-0.666667 -23235.9 -123.379
-0.676768 -23237.3 -125.09
-0.686869 -23238.8 -126.782
-0.69697 -23240.2 -128.465
-0.707071 -23241.8 -130.13
-0.717172 -23243.3 -131.786
-0.727273 -23244.9 -133.423
-0.737374 -23246.4 -135.053
-0.747475 -23248.1 -136.664
-0.757576 -23249.7 -138.268
-0.767677 -23251.4 -139.853
-0.777778 -23253 -141.432
-0.787879 -23254.7 -142.993
-0.79798 -23256.5 -144.549
-0.808081 -23258.2 -146.087
-0.818182 -23259.9 -147.622
-0.828283 -23261.6 -149.139
-0.838384 -23263.3 -150.654
-0.848485 -23265 -152.153
-0.858586 -23266.6 -153.649
-0.868687 -23268.2 -155.132
-0.878788 -23269.8 -156.613
-0.888889 -23271.3 -158.081
-0.89899 -23272.8 -159.547
-0.909091 -23274.1 -161.002
-0.919192 -23275.5 -162.457
-0.929293 -23276.6 -163.901
-0.939394 -23277.7 -165.345
-0.949495 -23278.6 -166.782
-0.959596 -23279.4 -168.218
-0.969697 -23280 -169.655
-0.979798 -23280.5 -171.091
-0.989899 -23280.7 -172.477
-1 -23280.9 -173.862
