0 -23460.1 -0.00240885
-0.010101 -23218.2 2.53243
-0.020202 -23201.2 5.07701
-0.030303 -23184.4 7.99086
-0.040404 -23167.7 10.908
-0.0505051 -23151.9 13.9046
-0.0606061 -23136.3 16.9018
-0.0707071 -23122.2 19.9083
-0.0808081 -23108.2 22.9131
-0.0909091 -23095.9 25.8987
-0.10101 -23083.9 28.8813
-0.111111 -23073.6 31.8375
-0.121212 -23063.5 34.7901
-0.131313 -23055.1 37.7164
-0.141414 -23047 40.6386
-0.151515 -23040.5 43.5359
-0.161616 -23034.2 46.4285
-0.171717 -23029.3 49.2964
-0.181818 -23024.7 52.1589
-0.191919 -23021.3 54.9962
-0.20202 -23018.1 57.8271
-0.212121 -23015.9 60.6324
-0.222222 -23013.9 63.4305
-0.232323 -23012.7 66.203
-0.242424 -23011.7 68.9676
-0.252525 -23011.3 71.7076
-0.262626 -23011.1 74.4393
-0.272727 -23011.4 77.1479
-0.282828 -23011.8 79.8482
-0.292929 -23012.5 82.5273
-0.30303 -23013.4 85.1983
-0.313131 -23014.4 87.8503
-0.323232 -23015.6 90.4944
-0.333333 -23016.9 93.1217
-0.343434 -23018.3 95.7413
-0.353535 -23019.7 98.3461
-0.363636 -23021.2 100.944
-0.373737 -23022.7 103.528
-0.383838 -23024.3 106.105
-0.393939 -23025.9 108.671
-0.40404 -23027.4 111.229
-0.414141 -23029 113.777
-0.424242 -23030.5 116.317
-0.434343 -23032.1 118.848
-0.444444 -23033.6 121.371
-0.454545 -23035.1 123.885
-0.464646 -23036.6 126.392
-0.474747 -23038 128.889
-0.484848 -23039.4 131.378
-0.494949 -23040.9 133.858
-0.505051 -23042.3 136.33
-0.515152 -23043.6 138.792
-0.525253 -23045 141.245
-0.535354 -23046.4 143.689
-0.545455 -23047.7 146.123
-0.555556 -23049 148.547
-0.565657 -23050.4 150.96
-0.575758 -23051.7 153.364
-0.585859 -23053 155.754
-0.59596 -23054.4 158.135
-0.606061 -23055.7 160.502
-0.616162 -23057.1 162.859
-0.626263 -23058.5 165.199
-0.636364 -23059.8 167.53
-0.646465 -23061.2 169.843
-0.656566 -23062.6 172.145
-0.666667 -23064.1 174.427
-0.676768 -23065.5 176.699
-0.686869 -23067 178.948
-0.69697 -23068.5 181.187
-0.707071 -23070 183.4
-0.717172 -23071.5 185.602
-0.727273 -23073.1 187.776
-0.737374 -23074.6 189.938
-0.747475 -23076.2 192.069
-0.757576 -23077.8 194.188
-0.767677 -23079.4 196.272
-0.777778 -23081 198.344
-0.787879 -23082.6 200.377
-0.79798 -23084.2 202.398
-0.808081 -23085.8 204.376
-0.818182 -23087.4 206.342
-0.828283 -23089 208.26
-0.838384 -23090.5 210.166
-0.848485 -23092 212.02
-0.858586 -23093.5 213.863
-0.868687 -23094.9 215.649
-0.878788 -23096.3 217.425
-0.888889 -23097.6 219.139
-0.89899 -23098.9 220.844
-0.909091 -23100 222.483
-0.919192 -23101.1 224.115
-0.929293 -23102 225.677
-0.939394 -23102.9 227.234
-0.949495 -23103.6 228.719
-0.959596 -23104.2 230.199
-0.969697 -23104.6 231.607
-0.979798 -23105 233.012
-0.989899 -23105.2 234.396
-1 -23105.3 235.78
