0 -8091.6 -0.00100886
-0.010101 -6691.43 12.5587
-0.020202 -6701.28 25.1392
-0.030303 -6706.01 38.6964
-0.040404 -6710.59 52.2622
-0.0505051 -6711.44 66.0343
-0.0606061 -6712.12 79.8177
-0.0707071 -6710.22 93.776
-0.0808081 -6708.16 107.745
-0.0909091 -6704.44 121.834
-0.10101 -6700.61 135.932
-0.111111 -6695.81 150.107
-0.121212 -6690.96 164.289
-0.131313 -6685.67 178.519
-0.141414 -6680.38 192.754
-0.151515 -6675.03 207.019
-0.161616 -6669.72 221.285
-0.171717 -6664.62 235.566
-0.181818 -6659.6 249.848
-0.191919 -6654.95 264.131
-0.20202 -6650.41 278.411
-0.212121 -6646.33 292.682
-0.222222 -6642.38 306.947
-0.232323 -6638.92 321.193
-0.242424 -6635.61 335.429
-0.252525 -6632.77 349.638
-0.262626 -6630.09 363.835
-0.272727 -6627.86 377.997
-0.282828 -6625.78 392.143
-0.292929 -6624.1 406.249
-0.30303 -6622.57 420.336
-0.313131 -6621.38 434.378
-0.323232 -6620.33 448.399
-0.333333 -6619.56 462.371
-0.343434 -6618.91 476.318
-0.353535 -6618.5 490.215
-0.363636 -6618.19 504.083
-0.373737 -6618.06 517.899
-0.383838 -6618.02 531.682
-0.393939 -6618.12 545.413
-0.40404 -6618.29 559.107
-0.414141 -6618.57 572.747
-0.424242 -6618.9 586.347
-0.434343 -6619.3 599.892
-0.444444 -6619.74 613.394
-0.454545 -6620.24 626.839
-0.464646 -6620.76 640.235
-0.474747 -6621.32 653.575
-0.484848 -6621.89 666.863
-0.494949 -6622.48 680.092
-0.505051 -6623.08 693.264
-0.515152 -6623.69 706.378
-0.525253 -6624.31 719.428
-0.535354 -6624.92 732.42
-0.545455 -6625.54 745.343
-0.555556 -6626.15 758.207
-0.565657 -6626.76 770.995
-0.575758 -6627.36 783.724
-0.585859 -6627.96 796.371
-0.59596 -6628.55 808.959
-0.606061 -6629.13 821.457
-0.616162 -6629.7 833.895
-0.626263 -6630.26 846.236
-0.636364 -6630.81 858.518
-0.646465 -6631.35 870.695
-0.656566 -6631.88 882.812
-0.666667 -6632.4 894.815
-0.676768 -6632.9 906.759
-0.686869 -6633.39 918.58
-0.69697 -6633.87 930.343
-0.707071 -6634.32 941.973
-0.717172 -6634.76 953.546
-0.727273 -6635.17 964.975
-0.737374 -6635.57 976.349
-0.747475 -6635.94 987.569
-0.757576 -6636.29 998.735
-0.767677 -6636.59 1009.74
-0.777778 -6636.89 1020.68
-0.787879 -6637.13 1031.46
-0.79798 -6637.35 1042.18
-0.808081 -6637.51 1052.72
-0.818182 -6637.66 1063.2
-0.828283 -6637.74 1073.49
-0.838384 -6637.8 1083.74
-0.848485 -6637.78 1093.78
-0.858586 -6637.75 1103.77
-0.868687 -6637.64 1113.55
-0.878788 -6637.52 1123.29
-0.888889 -6637.32 1132.8
-0.89899 -6637.11 1142.28
-0.909091 -6636.83 1151.52
-0.919192 -6636.55 1160.73
-0.929293 -6636.23 1169.7
-0.939394 -6635.9 1178.65
-0.949495 -6635.57 1187.36
-0.959596 -6635.24 1196.04
-0.969697 -6634.96 1204.51
-0.979798 -6634.69 1212.96
-0.989899 -6634.58 1221.2
-1 -6634.47 1229.44
