0 23209.1 0.00238414
-0.010101 22868.3 -3.40539
-0.020202 22852.7 -6.82414
-0.030303 22836.9 -10.6738
-0.040404 22821.1 -14.5273
-0.0505051 22806.1 -18.4734
-0.0606061 22791.1 -22.4209
-0.0707071 22777.3 -26.391
-0.0808081 22763.7 -30.3604
-0.0909091 22751.6 -34.3207
-0.10101 22739.7 -38.2789
-0.111111 22729.4 -42.2176
-0.121212 22719.3 -46.1535
-0.131313 22710.9 -50.068
-0.141414 22702.7 -53.9789
-0.151515 22696 -57.8682
-0.161616 22689.5 -61.7532
-0.171717 22684.4 -65.6157
-0.181818 22679.6 -69.4729
-0.191919 22675.9 -73.3062
-0.20202 22672.5 -77.1332
-0.212121 22670.1 -80.9349
-0.222222 22667.9 -84.7292
-0.232323 22666.5 -88.4975
-0.242424 22665.2 -92.2576
-0.252525 22664.7 -95.9919
-0.262626 22664.2 -99.7174
-0.272727 22664.3 -103.418
-0.282828 22664.5 -107.109
-0.292929 22665.1 -110.777
-0.30303 22665.8 -114.436
-0.313131 22666.8 -118.073
-0.323232 22667.8 -121.701
-0.333333 22669 -125.309
-0.343434 22670.3 -128.908
-0.353535 22671.6 -132.489
-0.363636 22673 -136.06
-0.373737 22674.5 -139.615
-0.383838 22676 -143.16
-0.393939 22677.5 -146.69
-0.40404 22679 -150.211
-0.414141 22680.5 -153.717
-0.424242 22682.1 -157.213
-0.434343 22683.6 -160.696
-0.444444 22685.1 -164.168
-0.454545 22686.5 -167.626
-0.464646 22688 -171.074
-0.474747 22689.5 -174.509
-0.484848 22690.9 -177.932
-0.494949 22692.3 -181.341
-0.505051 22693.7 -184.738
-0.515152 22695.1 -188.122
-0.525253 22696.4 -191.492
-0.535354 22697.8 -194.849
-0.545455 22699.1 -198.19
-0.555556 22700.4 -201.518
-0.565657 22701.8 -204.828
-0.575758 22703.1 -208.126
-0.585859 22704.4 -211.404
-0.59596 22705.8 -214.669
-0.606061 22707.1 -217.913
-0.616162 22708.5 -221.144
-0.626263 22709.8 -224.351
-0.636364 22711.2 -227.544
-0.646465 22712.6 -230.711
-0.656566 22714 -233.864
-0.666667 22715.4 -236.989
-0.676768 22716.8 -240.099
-0.686869 22718.3 -243.178
-0.69697 22719.8 -246.242
-0.707071 22721.2 -249.271
-0.717172 22722.7 -252.286
-0.727273 22724.3 -255.262
-0.737374 22725.8 -258.223
-0.747475 22727.3 -261.141
-0.757576 22728.9 -264.045
-0.767677 22730.5 -266.901
-0.777778 22732 -269.743
-0.787879 22733.6 -272.533
-0.79798 22735.2 -275.308
-0.808081 22736.7 -278.026
-0.818182 22738.3 -280.73
-0.828283 22739.8 -283.372
-0.838384 22741.3 -286
-0.848485 22742.7 -288.56
-0.858586 22744.2 -291.108
-0.868687 22745.5 -293.583
-0.878788 22746.8 -296.046
-0.888889 22748.1 -298.432
-0.89899 22749.3 -300.807
-0.909091 22750.3 -303.099
-0.919192 22751.4 -305.383
-0.929293 22752.2 -307.581
-0.939394 22753 -309.772
-0.949495 22753.7 -311.875
-0.959596 22754.3 -313.973
-0.969697 22754.7 -315.984
-0.979798 22755 -317.991
-0.989899 22755.2 -319.961
-1 22755.3 -321.931
