0 6546.21 0.000819173
-0.010101 5119.1 -12.7714
-0.020202 5130.58 -25.5642
-0.030303 5136.76 -39.3372
-0.040404 5142.78 -53.1189
-0.0505051 5144.87 -67.1077
-0.0606061 5146.78 -81.108
-0.0707071 5145.9 -95.2885
-0.0808081 5144.87 -109.48
-0.0909091 5141.97 -123.797
-0.10101 5138.94 -138.124
-0.111111 5134.79 -152.533
-0.121212 5130.55 -166.948
-0.131313 5125.74 -181.417
-0.141414 5120.9 -195.89
-0.151515 5115.88 -210.396
-0.161616 5110.88 -224.905
-0.171717 5105.99 -239.43
-0.181818 5101.17 -253.956
-0.191919 5096.63 -268.486
-0.20202 5092.19 -283.014
-0.212121 5088.14 -297.534
-0.222222 5084.22 -312.049
-0.232323 5080.74 -326.545
-0.242424 5077.39 -341.034
-0.252525 5074.5 -355.495
-0.262626 5071.75 -369.944
-0.272727 5069.42 -384.36
-0.282828 5067.25 -398.76
-0.292929 5065.46 -413.12
-0.30303 5063.81 -427.461
-0.313131 5062.5 -441.758
-0.323232 5061.32 -456.032
-0.333333 5060.43 -470.259
-0.343434 5059.66 -484.459
-0.353535 5059.12 -498.609
-0.363636 5058.69 -512.73
-0.373737 5058.44 -526.799
-0.383838 5058.28 -540.834
-0.393939 5058.26 -554.816
-0.40404 5058.32 -568.761
-0.414141 5058.48 -582.651
-0.424242 5058.7 -596.5
-0.434343 5059 -610.293
-0.444444 5059.34 -624.041
-0.454545 5059.74 -637.732
-0.464646 5060.16 -651.374
-0.474747 5060.62 -664.958
-0.484848 5061.11 -678.488
-0.494949 5061.61 -691.96
-0.505051 5062.12 -705.372
-0.515152 5062.65 -718.725
-0.525253 5063.18 -732.014
-0.535354 5063.71 -745.242
-0.545455 5064.24 -758.4
-0.555556 5064.77 -771.498
-0.565657 5065.3 -784.519
-0.575758 5065.82 -797.48
-0.585859 5066.33 -810.357
-0.59596 5066.84 -823.173
-0.606061 5067.33 -835.897
-0.616162 5067.82 -848.561
-0.626263 5068.29 -861.126
-0.636364 5068.76 -873.631
-0.646465 5069.21 -886.028
-0.656566 5069.65 -898.364
-0.666667 5070.07 -910.585
-0.676768 5070.48 -922.745
-0.686869 5070.87 -934.78
-0.69697 5071.24 -946.756
-0.707071 5071.59 -958.596
-0.717172 5071.93 -970.378
-0.727273 5072.24 -982.014
-0.737374 5072.53 -993.594
-0.747475 5072.79 -1005.02
-0.757576 5073.03 -1016.39
-0.767677 5073.22 -1027.59
-0.777778 5073.4 -1038.73
-0.787879 5073.52 -1049.7
-0.79798 5073.63 -1060.62
-0.808081 5073.68 -1071.35
-0.818182 5073.7 -1082.03
-0.828283 5073.66 -1092.51
-0.838384 5073.61 -1102.95
-0.848485 5073.47 -1113.17
-0.858586 5073.33 -1123.35
-0.868687 5073.1 -1133.31
-0.878788 5072.87 -1143.24
-0.888889 5072.57 -1152.93
-0.89899 5072.25 -1162.58
-0.909091 5071.88 -1172
-0.919192 5071.51 -1181.39
-0.929293 5071.1 -1190.54
-0.939394 5070.69 -1199.66
-0.949495 5070.3 -1208.53
-0.959596 5069.91 -1217.39
-0.969697 5069.59 -1226.02
-0.979798 5069.28 -1234.65
-0.989899 5069.15 -1243.06
-1 5069.03 -1251.46
