0 -8091.6 -0.00100886
-0.010101 -6691.43 12.5593
-0.020202 -6701.27 25.1404
-0.030303 -6706.01 38.6981
-0.040404 -6710.59 52.2644
-0.0505051 -6711.43 66.037
-0.0606061 -6712.12 79.8206
-0.0707071 -6710.21 93.7792
-0.0808081 -6708.16 107.748
-0.0909091 -6704.43 121.837
-0.10101 -6700.6 135.935
-0.111111 -6695.81 150.11
-0.121212 -6690.95 164.292
-0.131313 -6685.66 178.522
-0.141414 -6680.37 192.757
-0.151515 -6675.02 207.021
-0.161616 -6669.72 221.288
-0.171717 -6664.61 235.568
-0.181818 -6659.59 249.849
-0.191919 -6654.94 264.132
-0.20202 -6650.4 278.412
-0.212121 -6646.32 292.682
-0.222222 -6642.37 306.946
-0.232323 -6638.91 321.191
-0.242424 -6635.59 335.427
-0.252525 -6632.76 349.635
-0.262626 -6630.08 363.831
-0.272727 -6627.85 377.992
-0.282828 -6625.77 392.137
-0.292929 -6624.09 406.242
-0.30303 -6622.55 420.328
-0.313131 -6621.36 434.37
-0.323232 -6620.31 448.389
-0.333333 -6619.54 462.36
-0.343434 -6618.89 476.306
-0.353535 -6618.48 490.202
-0.363636 -6618.17 504.068
-0.373737 -6618.04 517.883
-0.383838 -6618 531.666
-0.393939 -6618.1 545.395
-0.40404 -6618.27 559.088
-0.414141 -6618.55 572.727
-0.424242 -6618.87 586.326
-0.434343 -6619.28 599.87
-0.444444 -6619.72 613.37
-0.454545 -6620.21 626.814
-0.464646 -6620.74 640.209
-0.474747 -6621.29 653.548
-0.484848 -6621.86 666.834
-0.494949 -6622.46 680.062
-0.505051 -6623.06 693.233
-0.515152 -6623.67 706.346
-0.525253 -6624.28 719.395
-0.535354 -6624.9 732.386
-0.545455 -6625.51 745.307
-0.555556 -6626.13 758.17
-0.565657 -6626.73 770.957
-0.575758 -6627.34 783.685
-0.585859 -6627.93 796.331
-0.59596 -6628.52 808.917
-0.606061 -6629.1 821.414
-0.616162 -6629.67 833.851
-0.626263 -6630.23 846.191
-0.636364 -6630.78 858.472
-0.646465 -6631.32 870.647
-0.656566 -6631.85 882.763
-0.666667 -6632.37 894.766
-0.676768 -6632.87 906.709
-0.686869 -6633.36 918.529
-0.69697 -6633.84 930.291
-0.707071 -6634.29 941.92
-0.717172 -6634.73 953.492
-0.727273 -6635.14 964.92
-0.737374 -6635.54 976.293
-0.747475 -6635.91 987.512
-0.757576 -6636.26 998.677
-0.767677 -6636.56 1009.68
-0.777778 -6636.85 1020.62
-0.787879 -6637.09 1031.4
-0.79798 -6637.32 1042.12
-0.808081 -6637.48 1052.65
-0.818182 -6637.63 1063.14
-0.828283 -6637.7 1073.43
-0.838384 -6637.76 1083.68
-0.848485 -6637.75 1093.71
-0.858586 -6637.72 1103.71
-0.868687 -6637.61 1113.48
-0.878788 -6637.48 1123.22
-0.888889 -6637.28 1132.73
-0.89899 -6637.07 1142.21
-0.909091 -6636.8 1151.45
-0.919192 -6636.52 1160.66
-0.929293 -6636.19 1169.63
-0.939394 -6635.86 1178.58
-0.949495 -6635.53 1187.28
-0.959596 -6635.2 1195.97
-0.969697 -6634.93 1204.43
-0.979798 -6634.66 1212.88
-0.989899 -6634.54 1221.13
-1 -6634.43 1229.37
