0 -23305.1 -0.00239517
-0.010101 -22997.1 3.12004
-0.020202 -22981 6.25303
-0.030303 -22964.8 9.79571
-0.040404 -22948.7 13.342
-0.0505051 -22933.4 16.9753
-0.0606061 -22918.2 20.6097
-0.0707071 -22904.3 24.2611
-0.0808081 -22890.6 27.9114
-0.0909091 -22878.4 31.5481
-0.10101 -22866.4 35.1824
-0.111111 -22856.1 38.7939
-0.121212 -22846 42.4022
-0.131313 -22837.6 45.9866
-0.141414 -22829.4 49.5672
-0.151515 -22822.8 53.1242
-0.161616 -22816.4 56.6768
-0.171717 -22811.4 60.2054
-0.181818 -22806.6 63.7285
-0.191919 -22803 67.2268
-0.20202 -22799.6 70.7186
-0.212121 -22797.3 74.1844
-0.222222 -22795.1 77.6429
-0.232323 -22793.8 81.0751
-0.242424 -22792.6 84.4991
-0.252525 -22792.1 87.8974
-0.262626 -22791.8 91.2869
-0.272727 -22791.9 94.6519
-0.282828 -22792.2 98.008
-0.292929 -22792.8 101.341
-0.30303 -22793.6 104.665
-0.313131 -22794.5 107.969
-0.323232 -22795.6 111.263
-0.333333 -22796.9 114.539
-0.343434 -22798.1 117.806
-0.353535 -22799.5 121.056
-0.363636 -22801 124.297
-0.373737 -22802.5 127.523
-0.383838 -22804 130.74
-0.393939 -22805.5 133.943
-0.40404 -22807 137.137
-0.414141 -22808.6 140.318
-0.424242 -22810.1 143.49
-0.434343 -22811.6 146.65
-0.444444 -22813.1 149.801
-0.454545 -22814.6 152.939
-0.464646 -22816.1 156.068
-0.474747 -22817.5 159.185
-0.484848 -22819 162.291
-0.494949 -22820.4 165.386
-0.505051 -22821.8 168.469
-0.515152 -22823.1 171.541
-0.525253 -22824.5 174.6
-0.535354 -22825.9 177.648
-0.545455 -22827.2 180.681
-0.555556 -22828.5 183.703
-0.565657 -22829.9 186.71
-0.575758 -22831.2 189.705
-0.585859 -22832.5 192.683
-0.59596 -22833.9 195.648
-0.606061 -22835.2 198.595
-0.616162 -22836.6 201.53
-0.626263 -22837.9 204.444
-0.636364 -22839.3 207.345
-0.646465 -22840.7 210.223
-0.656566 -22842.1 213.088
-0.666667 -22843.5 215.927
-0.676768 -22845 218.754
-0.686869 -22846.4 221.552
-0.69697 -22847.9 224.336
-0.707071 -22849.4 227.089
-0.717172 -22850.9 229.828
-0.727273 -22852.4 232.533
-0.737374 -22854 235.223
-0.747475 -22855.5 237.875
-0.757576 -22857.1 240.512
-0.767677 -22858.7 243.107
-0.777778 -22860.3 245.688
-0.787879 -22861.9 248.221
-0.79798 -22863.4 250.74
-0.808081 -22865 253.207
-0.818182 -22866.6 255.661
-0.828283 -22868.1 258.057
-0.838384 -22869.6 260.44
-0.848485 -22871.1 262.76
-0.858586 -22872.5 265.069
-0.868687 -22873.9 267.309
-0.878788 -22875.3 269.539
-0.888889 -22876.5 271.695
-0.89899 -22877.7 273.842
-0.909091 -22878.8 275.912
-0.919192 -22879.9 277.974
-0.929293 -22880.7 279.955
-0.939394 -22881.6 281.929
-0.949495 -22882.2 283.821
-0.959596 -22882.9 285.707
-0.969697 -22883.3 287.511
-0.979798 -22883.6 289.311
-0.989899 -22883.8 291.081
-1 -22883.9 292.85
