0 21251.7 0.00199357
-0.010101 21834.4 4.83267
-0.020202 21810 9.66455
-0.030303 21789.1 14.6492
-0.040404 21768.2 19.6341
-0.0505051 21750.8 24.6285
-0.0606061 21733.5 29.6277
-0.0707071 21719.4 34.7034
-0.0808081 21705.5 39.7865
-0.0909091 21694.4 44.9526
-0.10101 21683.7 50.1267
-0.111111 21675.4 55.3727
-0.121212 21667.4 60.6265
-0.131313 21661.4 65.9388
-0.141414 21655.8 71.2588
-0.151515 21651.8 76.626
-0.161616 21648 82.0005
-0.171717 21645.6 87.4133
-0.181818 21643.4 92.833
-0.191919 21642.3 98.2836
-0.20202 21641.3 103.74
-0.212121 21641.1 109.221
-0.222222 21641 114.707
-0.232323 21641.5 120.211
-0.242424 21642 125.719
-0.252525 21643 131.238
-0.262626 21644 136.76
-0.272727 21645.3 142.288
-0.282828 21646.6 147.816
-0.292929 21648 153.345
-0.30303 21649.5 158.873
-0.313131 21651.1 164.397
-0.323232 21652.6 169.918
-0.333333 21654.2 175.431
-0.343434 21655.7 180.938
-0.353535 21657.3 186.435
-0.363636 21658.8 191.924
-0.373737 21660.3 197.399
-0.383838 21661.8 202.864
-0.393939 21663.2 208.312
-0.40404 21664.7 213.749
-0.414141 21666.1 219.167
-0.424242 21667.4 224.571
-0.434343 21668.7 229.956
-0.444444 21670.1 235.323
-0.454545 21671.3 240.67
-0.464646 21672.6 245.998
-0.474747 21673.8 251.303
-0.484848 21675.1 256.587
-0.494949 21676.3 261.849
-0.505051 21677.5 267.087
-0.515152 21678.7 272.301
-0.525253 21679.8 277.489
-0.535354 21681 282.654
-0.545455 21682.2 287.789
-0.555556 21683.4 292.901
-0.565657 21684.6 297.982
-0.575758 21685.8 303.038
-0.585859 21687 308.061
-0.59596 21688.2 313.059
-0.606061 21689.4 318.021
-0.616162 21690.7 322.959
-0.626263 21691.9 327.858
-0.636364 21693.2 332.734
-0.646465 21694.5 337.567
-0.656566 21695.8 342.378
-0.666667 21697.2 347.143
-0.676768 21698.5 351.886
-0.686869 21699.9 356.582
-0.69697 21701.3 361.256
-0.707071 21702.8 365.881
-0.717172 21704.3 370.484
-0.727273 21705.7 375.034
-0.737374 21707.3 379.565
-0.747475 21708.8 384.041
-0.757576 21710.4 388.497
-0.767677 21712 392.897
-0.777778 21713.6 397.279
-0.787879 21715.2 401.602
-0.79798 21716.8 405.909
-0.808081 21718.5 410.154
-0.818182 21720.1 414.385
-0.828283 21721.8 418.553
-0.838384 21723.5 422.707
-0.848485 21725.1 426.797
-0.858586 21726.7 430.876
-0.868687 21728.3 434.889
-0.878788 21729.9 438.891
-0.888889 21731.4 442.827
-0.89899 21732.9 446.754
-0.909091 21734.3 450.614
-0.919192 21735.6 454.466
-0.929293 21736.8 458.251
-0.939394 21738 462.029
-0.949495 21738.9 465.743
-0.959596 21739.8 469.453
-0.969697 21740.4 473.111
-0.979798 21741 476.767
-0.989899 21741.3 480.308
-1 21741.5 483.847
