0 -20878.6 -0.00235092
-0.010101 -20133.5 6.95935
-0.020202 -20124.7 13.9368
-0.030303 -20114 21.5836
-0.040404 -20103.3 29.2363
-0.0505051 -20091.8 37.0301
-0.0606061 -20080.3 44.8289
-0.0707071 -20068.9 52.7036
-0.0808081 -20057.6 60.5812
-0.0909091 -20046.9 68.4915
-0.10101 -20036.2 76.4029
-0.111111 -20026.6 84.3244
-0.121212 -20017 92.2458
-0.131313 -20008.6 100.166
-0.141414 -20000.4 108.085
-0.151515 -19993.4 115.996
-0.161616 -19986.5 123.904
-0.171717 -19980.8 131.799
-0.181818 -19975.3 139.69
-0.191919 -19970.8 147.562
-0.20202 -19966.6 155.428
-0.212121 -19963.3 163.27
-0.222222 -19960.2 171.105
-0.232323 -19957.9 178.912
-0.242424 -19955.8 186.71
-0.252525 -19954.4 194.477
-0.262626 -19953.2 202.234
-0.272727 -19952.5 209.959
-0.282828 -19951.9 217.671
-0.292929 -19951.8 225.352
-0.30303 -19951.8 233.018
-0.313131 -19952.1 240.653
-0.323232 -19952.6 248.272
-0.333333 -19953.2 255.86
-0.343434 -19954 263.431
-0.353535 -19954.9 270.972
-0.363636 -19955.9 278.495
-0.373737 -19957 285.988
-0.383838 -19958.2 293.462
-0.393939 -19959.4 300.907
-0.40404 -19960.6 308.331
-0.414141 -19961.9 315.726
-0.424242 -19963.2 323.1
-0.434343 -19964.5 330.444
-0.444444 -19965.8 337.765
-0.454545 -19967.2 345.056
-0.464646 -19968.5 352.323
-0.474747 -19969.8 359.56
-0.484848 -19971.1 366.769
-0.494949 -19972.4 373.949
-0.505051 -19973.7 381.099
-0.515152 -19975 388.22
-0.525253 -19976.3 395.307
-0.535354 -19977.5 402.365
-0.545455 -19978.8 409.387
-0.555556 -19980 416.378
-0.565657 -19981.3 423.331
-0.575758 -19982.5 430.252
-0.585859 -19983.8 437.131
-0.59596 -19985 443.979
-0.606061 -19986.3 450.781
-0.616162 -19987.5 457.551
-0.626263 -19988.8 464.27
-0.636364 -19990.1 470.957
-0.646465 -19991.3 477.589
-0.656566 -19992.6 484.19
-0.666667 -19993.9 490.729
-0.676768 -19995.2 497.237
-0.686869 -19996.5 503.678
-0.69697 -19997.8 510.088
-0.707071 -19999.1 516.426
-0.717172 -20000.4 522.732
-0.727273 -20001.8 528.96
-0.737374 -20003.1 535.157
-0.747475 -20004.4 541.268
-0.757576 -20005.8 547.348
-0.767677 -20007.1 553.336
-0.777778 -20008.4 559.294
-0.787879 -20009.7 565.152
-0.79798 -20011 570.981
-0.808081 -20012.3 576.702
-0.818182 -20013.6 582.396
-0.828283 -20014.8 587.973
-0.838384 -20016 593.525
-0.848485 -20017.1 598.952
-0.858586 -20018.2 604.356
-0.868687 -20019.2 609.627
-0.878788 -20020.2 614.877
-0.888889 -20021.1 619.987
-0.89899 -20022 625.079
-0.909091 -20022.7 630.025
-0.919192 -20023.4 634.954
-0.929293 -20024 639.733
-0.939394 -20024.5 644.499
-0.949495 -20024.9 649.113
-0.959596 -20025.3 653.717
-0.969697 -20025.5 658.176
-0.979798 -20025.6 662.628
-0.989899 -20025.7 666.981
-1 -20025.8 671.332
