0 -22848.4 -0.00180779
-0.010101 -22410.2 4.2658
-0.020202 -22396.1 8.54504
-0.030303 -22381.4 13.3143
-0.040404 -22366.6 18.0879
-0.0505051 -22352.3 22.9663
-0.0606061 -22338 27.8469
-0.0707071 -22324.7 32.7628
-0.0808081 -22311.5 37.6788
-0.0909091 -22299.6 42.5957
-0.10101 -22287.9 47.5111
-0.111111 -22277.7 52.4141
-0.121212 -22267.7 57.3148
-0.131313 -22259.2 62.1987
-0.141414 -22250.9 67.0797
-0.151515 -22244.1 71.9422
-0.161616 -22237.5 76.8007
-0.171717 -22232.2 81.6388
-0.181818 -22227.2 86.4718
-0.191919 -22223.3 91.2819
-0.20202 -22219.7 96.0857
-0.212121 -22217 100.864
-0.222222 -22214.6 105.636
-0.232323 -22212.9 110.38
-0.242424 -22211.5 115.117
-0.252525 -22210.7 119.826
-0.262626 -22210.1 124.525
-0.272727 -22210 129.198
-0.282828 -22210.1 133.861
-0.292929 -22210.5 138.499
-0.30303 -22211 143.125
-0.313131 -22211.8 147.728
-0.323232 -22212.7 152.32
-0.333333 -22213.8 156.889
-0.343434 -22215 161.447
-0.353535 -22216.2 165.984
-0.363636 -22217.6 170.509
-0.373737 -22219 175.015
-0.383838 -22220.4 179.508
-0.393939 -22221.8 183.983
-0.40404 -22223.3 188.446
-0.414141 -22224.8 192.891
-0.424242 -22226.2 197.323
-0.434343 -22227.7 201.737
-0.444444 -22229.2 206.138
-0.454545 -22230.6 210.521
-0.464646 -22232.1 214.891
-0.474747 -22233.5 219.243
-0.484848 -22234.9 223.579
-0.494949 -22236.3 227.899
-0.505051 -22237.7 232.201
-0.515152 -22239.1 236.486
-0.525253 -22240.4 240.753
-0.535354 -22241.8 245.003
-0.545455 -22243.1 249.232
-0.555556 -22244.4 253.444
-0.565657 -22245.7 257.633
-0.575758 -22247.1 261.805
-0.585859 -22248.4 265.952
-0.59596 -22249.7 270.081
-0.606061 -22251 274.183
-0.616162 -22252.4 278.267
-0.626263 -22253.7 282.322
-0.636364 -22255.1 286.358
-0.646465 -22256.4 290.361
-0.656566 -22257.8 294.345
-0.666667 -22259.2 298.294
-0.676768 -22260.6 302.223
-0.686869 -22262.1 306.113
-0.69697 -22263.5 309.984
-0.707071 -22265 313.812
-0.717172 -22266.4 317.62
-0.727273 -22267.9 321.38
-0.737374 -22269.4 325.122
-0.747475 -22270.9 328.81
-0.757576 -22272.4 332.479
-0.767677 -22274 336.091
-0.777778 -22275.5 339.684
-0.787879 -22277 343.213
-0.79798 -22278.5 346.725
-0.808081 -22280 350.166
-0.818182 -22281.5 353.591
-0.828283 -22283 356.94
-0.838384 -22284.4 360.272
-0.848485 -22285.8 363.524
-0.858586 -22287.2 366.759
-0.868687 -22288.4 369.908
-0.878788 -22289.7 373.042
-0.888889 -22290.8 376.083
-0.89899 -22292 379.112
-0.909091 -22293 382.043
-0.919192 -22293.9 384.964
-0.929293 -22294.7 387.782
-0.939394 -22295.5 390.592
-0.949495 -22296.1 393.299
-0.959596 -22296.6 395.999
-0.969697 -22297 398.598
-0.979798 -22297.3 401.192
-0.989899 -22297.4 403.736
-1 -22297.5 406.278
