0 22468.5 0.00161631
-0.010101 22860.1 3.10472
-0.020202 22836.4 6.20728
-0.030303 22815.3 9.3586
-0.040404 22794.4 12.5103
-0.0505051 22776.4 15.6708
-0.0606061 22758.5 18.8359
-0.0707071 22743.6 22.0735
-0.0808081 22728.9 25.3179
-0.0909091 22716.9 28.6408
-0.10101 22705.2 31.9711
-0.111111 22695.9 35.3677
-0.121212 22686.9 38.7715
-0.131313 22680 42.2277
-0.141414 22673.5 45.6907
-0.151515 22668.7 49.1954
-0.161616 22664.2 52.7066
-0.171717 22661.1 56.2521
-0.181818 22658.3 59.8039
-0.191919 22656.7 63.3845
-0.20202 22655.2 66.9712
-0.212121 22654.7 70.5819
-0.222222 22654.3 74.1981
-0.232323 22654.6 77.8337
-0.242424 22655.1 81.4739
-0.252525 22656 85.1285
-0.262626 22657 88.7865
-0.272727 22658.4 92.454
-0.282828 22659.8 96.1233
-0.292929 22661.4 99.7973
-0.30303 22663.1 103.471
-0.313131 22664.9 107.146
-0.323232 22666.7 110.818
-0.333333 22668.5 114.487
-0.343434 22670.3 118.152
-0.353535 22672.2 121.81
-0.363636 22674 125.463
-0.373737 22675.7 129.106
-0.383838 22677.5 132.741
-0.393939 22679.2 136.365
-0.40404 22680.9 139.979
-0.414141 22682.5 143.58
-0.424242 22684.1 147.169
-0.434343 22685.6 150.744
-0.444444 22687.1 154.306
-0.454545 22688.5 157.852
-0.464646 22690 161.383
-0.474747 22691.3 164.898
-0.484848 22692.7 168.397
-0.494949 22694 171.879
-0.505051 22695.3 175.343
-0.515152 22696.5 178.789
-0.525253 22697.8 182.217
-0.535354 22699 185.626
-0.545455 22700.2 189.015
-0.555556 22701.4 192.386
-0.565657 22702.6 195.734
-0.575758 22703.8 199.065
-0.585859 22705 202.371
-0.59596 22706.3 205.66
-0.606061 22707.5 208.922
-0.616162 22708.7 212.167
-0.626263 22710 215.385
-0.636364 22711.3 218.585
-0.646465 22712.6 221.756
-0.656566 22713.9 224.91
-0.666667 22715.3 228.032
-0.676768 22716.7 231.139
-0.686869 22718.1 234.213
-0.69697 22719.5 237.271
-0.707071 22721 240.294
-0.717172 22722.5 243.303
-0.727273 22724.1 246.276
-0.737374 22725.6 249.235
-0.747475 22727.2 252.157
-0.757576 22728.8 255.065
-0.767677 22730.5 257.936
-0.777778 22732.1 260.795
-0.787879 22733.8 263.615
-0.79798 22735.5 266.423
-0.808081 22737.2 269.193
-0.818182 22739 271.953
-0.828283 22740.7 274.673
-0.838384 22742.4 277.385
-0.848485 22744.1 280.057
-0.858586 22745.8 282.722
-0.868687 22747.4 285.347
-0.878788 22749 287.966
-0.888889 22750.6 290.546
-0.89899 22752.1 293.12
-0.909091 22753.5 295.655
-0.919192 22754.8 298.186
-0.929293 22756 300.68
-0.939394 22757.2 303.169
-0.949495 22758.1 305.624
-0.959596 22759 308.076
-0.969697 22759.6 310.502
-0.979798 22760.1 312.926
-0.989899 22760.4 315.276
-1 22760.6 317.625
