0 -23628.4 -0.00143149
-0.010101 -23587.4 0.75604
-0.020202 -23567.8 1.51975
-0.030303 -23549.3 2.52418
-0.040404 -23530.8 3.53078
-0.0505051 -23514 4.58956
-0.0606061 -23497.3 5.64723
-0.0707071 -23482.6 6.68765
-0.0808081 -23468.1 7.7247
-0.0909091 -23455.7 8.72278
-0.10101 -23443.5 9.71641
-0.111111 -23433.3 10.67
-0.121212 -23423.4 11.6187
-0.131313 -23415.3 12.5321
-0.141414 -23407.5 13.4405
-0.151515 -23401.4 14.3179
-0.161616 -23395.6 15.1899
-0.171717 -23391.2 16.0336
-0.181818 -23387.1 16.8714
-0.191919 -23384.2 17.6823
-0.20202 -23381.5 18.4868
-0.212121 -23379.8 19.2657
-0.222222 -23378.3 20.0377
-0.232323 -23377.6 20.7856
-0.242424 -23377 21.5266
-0.252525 -23377 22.2456
-0.262626 -23377.2 22.9579
-0.272727 -23377.8 23.6509
-0.282828 -23378.6 24.3376
-0.292929 -23379.6 25.008
-0.30303 -23380.7 25.6727
-0.313131 -23382.1 26.3241
-0.323232 -23383.5 26.9706
-0.333333 -23385 27.6065
-0.343434 -23386.5 28.2383
-0.353535 -23388.1 28.8621
-0.363636 -23389.7 29.4825
-0.373737 -23391.4 30.097
-0.383838 -23393 30.7089
-0.393939 -23394.7 31.3165
-0.40404 -23396.3 31.9222
-0.414141 -23397.9 32.5248
-0.424242 -23399.5 33.1261
-0.434343 -23401.1 33.7254
-0.444444 -23402.6 34.3236
-0.454545 -23404.1 34.9206
-0.464646 -23405.6 35.5169
-0.474747 -23407.1 36.1123
-0.484848 -23408.5 36.7072
-0.494949 -23409.9 37.3015
-0.505051 -23411.3 37.8954
-0.515152 -23412.7 38.4888
-0.525253 -23414 39.0818
-0.535354 -23415.4 39.6743
-0.545455 -23416.7 40.2663
-0.555556 -23418 40.8577
-0.565657 -23419.3 41.4483
-0.575758 -23420.7 42.0383
-0.585859 -23422 42.6271
-0.59596 -23423.3 43.215
-0.606061 -23424.7 43.8013
-0.616162 -23426 44.3865
-0.626263 -23427.4 44.9695
-0.636364 -23428.8 45.5511
-0.646465 -23430.2 46.1298
-0.656566 -23431.6 46.7067
-0.666667 -23433 47.2798
-0.676768 -23434.5 47.8508
-0.686869 -23435.9 48.4167
-0.69697 -23437.4 48.9803
-0.707071 -23439 49.5373
-0.717172 -23440.5 50.0916
-0.727273 -23442.1 50.6377
-0.737374 -23443.7 51.1806
-0.747475 -23445.3 51.7134
-0.757576 -23446.9 52.2426
-0.767677 -23448.6 52.7593
-0.777778 -23450.2 53.2721
-0.787879 -23451.9 53.7698
-0.79798 -23453.6 54.2632
-0.808081 -23455.3 54.7387
-0.818182 -23456.9 55.2096
-0.828283 -23458.6 55.6595
-0.838384 -23460.2 56.1048
-0.848485 -23461.8 56.5258
-0.858586 -23463.4 56.9422
-0.868687 -23464.9 57.331
-0.878788 -23466.4 57.7154
-0.888889 -23467.8 58.0691
-0.89899 -23469.2 58.4187
-0.909091 -23470.4 58.7348
-0.919192 -23471.6 59.0473
-0.929293 -23472.6 59.3238
-0.939394 -23473.6 59.5972
-0.949495 -23474.4 59.8323
-0.959596 -23475.1 60.065
-0.969697 -23475.6 60.2558
-0.979798 -23476.1 60.4448
-0.989899 -23476.3 60.6443
-1 -23476.4 60.8439
