0 4715.26 0.000615796
-0.010101 6138.85 12.5571
-0.020202 6117.85 25.1306
-0.030303 6102.71 38.5794
-0.040404 6087.77 52.0359
-0.0505051 6077.6 65.6765
-0.0606061 6067.67 79.3291
-0.0707071 6061.51 93.172
-0.0808081 6055.6 107.028
-0.0909091 6052.56 121.029
-0.10101 6049.76 135.041
-0.111111 6049.08 149.156
-0.121212 6048.6 163.28
-0.131313 6049.61 177.474
-0.141414 6050.78 191.676
-0.151515 6052.92 205.925
-0.161616 6055.18 220.179
-0.171717 6058.02 234.464
-0.181818 6060.92 248.752
-0.191919 6064.11 263.057
-0.20202 6067.31 277.362
-0.212121 6070.58 291.672
-0.222222 6073.84 305.98
-0.232323 6077.01 320.281
-0.242424 6080.13 334.577
-0.252525 6083.08 348.856
-0.262626 6085.95 363.126
-0.272727 6088.6 377.371
-0.282828 6091.15 391.603
-0.292929 6093.46 405.803
-0.30303 6095.66 419.986
-0.313131 6097.63 434.13
-0.323232 6099.48 448.254
-0.333333 6101.11 462.335
-0.343434 6102.63 476.391
-0.353535 6103.95 490.401
-0.363636 6105.17 504.382
-0.373737 6106.21 518.313
-0.383838 6107.16 532.212
-0.393939 6107.97 546.058
-0.40404 6108.69 559.868
-0.414141 6109.3 573.624
-0.424242 6109.84 587.339
-0.434343 6110.29 600.998
-0.444444 6110.69 614.613
-0.454545 6111.01 628.17
-0.464646 6111.29 641.678
-0.474747 6111.53 655.128
-0.484848 6111.73 668.523
-0.494949 6111.9 681.859
-0.505051 6112.04 695.136
-0.515152 6112.17 708.353
-0.525253 6112.29 721.505
-0.535354 6112.39 734.597
-0.545455 6112.49 747.617
-0.555556 6112.59 760.577
-0.565657 6112.7 773.46
-0.575758 6112.8 786.281
-0.585859 6112.92 799.018
-0.59596 6113.05 811.695
-0.606061 6113.19 824.28
-0.616162 6113.35 836.804
-0.626263 6113.52 849.228
-0.636364 6113.71 861.592
-0.646465 6113.93 873.849
-0.656566 6114.16 886.046
-0.666667 6114.43 898.127
-0.676768 6114.71 910.148
-0.686869 6115.03 922.045
-0.69697 6115.37 933.883
-0.707071 6115.75 945.588
-0.717172 6116.15 957.234
-0.727273 6116.59 968.738
-0.737374 6117.06 980.185
-0.747475 6117.58 991.479
-0.757576 6118.12 1002.72
-0.767677 6118.71 1013.8
-0.777778 6119.33 1024.82
-0.787879 6120 1035.67
-0.79798 6120.7 1046.48
-0.808081 6121.45 1057.09
-0.818182 6122.23 1067.67
-0.828283 6123.06 1078.05
-0.838384 6123.9 1088.38
-0.848485 6124.8 1098.52
-0.858586 6125.71 1108.61
-0.868687 6126.66 1118.5
-0.878788 6127.62 1128.34
-0.888889 6128.59 1137.97
-0.89899 6129.57 1147.57
-0.909091 6130.53 1156.94
-0.919192 6131.49 1166.28
-0.929293 6132.39 1175.39
-0.939394 6133.28 1184.48
-0.949495 6134.05 1193.34
-0.959596 6134.81 1202.19
-0.969697 6135.36 1210.82
-0.979798 6135.9 1219.45
-0.989899 6136.11 1227.85
-1 6136.31 1236.26
