0 8598.58 0.0010709
-0.010101 7208.87 -12.4736
-0.020202 7218.16 -24.9691
-0.030303 7222.41 -38.4392
-0.040404 7226.5 -51.9179
-0.0505051 7226.93 -65.6026
-0.0606061 7227.21 -79.2984
-0.0707071 7224.96 -93.1675
-0.0808081 7222.58 -107.047
-0.0909091 7218.58 -121.045
-0.10101 7214.48 -135.051
-0.111111 7209.48 -149.133
-0.121212 7204.43 -163.222
-0.131313 7198.99 -177.358
-0.141414 7193.55 -191.499
-0.151515 7188.1 -205.668
-0.161616 7182.69 -219.839
-0.171717 7177.53 -234.024
-0.181818 7172.45 -248.209
-0.191919 7167.76 -262.395
-0.20202 7163.2 -276.578
-0.212121 7159.11 -290.751
-0.222222 7155.15 -304.919
-0.232323 7151.7 -319.066
-0.242424 7148.4 -333.205
-0.252525 7145.59 -347.315
-0.262626 7142.94 -361.414
-0.272727 7140.74 -375.477
-0.282828 7138.7 -389.525
-0.292929 7137.06 -403.532
-0.30303 7135.57 -417.52
-0.313131 7134.42 -431.464
-0.323232 7133.41 -445.386
-0.333333 7132.68 -459.26
-0.343434 7132.08 -473.109
-0.353535 7131.71 -486.908
-0.363636 7131.44 -500.679
-0.373737 7131.35 -514.397
-0.383838 7131.35 -528.084
-0.393939 7131.49 -541.718
-0.40404 7131.7 -555.316
-0.414141 7132.01 -568.86
-0.424242 7132.38 -582.364
-0.434343 7132.82 -595.814
-0.444444 7133.29 -609.22
-0.454545 7133.82 -622.571
-0.464646 7134.38 -635.873
-0.474747 7134.96 -649.12
-0.484848 7135.57 -662.314
-0.494949 7136.19 -675.451
-0.505051 7136.82 -688.531
-0.515152 7137.46 -701.553
-0.525253 7138.1 -714.512
-0.535354 7138.74 -727.413
-0.545455 7139.39 -740.246
-0.555556 7140.03 -753.02
-0.565657 7140.66 -765.719
-0.575758 7141.29 -778.36
-0.585859 7141.92 -790.919
-0.59596 7142.53 -803.419
-0.606061 7143.14 -815.83
-0.616162 7143.74 -828.183
-0.626263 7144.33 -840.439
-0.636364 7144.91 -852.635
-0.646465 7145.48 -864.728
-0.656566 7146.04 -876.761
-0.666667 7146.59 -888.682
-0.676768 7147.12 -900.544
-0.686869 7147.64 -912.283
-0.69697 7148.15 -923.965
-0.707071 7148.64 -935.515
-0.717172 7149.11 -947.008
-0.727273 7149.56 -958.359
-0.737374 7149.99 -969.654
-0.747475 7150.39 -980.797
-0.757576 7150.78 -991.886
-0.767677 7151.13 -1002.81
-0.777778 7151.46 -1013.68
-0.787879 7151.73 -1024.38
-0.79798 7152 -1035.03
-0.808081 7152.2 -1045.49
-0.818182 7152.39 -1055.91
-0.828283 7152.5 -1066.13
-0.838384 7152.6 -1076.3
-0.848485 7152.62 -1086.27
-0.858586 7152.63 -1096.2
-0.868687 7152.56 -1105.9
-0.878788 7152.47 -1115.58
-0.888889 7152.31 -1125.02
-0.89899 7152.14 -1134.43
-0.909091 7151.89 -1143.61
-0.919192 7151.64 -1152.75
-0.929293 7151.35 -1161.66
-0.939394 7151.04 -1170.54
-0.949495 7150.74 -1179.18
-0.959596 7150.43 -1187.81
-0.969697 7150.17 -1196.21
-0.979798 7149.91 -1204.6
-0.989899 7149.8 -1212.78
-1 7149.69 -1220.96
