0 23613 0.00194279
-0.010101 23605.6 -0.455114
-0.020202 23585.6 -0.918444
-0.030303 23566.9 -1.60094
-0.040404 23548.2 -2.28542
-0.0505051 23531.2 -3.0177
-0.0606061 23514.4 -3.7486
-0.0707071 23499.6 -4.45804
-0.0808081 23485.1 -5.16382
-0.0909091 23472.6 -5.82754
-0.10101 23460.4 -6.48657
-0.111111 23450.3 -7.10343
-0.121212 23440.4 -7.71528
-0.131313 23432.4 -8.29038
-0.141414 23424.7 -8.8603
-0.151515 23418.7 -9.39839
-0.161616 23412.9 -9.93099
-0.171717 23408.6 -10.4348
-0.181818 23404.6 -10.9326
-0.191919 23401.7 -11.4034
-0.20202 23399.2 -11.8678
-0.212121 23397.5 -12.3066
-0.222222 23396.1 -12.7387
-0.232323 23395.5 -13.147
-0.242424 23395 -13.5485
-0.252525 23395.1 -13.9286
-0.262626 23395.4 -14.3023
-0.272727 23396 -14.6574
-0.282828 23396.8 -15.0065
-0.292929 23397.9 -15.3402
-0.30303 23399.1 -15.6687
-0.313131 23400.4 -15.9848
-0.323232 23401.9 -16.2966
-0.333333 23403.4 -16.5989
-0.343434 23405 -16.8977
-0.353535 23406.6 -17.1897
-0.363636 23408.2 -17.479
-0.373737 23409.9 -17.7636
-0.383838 23411.6 -18.0463
-0.393939 23413.2 -18.3261
-0.40404 23414.9 -18.6048
-0.414141 23416.5 -18.8819
-0.424242 23418.1 -19.1585
-0.434343 23419.6 -19.4345
-0.444444 23421.2 -19.7105
-0.454545 23422.7 -19.9867
-0.464646 23424.2 -20.2632
-0.474747 23425.6 -20.5404
-0.484848 23427.1 -20.8183
-0.494949 23428.5 -21.0971
-0.505051 23429.9 -21.3768
-0.515152 23431.2 -21.6575
-0.525253 23432.6 -21.9393
-0.535354 23433.9 -22.2221
-0.545455 23435.2 -22.506
-0.555556 23436.6 -22.7908
-0.565657 23437.9 -23.0766
-0.575758 23439.2 -23.3633
-0.585859 23440.5 -23.6507
-0.59596 23441.8 -23.9388
-0.606061 23443.2 -24.2274
-0.616162 23444.5 -24.5164
-0.626263 23445.9 -24.8055
-0.636364 23447.3 -25.0947
-0.646465 23448.7 -25.3834
-0.656566 23450.1 -25.672
-0.666667 23451.5 -25.9593
-0.676768 23453 -26.246
-0.686869 23454.4 -26.5307
-0.69697 23455.9 -26.8143
-0.707071 23457.5 -27.0947
-0.717172 23459 -27.3736
-0.727273 23460.6 -27.6478
-0.737374 23462.2 -27.9202
-0.747475 23463.8 -28.186
-0.757576 23465.4 -28.4496
-0.767677 23467.1 -28.7047
-0.777778 23468.8 -28.957
-0.787879 23470.4 -29.1985
-0.79798 23472.1 -29.4368
-0.808081 23473.8 -29.6617
-0.818182 23475.5 -29.8831
-0.828283 23477.1 -30.0881
-0.838384 23478.8 -30.2896
-0.848485 23480.4 -30.4716
-0.858586 23482 -30.65
-0.868687 23483.5 -30.8061
-0.878788 23485 -30.9585
-0.888889 23486.4 -31.0856
-0.89899 23487.8 -31.2093
-0.909091 23489.1 -31.3052
-0.919192 23490.3 -31.3979
-0.929293 23491.3 -31.4604
-0.939394 23492.3 -31.5203
-0.949495 23493.1 -31.5477
-0.959596 23493.9 -31.5729
-0.969697 23494.4 -31.5616
-0.979798 23494.9 -31.5489
-0.989899 23495 -31.5509
-1 23495.2 -31.5532
