0 -18682.7 -0.00190847
-0.010101 -19528.5 -7.19645
-0.020202 -19502.5 -14.3968
-0.030303 -19480.9 -21.9732
-0.040404 -19459.4 -29.5528
-0.0505051 -19441.9 -37.2108
-0.0606061 -19424.7 -44.877
-0.0707071 -19411.1 -52.6717
-0.0808081 -19397.7 -60.4765
-0.0909091 -19387.6 -68.3971
-0.10101 -19377.7 -76.3277
-0.111111 -19370.5 -84.3481
-0.121212 -19363.5 -92.3777
-0.131313 -19358.8 -100.474
-0.141414 -19354.3 -108.578
-0.151515 -19351.5 -116.733
-0.161616 -19349 -124.894
-0.171717 -19347.8 -133.094
-0.181818 -19346.8 -141.299
-0.191919 -19346.8 -149.533
-0.20202 -19347 -157.772
-0.212121 -19347.9 -166.031
-0.222222 -19348.9 -174.293
-0.232323 -19350.3 -182.567
-0.242424 -19351.9 -190.843
-0.252525 -19353.7 -199.123
-0.262626 -19355.6 -207.403
-0.272727 -19357.6 -215.68
-0.282828 -19359.7 -223.953
-0.292929 -19361.8 -232.218
-0.30303 -19363.9 -240.476
-0.313131 -19366 -248.72
-0.323232 -19368 -256.955
-0.333333 -19370 -265.17
-0.343434 -19372 -273.373
-0.353535 -19373.9 -281.552
-0.363636 -19375.7 -289.717
-0.373737 -19377.4 -297.854
-0.383838 -19379.1 -305.974
-0.393939 -19380.7 -314.065
-0.40404 -19382.3 -322.134
-0.414141 -19383.7 -330.172
-0.424242 -19385.1 -338.187
-0.434343 -19386.4 -346.168
-0.444444 -19387.7 -354.123
-0.454545 -19388.9 -362.043
-0.464646 -19390.1 -369.934
-0.474747 -19391.2 -377.789
-0.484848 -19392.3 -385.612
-0.494949 -19393.3 -393.398
-0.505051 -19394.3 -401.149
-0.515152 -19395.3 -408.863
-0.525253 -19396.3 -416.537
-0.535354 -19397.3 -424.175
-0.545455 -19398.2 -431.769
-0.555556 -19399.2 -439.326
-0.565657 -19400.1 -446.837
-0.575758 -19401 -454.311
-0.585859 -19402 -461.733
-0.59596 -19403 -469.119
-0.606061 -19404 -476.45
-0.616162 -19404.9 -483.744
-0.626263 -19406 -490.979
-0.636364 -19407 -498.178
-0.646465 -19408.1 -505.312
-0.656566 -19409.2 -512.411
-0.666667 -19410.3 -519.442
-0.676768 -19411.4 -526.437
-0.686869 -19412.6 -533.359
-0.69697 -19413.8 -540.247
-0.707071 -19415.1 -547.057
-0.717172 -19416.4 -553.834
-0.727273 -19417.7 -560.528
-0.737374 -19419 -567.19
-0.747475 -19420.4 -573.764
-0.757576 -19421.8 -580.308
-0.767677 -19423.3 -586.761
-0.777778 -19424.8 -593.184
-0.787879 -19426.3 -599.51
-0.79798 -19427.9 -605.81
-0.808081 -19429.5 -612.009
-0.818182 -19431 -618.182
-0.828283 -19432.6 -624.252
-0.838384 -19434.3 -630.298
-0.848485 -19435.9 -636.235
-0.858586 -19437.5 -642.153
-0.868687 -19439.1 -647.958
-0.878788 -19440.7 -653.745
-0.888889 -19442.2 -659.417
-0.89899 -19443.7 -665.073
-0.909091 -19445.1 -670.612
-0.919192 -19446.5 -676.138
-0.929293 -19447.8 -681.546
-0.939394 -19449 -686.943
-0.949495 -19450 -692.224
-0.959596 -19450.9 -697.498
-0.969697 -19451.6 -702.67
-0.979798 -19452.2 -707.838
-0.989899 -19452.5 -712.864
-1 -19452.7 -717.888
