0 -1754.17 -0.000249989
-0.010101 -287.089 13.0506
-0.020202 -303.114 26.1211
-0.030303 -313.437 40.1536
-0.040404 -323.577 54.1944
-0.0505051 -329.3 68.4376
-0.0606061 -334.812 82.6929
-0.0707071 -337.022 97.1374
-0.0808081 -339.027 111.594
-0.0909091 -338.667 126.188
-0.10101 -338.129 140.793
-0.111111 -335.99 155.49
-0.121212 -333.715 170.196
-0.131313 -330.443 184.963
-0.141414 -327.085 199.736
-0.151515 -323.191 214.549
-0.161616 -319.26 229.366
-0.171717 -315.134 244.206
-0.181818 -311.017 259.047
-0.191919 -306.943 273.898
-0.20202 -302.92 288.748
-0.212121 -299.096 303.594
-0.222222 -295.354 318.437
-0.232323 -291.905 333.266
-0.242424 -288.562 348.087
-0.252525 -285.556 362.885
-0.262626 -282.672 377.673
-0.272727 -280.135 392.428
-0.282828 -277.728 407.169
-0.292929 -275.654 421.872
-0.30303 -273.711 436.556
-0.313131 -272.072 451.198
-0.323232 -270.559 465.816
-0.333333 -269.314 480.388
-0.343434 -268.186 494.934
-0.353535 -267.285 509.429
-0.363636 -266.49 523.894
-0.373737 -265.881 538.307
-0.383838 -265.364 552.685
-0.393939 -264.997 567.009
-0.40404 -264.707 581.296
-0.414141 -264.532 595.526
-0.424242 -264.421 609.714
-0.434343 -264.396 623.844
-0.444444 -264.421 637.928
-0.454545 -264.508 651.954
-0.464646 -264.632 665.929
-0.474747 -264.799 679.844
-0.484848 -264.991 693.703
-0.494949 -265.21 707.502
-0.505051 -265.446 721.24
-0.515152 -265.696 734.916
-0.525253 -265.955 748.526
-0.535354 -266.22 762.075
-0.545455 -266.486 775.55
-0.555556 -266.752 788.964
-0.565657 -267.013 802.298
-0.575758 -267.27 815.569
-0.585859 -267.517 828.754
-0.59596 -267.757 841.877
-0.606061 -267.983 854.905
-0.616162 -268.2 867.871
-0.626263 -268.399 880.736
-0.636364 -268.587 893.537
-0.646465 -268.753 906.229
-0.656566 -268.908 918.858
-0.666667 -269.037 931.368
-0.676768 -269.152 943.816
-0.686869 -269.238 956.136
-0.69697 -269.31 968.395
-0.707071 -269.347 980.515
-0.717172 -269.369 992.576
-0.727273 -269.35 1004.49
-0.737374 -269.315 1016.34
-0.747475 -269.234 1028.04
-0.757576 -269.136 1039.67
-0.767677 -268.985 1051.14
-0.777778 -268.818 1062.56
-0.787879 -268.59 1073.79
-0.79798 -268.346 1084.97
-0.808081 -268.037 1095.96
-0.818182 -267.712 1106.9
-0.828283 -267.319 1117.63
-0.838384 -266.912 1128.32
-0.848485 -266.436 1138.8
-0.858586 -265.947 1149.24
-0.868687 -265.397 1159.45
-0.878788 -264.836 1169.62
-0.888889 -264.226 1179.56
-0.89899 -263.609 1189.47
-0.909091 -262.966 1199.13
-0.919192 -262.32 1208.77
-0.929293 -261.685 1218.16
-0.939394 -261.051 1227.53
-0.949495 -260.481 1236.66
-0.959596 -259.915 1245.76
-0.969697 -259.488 1254.64
-0.979798 -259.066 1263.51
-0.989899 -258.897 1272.16
-1 -258.732 1280.8
