0 -23350.1 -0.00239869
-0.010101 -23510.7 -1.04077
-0.020202 -23488.9 -2.0747
-0.030303 -23469 -2.99997
-0.040404 -23449.2 -3.92422
-0.0505051 -23431.6 -4.82401
-0.0606061 -23414.2 -5.72654
-0.0707071 -23399.3 -6.67223
-0.0808081 -23384.5 -7.62294
-0.0909091 -23372.1 -8.63148
-0.10101 -23360 -9.64589
-0.111111 -23350.1 -10.7131
-0.121212 -23340.5 -11.7863
-0.131313 -23333 -12.9032
-0.141414 -23325.6 -14.0261
-0.151515 -23320.1 -15.1853
-0.161616 -23314.8 -16.3505
-0.171717 -23311 -17.5471
-0.181818 -23307.4 -18.7499
-0.191919 -23305.1 -19.9808
-0.20202 -23302.9 -21.2181
-0.212121 -23301.8 -22.4806
-0.222222 -23300.8 -23.7494
-0.232323 -23300.5 -25.0404
-0.242424 -23300.4 -26.3373
-0.252525 -23300.9 -27.653
-0.262626 -23301.5 -28.9739
-0.272727 -23302.4 -30.3098
-0.282828 -23303.5 -31.6499
-0.292929 -23304.8 -33.0012
-0.30303 -23306.2 -34.3556
-0.313131 -23307.8 -35.7174
-0.323232 -23309.4 -37.0811
-0.333333 -23311 -38.4488
-0.343434 -23312.7 -39.817
-0.353535 -23314.5 -41.1864
-0.363636 -23316.2 -42.555
-0.373737 -23317.9 -43.9223
-0.383838 -23319.6 -45.2876
-0.393939 -23321.3 -46.6496
-0.40404 -23323 -48.0084
-0.414141 -23324.6 -49.3625
-0.424242 -23326.2 -50.7122
-0.434343 -23327.8 -52.0559
-0.444444 -23329.3 -53.3944
-0.454545 -23330.8 -54.7261
-0.464646 -23332.3 -56.0515
-0.474747 -23333.7 -57.3695
-0.484848 -23335.1 -58.6804
-0.494949 -23336.5 -59.9836
-0.505051 -23337.9 -61.2788
-0.515152 -23339.2 -62.5661
-0.525253 -23340.5 -63.8447
-0.535354 -23341.8 -65.1152
-0.545455 -23343.1 -66.3763
-0.555556 -23344.4 -67.6294
-0.565657 -23345.7 -68.8724
-0.575758 -23347 -70.1074
-0.585859 -23348.2 -71.3318
-0.59596 -23349.5 -72.5484
-0.606061 -23350.8 -73.7537
-0.616162 -23352.2 -74.9515
-0.626263 -23353.5 -76.1375
-0.636364 -23354.8 -77.3163
-0.646465 -23356.2 -78.4829
-0.656566 -23357.6 -79.6426
-0.666667 -23359 -80.7899
-0.676768 -23360.5 -81.9307
-0.686869 -23361.9 -83.0589
-0.69697 -23363.4 -84.1812
-0.707071 -23364.9 -85.2908
-0.717172 -23366.5 -86.3951
-0.727273 -23368.1 -87.4871
-0.737374 -23369.7 -88.5742
-0.747475 -23371.3 -89.6496
-0.757576 -23372.9 -90.7209
-0.767677 -23374.6 -91.7811
-0.777778 -23376.3 -92.8379
-0.787879 -23378 -93.8848
-0.79798 -23379.7 -94.9288
-0.808081 -23381.4 -95.9644
-0.818182 -23383.1 -96.9978
-0.828283 -23384.8 -98.0242
-0.838384 -23386.5 -99.0492
-0.848485 -23388.1 -100.069
-0.858586 -23389.8 -101.088
-0.868687 -23391.4 -102.103
-0.878788 -23392.9 -103.118
-0.888889 -23394.4 -104.131
-0.89899 -23395.9 -105.143
-0.909091 -23397.2 -106.156
-0.919192 -23398.5 -107.169
-0.929293 -23399.6 -108.184
-0.939394 -23400.7 -109.199
-0.949495 -23401.5 -110.218
-0.959596 -23402.3 -111.238
-0.969697 -23402.9 -112.268
-0.979798 -23403.4 -113.299
-0.989899 -23403.6 -114.288
-1 -23403.8 -115.277
