0 23044.8 0.00247212
-0.010101 23305.3 1.93653
-0.020202 23282.6 3.86741
-0.030303 23262.1 5.75605
-0.040404 23241.8 7.64423
-0.0505051 23224 9.52096
-0.0606061 23206.3 11.4012
-0.0707071 23191.3 13.3363
-0.0808081 23176.5 15.2771
-0.0909091 23164.3 17.284
-0.10101 23152.3 19.2972
-0.111111 23142.7 21.3684
-0.121212 23133.3 23.446
-0.131313 23126 25.5706
-0.141414 23119 27.7013
-0.151515 23113.8 29.8702
-0.161616 23108.8 32.0451
-0.171717 23105.3 34.2523
-0.181818 23102.1 36.4656
-0.191919 23100 38.7069
-0.20202 23098.2 40.9544
-0.212121 23097.3 43.2262
-0.222222 23096.5 45.5039
-0.232323 23096.5 47.8024
-0.242424 23096.7 50.1061
-0.252525 23097.3 52.4265
-0.262626 23098.1 54.7513
-0.272727 23099.3 57.0885
-0.282828 23100.5 59.4289
-0.292929 23101.9 61.7775
-0.30303 23103.4 64.1279
-0.313131 23105.1 66.4825
-0.323232 23106.8 68.8374
-0.333333 23108.5 71.193
-0.343434 23110.3 73.5473
-0.353535 23112.1 75.8991
-0.363636 23113.8 78.2482
-0.373737 23115.6 80.5922
-0.383838 23117.3 82.9319
-0.393939 23119 85.2646
-0.40404 23120.7 87.5916
-0.414141 23122.4 89.9099
-0.424242 23124 92.221
-0.434343 23125.5 94.5224
-0.444444 23127 96.8152
-0.454545 23128.5 99.0974
-0.464646 23130 101.37
-0.474747 23131.4 103.631
-0.484848 23132.7 105.881
-0.494949 23134.1 108.119
-0.505051 23135.4 110.346
-0.515152 23136.7 112.56
-0.525253 23138 114.761
-0.535354 23139.3 116.95
-0.545455 23140.6 119.124
-0.555556 23141.8 121.287
-0.565657 23143.1 123.433
-0.575758 23144.3 125.568
-0.585859 23145.6 127.686
-0.59596 23146.9 129.792
-0.606061 23148.1 131.881
-0.616162 23149.4 133.958
-0.626263 23150.7 136.016
-0.636364 23152.1 138.062
-0.646465 23153.4 140.089
-0.656566 23154.8 142.105
-0.666667 23156.2 144.101
-0.676768 23157.6 146.085
-0.686869 23159.1 148.049
-0.69697 23160.5 150.002
-0.707071 23162 151.933
-0.717172 23163.6 153.855
-0.727273 23165.1 155.754
-0.737374 23166.7 157.644
-0.747475 23168.3 159.512
-0.757576 23170 161.372
-0.767677 23171.6 163.209
-0.777778 23173.3 165.039
-0.787879 23175 166.847
-0.79798 23176.7 168.648
-0.808081 23178.4 170.427
-0.818182 23180.1 172.201
-0.828283 23181.8 173.954
-0.838384 23183.6 175.703
-0.848485 23185.2 177.431
-0.858586 23186.9 179.156
-0.868687 23188.5 180.861
-0.878788 23190.1 182.564
-0.888889 23191.6 184.248
-0.89899 23193.1 185.93
-0.909091 23194.4 187.596
-0.919192 23195.8 189.259
-0.929293 23196.9 190.907
-0.939394 23198 192.554
-0.949495 23198.9 194.188
-0.959596 23199.8 195.821
-0.969697 23200.3 197.448
-0.979798 23200.9 199.075
-0.989899 23201.1 200.647
-1 23201.3 202.218
