0 23209.1 0.00238414
-0.010101 22868.3 -3.40574
-0.020202 22852.7 -6.82483
-0.030303 22836.9 -10.6748
-0.040404 22821.1 -14.5285
-0.0505051 22806.1 -18.4748
-0.0606061 22791.1 -22.4225
-0.0707071 22777.3 -26.3928
-0.0808081 22763.7 -30.3623
-0.0909091 22751.6 -34.3226
-0.10101 22739.7 -38.2808
-0.111111 22729.4 -42.2196
-0.121212 22719.3 -46.1554
-0.131313 22710.9 -50.0698
-0.141414 22702.7 -53.9806
-0.151515 22696 -57.8697
-0.161616 22689.5 -61.7545
-0.171717 22684.4 -65.6168
-0.181818 22679.6 -69.4738
-0.191919 22675.9 -73.3068
-0.20202 22672.5 -77.1334
-0.212121 22670.1 -80.9347
-0.222222 22667.9 -84.7287
-0.232323 22666.4 -88.4966
-0.242424 22665.2 -92.2563
-0.252525 22664.7 -95.9901
-0.262626 22664.2 -99.7151
-0.272727 22664.3 -103.415
-0.282828 22664.5 -107.106
-0.292929 22665.1 -110.774
-0.30303 22665.8 -114.432
-0.313131 22666.7 -118.068
-0.323232 22667.8 -121.695
-0.333333 22669 -125.303
-0.343434 22670.2 -128.901
-0.353535 22671.6 -132.481
-0.363636 22673 -136.052
-0.373737 22674.5 -139.606
-0.383838 22676 -143.151
-0.393939 22677.5 -146.68
-0.40404 22679 -150.2
-0.414141 22680.5 -153.705
-0.424242 22682 -157.201
-0.434343 22683.6 -160.683
-0.444444 22685.1 -164.154
-0.454545 22686.5 -167.612
-0.464646 22688 -171.059
-0.474747 22689.4 -174.493
-0.484848 22690.9 -177.915
-0.494949 22692.3 -181.324
-0.505051 22693.7 -184.72
-0.515152 22695 -188.104
-0.525253 22696.4 -191.473
-0.535354 22697.8 -194.829
-0.545455 22699.1 -198.169
-0.555556 22700.4 -201.496
-0.565657 22701.8 -204.807
-0.575758 22703.1 -208.103
-0.585859 22704.4 -211.381
-0.59596 22705.8 -214.646
-0.606061 22707.1 -217.889
-0.616162 22708.5 -221.119
-0.626263 22709.8 -224.325
-0.636364 22711.2 -227.517
-0.646465 22712.6 -230.684
-0.656566 22714 -233.837
-0.666667 22715.4 -236.961
-0.676768 22716.8 -240.07
-0.686869 22718.3 -243.149
-0.69697 22719.7 -246.212
-0.707071 22721.2 -249.241
-0.717172 22722.7 -252.255
-0.727273 22724.2 -255.231
-0.737374 22725.8 -258.191
-0.747475 22727.3 -261.109
-0.757576 22728.9 -264.012
-0.767677 22730.4 -266.868
-0.777778 22732 -269.709
-0.787879 22733.6 -272.498
-0.79798 22735.1 -275.273
-0.808081 22736.7 -277.991
-0.818182 22738.2 -280.694
-0.828283 22739.8 -283.335
-0.838384 22741.3 -285.963
-0.848485 22742.7 -288.523
-0.858586 22744.1 -291.07
-0.868687 22745.5 -293.545
-0.878788 22746.8 -296.008
-0.888889 22748 -298.393
-0.89899 22749.2 -300.767
-0.909091 22750.3 -303.06
-0.919192 22751.3 -305.343
-0.929293 22752.2 -307.54
-0.939394 22753 -309.731
-0.949495 22753.7 -311.834
-0.959596 22754.3 -313.931
-0.969697 22754.6 -315.941
-0.979798 22755 -317.947
-0.989899 22755.1 -319.918
-1 22755.3 -321.887
