0 2574.37 0.000298315
-0.010101 4024.69 12.829
-0.020202 4005.19 25.6759
-0.030303 3991.54 39.4348
-0.040404 3978.09 53.2018
-0.0505051 3969.33 67.1607
-0.0606061 3960.81 81.1318
-0.0707071 3955.93 95.2946
-0.0808081 3951.28 109.47
-0.0909091 3949.36 123.79
-0.10101 3947.67 138.121
-0.111111 3947.93 152.552
-0.121212 3948.37 166.992
-0.131313 3950.15 181.5
-0.141414 3952.07 196.015
-0.151515 3954.82 210.575
-0.161616 3957.66 225.14
-0.171717 3960.96 239.734
-0.181818 3964.29 254.33
-0.191919 3967.8 268.941
-0.20202 3971.31 283.552
-0.212121 3974.8 298.165
-0.222222 3978.24 312.776
-0.232323 3981.53 327.377
-0.242424 3984.75 341.972
-0.252525 3987.75 356.548
-0.262626 3990.65 371.115
-0.272727 3993.28 385.654
-0.282828 3995.8 400.179
-0.292929 3998.05 414.67
-0.30303 4000.19 429.143
-0.313131 4002.06 443.577
-0.323232 4003.81 457.989
-0.333333 4005.32 472.355
-0.343434 4006.72 486.697
-0.353535 4007.91 500.991
-0.363636 4009 515.255
-0.373737 4009.9 529.468
-0.383838 4010.72 543.648
-0.393939 4011.38 557.774
-0.40404 4011.97 571.863
-0.414141 4012.43 585.896
-0.424242 4012.83 599.889
-0.434343 4013.14 613.824
-0.444444 4013.4 627.714
-0.454545 4013.59 641.545
-0.464646 4013.73 655.327
-0.474747 4013.83 669.049
-0.484848 4013.9 682.715
-0.494949 4013.94 696.322
-0.505051 4013.96 709.868
-0.515152 4013.96 723.354
-0.525253 4013.95 736.773
-0.535354 4013.93 750.131
-0.545455 4013.91 763.417
-0.555556 4013.89 776.641
-0.565657 4013.87 789.786
-0.575758 4013.85 802.869
-0.585859 4013.85 815.867
-0.59596 4013.85 828.802
-0.606061 4013.87 841.645
-0.616162 4013.9 854.425
-0.626263 4013.95 867.105
-0.636364 4014.02 879.722
-0.646465 4014.11 892.231
-0.656566 4014.21 904.678
-0.666667 4014.35 917.007
-0.676768 4014.5 929.276
-0.686869 4014.68 941.417
-0.69697 4014.88 953.499
-0.707071 4015.13 965.444
-0.717172 4015.39 977.33
-0.727273 4015.69 989.07
-0.737374 4016.02 1000.75
-0.747475 4016.39 1012.28
-0.757576 4016.79 1023.75
-0.767677 4017.24 1035.05
-0.777778 4017.71 1046.3
-0.787879 4018.24 1057.38
-0.79798 4018.79 1068.4
-0.808081 4019.4 1079.23
-0.818182 4020.03 1090.02
-0.828283 4020.72 1100.61
-0.838384 4021.42 1111.16
-0.848485 4022.19 1121.49
-0.858586 4022.96 1131.79
-0.868687 4023.79 1141.87
-0.878788 4024.62 1151.91
-0.888889 4025.48 1161.73
-0.89899 4026.34 1171.51
-0.909091 4027.2 1181.06
-0.919192 4028.06 1190.58
-0.929293 4028.88 1199.87
-0.939394 4029.69 1209.13
-0.949495 4030.4 1218.16
-0.959596 4031.1 1227.17
-0.969697 4031.61 1235.96
-0.979798 4032.12 1244.74
-0.989899 4032.32 1253.3
-1 4032.51 1261.85
