0 18840.9 0.00186501
-0.010101 17903.3 -8.63065
-0.020202 17898.5 -17.2806
-0.030303 17890.9 -26.7067
-0.040404 17883.3 -36.1395
-0.0505051 17874.3 -45.7373
-0.0606061 17865.1 -55.3416
-0.0707071 17855.5 -65.0505
-0.0808081 17845.8 -74.7642
-0.0909091 17836.2 -84.5343
-0.10101 17826.7 -94.3074
-0.111111 17817.7 -104.108
-0.121212 17808.9 -113.911
-0.131313 17800.8 -123.725
-0.141414 17792.9 -133.539
-0.151515 17785.9 -143.354
-0.161616 17779.1 -153.168
-0.171717 17773.2 -162.976
-0.181818 17767.6 -172.78
-0.191919 17762.9 -182.569
-0.20202 17758.4 -192.354
-0.212121 17754.7 -202.117
-0.222222 17751.3 -211.873
-0.232323 17748.6 -221.602
-0.242424 17746.1 -231.322
-0.252525 17744.3 -241.011
-0.262626 17742.7 -250.688
-0.272727 17741.6 -260.331
-0.282828 17740.6 -269.96
-0.292929 17740.1 -279.554
-0.30303 17739.8 -289.132
-0.313131 17739.8 -298.674
-0.323232 17739.9 -308.198
-0.333333 17740.2 -317.685
-0.343434 17740.7 -327.153
-0.353535 17741.3 -336.584
-0.363636 17742.1 -345.994
-0.373737 17742.9 -355.367
-0.383838 17743.9 -364.717
-0.393939 17744.9 -374.03
-0.40404 17745.9 -383.319
-0.414141 17747 -392.57
-0.424242 17748.1 -401.794
-0.434343 17749.3 -410.982
-0.444444 17750.5 -420.14
-0.454545 17751.7 -429.261
-0.464646 17752.9 -438.349
-0.474747 17754.1 -447.401
-0.484848 17755.3 -456.417
-0.494949 17756.5 -465.396
-0.505051 17757.6 -474.337
-0.515152 17758.8 -483.24
-0.525253 17760 -492.101
-0.535354 17761.2 -500.924
-0.545455 17762.3 -509.701
-0.555556 17763.5 -518.439
-0.565657 17764.7 -527.128
-0.575758 17765.8 -535.778
-0.585859 17767 -544.373
-0.59596 17768.1 -552.929
-0.606061 17769.3 -561.426
-0.616162 17770.4 -569.883
-0.626263 17771.6 -578.276
-0.636364 17772.7 -586.629
-0.646465 17773.9 -594.911
-0.656566 17775 -603.154
-0.666667 17776.2 -611.321
-0.676768 17777.3 -619.447
-0.686869 17778.5 -627.491
-0.69697 17779.7 -635.495
-0.707071 17780.9 -643.408
-0.717172 17782 -651.283
-0.727273 17783.2 -659.059
-0.737374 17784.4 -666.798
-0.747475 17785.5 -674.429
-0.757576 17786.7 -682.024
-0.767677 17787.9 -689.504
-0.777778 17789 -696.947
-0.787879 17790.1 -704.267
-0.79798 17791.2 -711.553
-0.808081 17792.3 -718.705
-0.818182 17793.3 -725.824
-0.828283 17794.3 -732.802
-0.838384 17795.3 -739.748
-0.848485 17796.2 -746.544
-0.858586 17797.1 -753.311
-0.868687 17797.9 -759.918
-0.878788 17798.7 -766.5
-0.888889 17799.4 -772.913
-0.89899 17800 -779.304
-0.909091 17800.5 -785.519
-0.919192 17801 -791.716
-0.929293 17801.4 -797.732
-0.939394 17801.8 -803.732
-0.949495 17802 -809.551
-0.959596 17802.2 -815.359
-0.969697 17802.3 -820.995
-0.979798 17802.4 -826.624
-0.989899 17802.4 -832.122
-1 17802.4 -837.618
