0 -16521.4 -0.00168523
-0.010101 -17523.7 -8.62239
-0.020202 -17497.7 -17.2516
-0.030303 -17476.5 -26.3771
-0.040404 -17455.5 -35.507
-0.0505051 -17438.8 -44.7404
-0.0606061 -17422.4 -53.9833
-0.0707071 -17409.8 -63.3728
-0.0808081 -17397.5 -72.7733
-0.0909091 -17388.4 -82.3004
-0.10101 -17379.6 -91.8383
-0.111111 -17373.4 -101.472
-0.121212 -17367.6 -111.115
-0.131313 -17363.8 -120.829
-0.141414 -17360.4 -130.55
-0.151515 -17358.5 -140.323
-0.161616 -17356.9 -150.103
-0.171717 -17356.5 -159.921
-0.181818 -17356.3 -169.744
-0.191919 -17357 -179.595
-0.20202 -17357.8 -189.449
-0.212121 -17359.2 -199.321
-0.222222 -17360.7 -209.196
-0.232323 -17362.6 -219.079
-0.242424 -17364.5 -228.962
-0.252525 -17366.7 -238.845
-0.262626 -17368.8 -248.726
-0.272727 -17371.1 -258.599
-0.282828 -17373.3 -268.467
-0.292929 -17375.6 -278.32
-0.30303 -17377.8 -288.164
-0.313131 -17379.9 -297.989
-0.323232 -17382 -307.801
-0.333333 -17384 -317.588
-0.343434 -17386 -327.36
-0.353535 -17387.8 -337.103
-0.363636 -17389.6 -346.827
-0.373737 -17391.3 -356.518
-0.383838 -17392.9 -366.187
-0.393939 -17394.4 -375.822
-0.40404 -17395.8 -385.431
-0.414141 -17397.1 -395.003
-0.424242 -17398.4 -404.546
-0.434343 -17399.6 -414.05
-0.444444 -17400.7 -423.523
-0.454545 -17401.8 -432.955
-0.464646 -17402.8 -442.352
-0.474747 -17403.8 -451.707
-0.484848 -17404.8 -461.024
-0.494949 -17405.7 -470.299
-0.505051 -17406.5 -479.53
-0.515152 -17407.4 -488.72
-0.525253 -17408.2 -497.862
-0.535354 -17409 -506.961
-0.545455 -17409.9 -516.01
-0.555556 -17410.7 -525.015
-0.565657 -17411.5 -533.965
-0.575758 -17412.3 -542.871
-0.585859 -17413.1 -551.717
-0.59596 -17413.9 -560.52
-0.606061 -17414.8 -569.258
-0.616162 -17415.6 -577.953
-0.626263 -17416.5 -586.577
-0.636364 -17417.4 -595.159
-0.646465 -17418.4 -603.665
-0.656566 -17419.3 -612.128
-0.666667 -17420.3 -620.511
-0.676768 -17421.3 -628.852
-0.686869 -17422.4 -637.105
-0.69697 -17423.4 -645.318
-0.707071 -17424.6 -653.438
-0.717172 -17425.7 -661.518
-0.727273 -17426.9 -669.5
-0.737374 -17428.1 -677.443
-0.747475 -17429.4 -685.281
-0.757576 -17430.7 -693.082
-0.767677 -17432 -700.773
-0.777778 -17433.4 -708.429
-0.787879 -17434.8 -715.968
-0.79798 -17436.2 -723.474
-0.808081 -17437.7 -730.858
-0.818182 -17439.2 -738.211
-0.828283 -17440.7 -745.437
-0.838384 -17442.2 -752.634
-0.848485 -17443.8 -759.699
-0.858586 -17445.3 -766.738
-0.868687 -17446.8 -773.64
-0.878788 -17448.3 -780.52
-0.888889 -17449.8 -787.257
-0.89899 -17451.3 -793.975
-0.909091 -17452.7 -800.547
-0.919192 -17454 -807.104
-0.929293 -17455.2 -813.512
-0.939394 -17456.4 -819.908
-0.949495 -17457.4 -826.159
-0.959596 -17458.4 -832.401
-0.969697 -17459 -838.514
-0.979798 -17459.7 -844.622
-0.989899 -17459.9 -850.566
-1 -17460.2 -856.506
