0 -9360.44 -0.00113036
-0.010101 -10680.6 -11.5529
-0.020202 -10656.8 -23.1193
-0.030303 -10638.8 -35.4565
-0.040404 -10620.9 -47.8007
-0.0505051 -10607.9 -60.3112
-0.0606061 -10595.1 -72.8336
-0.0707071 -10586.2 -85.542
-0.0808081 -10577.6 -98.2633
-0.0909091 -10572.1 -111.133
-0.10101 -10566.9 -124.015
-0.111111 -10564.1 -137.003
-0.121212 -10561.5 -150.002
-0.131313 -10560.8 -163.077
-0.141414 -10560.2 -176.16
-0.151515 -10560.9 -189.296
-0.161616 -10561.7 -202.438
-0.171717 -10563.5 -215.616
-0.181818 -10565.3 -228.799
-0.191919 -10567.6 -242.003
-0.20202 -10570 -255.211
-0.212121 -10572.7 -268.428
-0.222222 -10575.4 -281.645
-0.232323 -10578.2 -294.86
-0.242424 -10581 -308.073
-0.252525 -10583.7 -321.274
-0.262626 -10586.4 -334.468
-0.272727 -10589 -347.643
-0.282828 -10591.6 -360.807
-0.292929 -10593.9 -373.944
-0.30303 -10596.2 -387.066
-0.313131 -10598.4 -400.155
-0.323232 -10600.4 -413.226
-0.333333 -10602.2 -426.259
-0.343434 -10604 -439.269
-0.353535 -10605.5 -452.237
-0.363636 -10607 -465.179
-0.373737 -10608.4 -478.075
-0.383838 -10609.6 -490.941
-0.393939 -10610.7 -503.759
-0.40404 -10611.7 -516.544
-0.414141 -10612.7 -529.277
-0.424242 -10613.5 -541.973
-0.434343 -10614.3 -554.617
-0.444444 -10615 -567.218
-0.454545 -10615.6 -579.767
-0.464646 -10616.2 -592.268
-0.474747 -10616.8 -604.715
-0.484848 -10617.3 -617.111
-0.494949 -10617.8 -629.452
-0.505051 -10618.2 -641.736
-0.515152 -10618.6 -653.964
-0.525253 -10619.1 -666.131
-0.535354 -10619.5 -678.241
-0.545455 -10619.9 -690.284
-0.555556 -10620.3 -702.271
-0.565657 -10620.7 -714.184
-0.575758 -10621.1 -726.039
-0.585859 -10621.5 -737.816
-0.59596 -10621.9 -749.535
-0.606061 -10622.3 -761.168
-0.616162 -10622.8 -772.744
-0.626263 -10623.3 -784.227
-0.636364 -10623.8 -795.653
-0.646465 -10624.3 -806.979
-0.656566 -10624.8 -818.248
-0.666667 -10625.4 -829.409
-0.676768 -10626 -840.514
-0.686869 -10626.6 -851.503
-0.69697 -10627.3 -862.437
-0.707071 -10628 -873.246
-0.717172 -10628.7 -884.001
-0.727273 -10629.5 -894.624
-0.737374 -10630.2 -905.194
-0.747475 -10631.1 -915.622
-0.757576 -10631.9 -926.001
-0.767677 -10632.9 -936.228
-0.777778 -10633.8 -946.407
-0.787879 -10634.8 -956.426
-0.79798 -10635.8 -966.401
-0.808081 -10636.9 -976.206
-0.818182 -10638 -985.969
-0.828283 -10639.1 -995.555
-0.838384 -10640.3 -1005.1
-0.848485 -10641.4 -1014.46
-0.858586 -10642.6 -1023.79
-0.868687 -10643.9 -1032.92
-0.878788 -10645.1 -1042.02
-0.888889 -10646.3 -1050.92
-0.89899 -10647.5 -1059.8
-0.909091 -10648.7 -1068.46
-0.919192 -10649.8 -1077.11
-0.929293 -10650.9 -1085.54
-0.939394 -10651.9 -1093.96
-0.949495 -10652.8 -1102.16
-0.959596 -10653.7 -1110.36
-0.969697 -10654.3 -1118.36
-0.979798 -10654.9 -1126.36
-0.989899 -10655.1 -1134.15
-1 -10655.3 -1141.94
