0 -9360.44 -0.00108145
-0.010101 -10680.6 -11.5625
-0.020202 -10656.9 -23.1383
-0.030303 -10638.9 -35.4806
-0.040404 -10621.1 -47.8295
-0.0505051 -10608.1 -60.3394
-0.0606061 -10595.3 -72.8608
-0.0707071 -10586.5 -85.5634
-0.0808081 -10577.9 -98.2786
-0.0909091 -10572.5 -111.138
-0.10101 -10567.3 -124.009
-0.111111 -10564.5 -136.984
-0.121212 -10562 -149.968
-0.131313 -10561.2 -163.025
-0.141414 -10560.7 -176.091
-0.151515 -10561.4 -189.207
-0.161616 -10562.3 -202.329
-0.171717 -10564 -215.486
-0.181818 -10565.9 -228.647
-0.191919 -10568.2 -241.829
-0.20202 -10570.7 -255.014
-0.212121 -10573.3 -268.208
-0.222222 -10576.1 -281.401
-0.232323 -10578.9 -294.593
-0.242424 -10581.7 -307.782
-0.252525 -10584.4 -320.96
-0.262626 -10587.2 -334.131
-0.272727 -10589.8 -347.282
-0.282828 -10592.3 -360.423
-0.292929 -10594.7 -373.537
-0.30303 -10597 -386.637
-0.313131 -10599.1 -399.703
-0.323232 -10601.1 -412.752
-0.333333 -10602.9 -425.762
-0.343434 -10604.7 -438.751
-0.353535 -10606.2 -451.697
-0.363636 -10607.7 -464.618
-0.373737 -10609 -477.493
-0.383838 -10610.3 -490.339
-0.393939 -10611.4 -503.137
-0.40404 -10612.4 -515.901
-0.414141 -10613.3 -528.615
-0.424242 -10614.1 -541.292
-0.434343 -10614.9 -553.917
-0.444444 -10615.6 -566.5
-0.454545 -10616.2 -579.03
-0.464646 -10616.8 -591.514
-0.474747 -10617.3 -603.945
-0.484848 -10617.8 -616.324
-0.494949 -10618.2 -628.649
-0.505051 -10618.7 -640.918
-0.515152 -10619.1 -653.131
-0.525253 -10619.5 -665.284
-0.535354 -10619.8 -677.381
-0.545455 -10620.2 -689.411
-0.555556 -10620.6 -701.385
-0.565657 -10621 -713.287
-0.575758 -10621.3 -725.132
-0.585859 -10621.7 -736.899
-0.59596 -10622.1 -748.609
-0.606061 -10622.5 -760.234
-0.616162 -10623 -771.802
-0.626263 -10623.4 -783.279
-0.636364 -10623.9 -794.699
-0.646465 -10624.4 -806.019
-0.656566 -10624.9 -817.284
-0.666667 -10625.4 -828.442
-0.676768 -10626 -839.544
-0.686869 -10626.6 -850.531
-0.69697 -10627.2 -861.464
-0.707071 -10627.9 -872.273
-0.717172 -10628.6 -883.03
-0.727273 -10629.4 -893.654
-0.737374 -10630.1 -904.227
-0.747475 -10631 -914.658
-0.757576 -10631.8 -925.04
-0.767677 -10632.7 -935.272
-0.777778 -10633.6 -945.457
-0.787879 -10634.6 -955.483
-0.79798 -10635.6 -965.464
-0.808081 -10636.7 -975.278
-0.818182 -10637.7 -985.05
-0.828283 -10638.9 -994.645
-0.838384 -10640 -1004.2
-0.848485 -10641.2 -1013.57
-0.858586 -10642.3 -1022.91
-0.868687 -10643.6 -1032.06
-0.878788 -10644.8 -1041.17
-0.888889 -10646 -1050.08
-0.89899 -10647.2 -1058.97
-0.909091 -10648.3 -1067.65
-0.919192 -10649.5 -1076.31
-0.929293 -10650.5 -1084.75
-0.939394 -10651.6 -1093.18
-0.949495 -10652.4 -1101.41
-0.959596 -10653.3 -1109.62
-0.969697 -10653.9 -1117.64
-0.979798 -10654.5 -1125.65
-0.989899 -10654.8 -1133.46
-1 -10655 -1141.26
