0 1494.67 0.000175305
-0.010101 2953.79 12.9248
-0.020202 2935.1 25.8681
-0.030303 2922.25 39.7389
-0.040404 2909.59 53.6178
-0.0505051 2901.57 67.6921
-0.0606061 2893.77 81.7786
-0.0707071 2889.54 96.0569
-0.0808081 2885.55 110.348
-0.0909091 2884.2 124.782
-0.10101 2883.05 139.227
-0.111111 2883.79 153.771
-0.121212 2884.7 168.323
-0.131313 2886.85 182.942
-0.141414 2889.14 197.569
-0.151515 2892.19 212.239
-0.161616 2895.31 226.914
-0.171717 2898.82 241.616
-0.181818 2902.37 256.32
-0.191919 2906.03 271.038
-0.20202 2909.68 285.756
-0.212121 2913.26 300.475
-0.222222 2916.79 315.19
-0.232323 2920.13 329.896
-0.242424 2923.39 344.595
-0.252525 2926.4 359.273
-0.262626 2929.3 373.942
-0.272727 2931.92 388.582
-0.282828 2934.42 403.209
-0.292929 2936.63 417.799
-0.30303 2938.72 432.373
-0.313131 2940.54 446.905
-0.323232 2942.24 461.415
-0.333333 2943.69 475.88
-0.343434 2945.03 490.319
-0.353535 2946.15 504.709
-0.363636 2947.16 519.07
-0.373737 2947.99 533.379
-0.383838 2948.74 547.655
-0.393939 2949.33 561.877
-0.40404 2949.84 576.061
-0.414141 2950.23 590.189
-0.424242 2950.56 604.276
-0.434343 2950.8 618.305
-0.444444 2950.99 632.289
-0.454545 2951.11 646.214
-0.464646 2951.19 660.088
-0.474747 2951.22 673.903
-0.484848 2951.22 687.663
-0.494949 2951.2 701.362
-0.505051 2951.15 715
-0.515152 2951.09 728.577
-0.525253 2951.02 742.088
-0.535354 2950.93 755.537
-0.545455 2950.85 768.913
-0.555556 2950.77 782.227
-0.565657 2950.69 795.462
-0.575758 2950.61 808.635
-0.585859 2950.55 821.722
-0.59596 2950.49 834.746
-0.606061 2950.45 847.677
-0.616162 2950.41 860.546
-0.626263 2950.4 873.312
-0.636364 2950.4 886.017
-0.646465 2950.43 898.612
-0.656566 2950.47 911.145
-0.666667 2950.54 923.56
-0.676768 2950.62 935.913
-0.686869 2950.74 948.139
-0.69697 2950.87 960.304
-0.707071 2951.04 972.332
-0.717172 2951.23 984.3
-0.727273 2951.47 996.121
-0.737374 2951.72 1007.88
-0.747475 2952.03 1019.49
-0.757576 2952.35 1031.04
-0.767677 2952.72 1042.42
-0.777778 2953.12 1053.75
-0.787879 2953.57 1064.9
-0.79798 2954.05 1076
-0.808081 2954.58 1086.91
-0.818182 2955.14 1097.77
-0.828283 2955.76 1108.43
-0.838384 2956.39 1119.04
-0.848485 2957.08 1129.45
-0.858586 2957.79 1139.81
-0.868687 2958.55 1149.96
-0.878788 2959.31 1160.07
-0.888889 2960.11 1169.94
-0.89899 2960.92 1179.79
-0.909091 2961.73 1189.4
-0.919192 2962.54 1198.99
-0.929293 2963.31 1208.33
-0.939394 2964.08 1217.65
-0.949495 2964.75 1226.72
-0.959596 2965.42 1235.79
-0.969697 2965.92 1244.63
-0.979798 2966.4 1253.46
-0.989899 2966.59 1262.07
-1 2966.78 1270.68
