0 -13820.2 -0.00170746
-0.010101 -12592.3 11.1237
-0.020202 -12595.2 22.2692
-0.030303 -12594 34.3326
-0.040404 -12592.7 46.404
-0.0505051 -12588.6 58.6698
-0.0606061 -12584.4 70.9451
-0.0707071 -12578.5 83.3674
-0.0808081 -12572.5 95.7979
-0.0909091 -12565.7 108.322
-0.10101 -12558.9 120.852
-0.111111 -12551.8 133.438
-0.121212 -12544.7 146.028
-0.131313 -12537.8 158.65
-0.141414 -12531 171.275
-0.151515 -12524.6 183.916
-0.161616 -12518.3 196.559
-0.171717 -12512.6 209.205
-0.181818 -12507.1 221.85
-0.191919 -12502.2 234.488
-0.20202 -12497.5 247.123
-0.212121 -12493.4 259.741
-0.222222 -12489.6 272.353
-0.232323 -12486.4 284.942
-0.242424 -12483.3 297.52
-0.252525 -12480.9 310.068
-0.262626 -12478.6 322.603
-0.272727 -12476.8 335.103
-0.282828 -12475.2 347.587
-0.292929 -12474.1 360.031
-0.30303 -12473.1 372.458
-0.313131 -12472.4 384.842
-0.323232 -12471.9 397.205
-0.333333 -12471.7 409.524
-0.343434 -12471.6 421.819
-0.353535 -12471.7 434.069
-0.363636 -12471.9 446.292
-0.373737 -12472.2 458.469
-0.383838 -12472.7 470.617
-0.393939 -12473.2 482.717
-0.40404 -12473.8 494.786
-0.414141 -12474.5 506.806
-0.424242 -12475.3 518.792
-0.434343 -12476.1 530.729
-0.444444 -12476.9 542.627
-0.454545 -12477.8 554.477
-0.464646 -12478.6 566.284
-0.474747 -12479.6 578.042
-0.484848 -12480.5 589.754
-0.494949 -12481.4 601.416
-0.505051 -12482.3 613.027
-0.515152 -12483.2 624.588
-0.525253 -12484.1 636.094
-0.535354 -12485.1 647.548
-0.545455 -12486 658.943
-0.555556 -12486.9 670.286
-0.565657 -12487.8 681.564
-0.575758 -12488.7 692.789
-0.585859 -12489.6 703.943
-0.59596 -12490.5 715.046
-0.606061 -12491.4 726.07
-0.616162 -12492.3 737.041
-0.626263 -12493.2 747.928
-0.636364 -12494 758.763
-0.646465 -12494.9 769.506
-0.656566 -12495.8 780.197
-0.666667 -12496.6 790.787
-0.676768 -12497.5 801.326
-0.686869 -12498.3 811.756
-0.69697 -12499.2 822.135
-0.707071 -12500 832.397
-0.717172 -12500.8 842.608
-0.727273 -12501.7 852.692
-0.737374 -12502.5 862.728
-0.747475 -12503.2 872.626
-0.757576 -12504 882.477
-0.767677 -12504.8 892.18
-0.777778 -12505.5 901.838
-0.787879 -12506.2 911.338
-0.79798 -12506.8 920.794
-0.808081 -12507.5 930.081
-0.818182 -12508.1 939.327
-0.828283 -12508.6 948.394
-0.838384 -12509.1 957.422
-0.848485 -12509.6 966.261
-0.858586 -12510 975.064
-0.868687 -12510.4 983.668
-0.878788 -12510.7 992.239
-0.888889 -12510.9 1000.6
-0.89899 -12511.1 1008.94
-0.909091 -12511.2 1017.05
-0.919192 -12511.3 1025.15
-0.929293 -12511.3 1033.02
-0.939394 -12511.3 1040.87
-0.949495 -12511.3 1048.49
-0.959596 -12511.2 1056.11
-0.969697 -12511.1 1063.51
-0.979798 -12511 1070.91
-0.989899 -12511 1078.13
-1 -12510.9 1085.34
