0 -12248.1 -0.00142215
-0.010101 -13467.8 -10.6235
-0.020202 -13442.9 -21.258
-0.030303 -13423.4 -32.5678
-0.040404 -13404 -43.8835
-0.0505051 -13389.4 -55.3408
-0.0606061 -13375.1 -66.809
-0.0707071 -13364.6 -78.448
-0.0808081 -13354.5 -90.0992
-0.0909091 -13347.6 -101.89
-0.10101 -13340.9 -113.693
-0.111111 -13336.8 -125.598
-0.121212 -13333 -137.512
-0.131313 -13331.1 -149.5
-0.141414 -13329.4 -161.496
-0.151515 -13329.2 -173.544
-0.161616 -13329.1 -185.598
-0.171717 -13330 -197.689
-0.181818 -13331.1 -209.784
-0.191919 -13332.9 -221.903
-0.20202 -13334.7 -234.026
-0.212121 -13337 -246.161
-0.222222 -13339.3 -258.296
-0.232323 -13341.8 -270.434
-0.242424 -13344.3 -282.57
-0.252525 -13346.9 -294.699
-0.262626 -13349.4 -306.823
-0.272727 -13351.9 -318.932
-0.282828 -13354.4 -331.031
-0.292929 -13356.7 -343.108
-0.30303 -13359 -355.173
-0.313131 -13361.2 -367.209
-0.323232 -13363.3 -379.229
-0.333333 -13365.2 -391.216
-0.343434 -13367.1 -403.182
-0.353535 -13368.8 -415.111
-0.363636 -13370.4 -427.016
-0.373737 -13371.9 -438.88
-0.383838 -13373.2 -450.717
-0.393939 -13374.5 -462.51
-0.40404 -13375.7 -474.273
-0.414141 -13376.8 -485.989
-0.424242 -13377.8 -497.67
-0.434343 -13378.7 -509.304
-0.444444 -13379.6 -520.9
-0.454545 -13380.4 -532.446
-0.464646 -13381.2 -543.95
-0.474747 -13381.9 -555.403
-0.484848 -13382.5 -566.81
-0.494949 -13383.2 -578.166
-0.505051 -13383.8 -589.47
-0.515152 -13384.4 -600.723
-0.525253 -13384.9 -611.919
-0.535354 -13385.5 -623.063
-0.545455 -13386 -634.146
-0.555556 -13386.6 -645.177
-0.565657 -13387.1 -656.141
-0.575758 -13387.7 -667.052
-0.585859 -13388.2 -677.89
-0.59596 -13388.8 -688.676
-0.606061 -13389.4 -699.384
-0.616162 -13390 -710.038
-0.626263 -13390.6 -720.608
-0.636364 -13391.3 -731.126
-0.646465 -13391.9 -741.551
-0.656566 -13392.6 -751.926
-0.666667 -13393.3 -762.201
-0.676768 -13394.1 -772.425
-0.686869 -13394.9 -782.543
-0.69697 -13395.7 -792.611
-0.707071 -13396.6 -802.565
-0.717172 -13397.4 -812.47
-0.727273 -13398.4 -822.254
-0.737374 -13399.3 -831.991
-0.747475 -13400.3 -841.598
-0.757576 -13401.4 -851.159
-0.767677 -13402.4 -860.584
-0.777778 -13403.5 -869.964
-0.787879 -13404.7 -879.2
-0.79798 -13405.9 -888.395
-0.808081 -13407.1 -897.437
-0.818182 -13408.4 -906.44
-0.828283 -13409.7 -915.283
-0.838384 -13411 -924.091
-0.848485 -13412.3 -932.731
-0.858586 -13413.6 -941.339
-0.868687 -13415 -949.772
-0.878788 -13416.3 -958.177
-0.888889 -13417.6 -966.401
-0.89899 -13419 -974.601
-0.909091 -13420.2 -982.614
-0.919192 -13421.5 -990.607
-0.929293 -13422.6 -998.411
-0.939394 -13423.7 -1006.2
-0.949495 -13424.6 -1013.8
-0.959596 -13425.6 -1021.39
-0.969697 -13426.2 -1028.81
-0.979798 -13426.8 -1036.22
-0.989899 -13427.1 -1043.44
-1 -13427.3 -1050.65
