0 -2832.77 -0.000410498
-0.010101 -1369.21 13.0353
-0.020202 -1384.28 26.091
-0.030303 -1393.72 40.1164
-0.040404 -1402.97 54.1504
-0.0505051 -1407.9 68.3889
-0.0606061 -1412.63 82.6393
-0.0707071 -1414.16 97.078
-0.0808081 -1415.49 111.528
-0.0909091 -1414.56 126.115
-0.10101 -1413.47 140.711
-0.111111 -1410.87 155.399
-0.121212 -1408.15 170.094
-0.131313 -1404.52 184.85
-0.141414 -1400.82 199.611
-0.151515 -1396.66 214.411
-0.161616 -1392.48 229.214
-0.171717 -1388.17 244.039
-0.181818 -1383.88 258.866
-0.191919 -1379.68 273.701
-0.20202 -1375.55 288.535
-0.212121 -1371.67 303.365
-0.222222 -1367.87 318.19
-0.232323 -1364.4 333.001
-0.242424 -1361.05 347.804
-0.252525 -1358.06 362.583
-0.262626 -1355.19 377.351
-0.272727 -1352.69 392.086
-0.282828 -1350.33 406.807
-0.292929 -1348.31 421.489
-0.30303 -1346.43 436.153
-0.313131 -1344.86 450.773
-0.323232 -1343.42 465.371
-0.333333 -1342.25 479.921
-0.343434 -1341.19 494.445
-0.353535 -1340.37 508.918
-0.363636 -1339.65 523.362
-0.373737 -1339.12 537.752
-0.383838 -1338.68 552.109
-0.393939 -1338.39 566.411
-0.40404 -1338.18 580.676
-0.414141 -1338.08 594.884
-0.424242 -1338.05 609.05
-0.434343 -1338.09 623.159
-0.444444 -1338.19 637.222
-0.454545 -1338.35 651.227
-0.464646 -1338.54 665.18
-0.474747 -1338.77 679.074
-0.484848 -1339.03 692.913
-0.494949 -1339.32 706.691
-0.505051 -1339.61 720.408
-0.515152 -1339.93 734.065
-0.525253 -1340.25 747.655
-0.535354 -1340.57 761.183
-0.545455 -1340.9 774.639
-0.555556 -1341.23 788.033
-0.565657 -1341.55 801.348
-0.575758 -1341.87 814.6
-0.585859 -1342.17 827.767
-0.59596 -1342.47 840.87
-0.606061 -1342.76 853.881
-0.616162 -1343.04 866.828
-0.626263 -1343.3 879.674
-0.636364 -1343.55 892.458
-0.646465 -1343.78 905.132
-0.656566 -1344 917.744
-0.666667 -1344.2 930.236
-0.676768 -1344.38 942.668
-0.686869 -1344.53 954.97
-0.69697 -1344.67 967.213
-0.707071 -1344.78 979.316
-0.717172 -1344.87 991.361
-0.727273 -1344.93 1003.26
-0.737374 -1344.97 1015.09
-0.747475 -1344.96 1026.77
-0.757576 -1344.94 1038.39
-0.767677 -1344.86 1049.85
-0.777778 -1344.77 1061.24
-0.787879 -1344.62 1072.46
-0.79798 -1344.46 1083.62
-0.808081 -1344.23 1094.6
-0.818182 -1343.98 1105.52
-0.828283 -1343.66 1116.24
-0.838384 -1343.33 1126.91
-0.848485 -1342.93 1137.37
-0.858586 -1342.52 1147.79
-0.868687 -1342.04 1157.99
-0.878788 -1341.55 1168.14
-0.888889 -1341.01 1178.07
-0.89899 -1340.45 1187.96
-0.909091 -1339.87 1197.6
-0.919192 -1339.28 1207.22
-0.929293 -1338.7 1216.59
-0.939394 -1338.11 1225.94
-0.949495 -1337.58 1235.05
-0.959596 -1337.05 1244.13
-0.969697 -1336.65 1252.99
-0.979798 -1336.25 1261.84
-0.989899 -1336.09 1270.47
-1 -1335.93 1279.09
