0 -23585.2 -0.00142706
-0.010101 -23611.4 0.15809
-0.020202 -23591.1 0.32295
-0.030303 -23572.1 0.684719
-0.040404 -23553.1 1.04828
-0.0505051 -23536 1.45475
-0.0606061 -23519.1 1.85956
-0.0707071 -23504.3 2.23837
-0.0808081 -23489.6 2.61323
-0.0909091 -23477.2 2.94272
-0.10101 -23465 3.26726
-0.111111 -23454.9 3.54739
-0.121212 -23445 3.82229
-0.131313 -23437.1 4.05895
-0.141414 -23429.5 4.29025
-0.151515 -23423.6 4.48873
-0.161616 -23417.9 4.68161
-0.171717 -23413.7 4.84508
-0.181818 -23409.8 5.00254
-0.191919 -23407 5.13264
-0.20202 -23404.5 5.25635
-0.212121 -23403 5.35445
-0.222222 -23401.6 5.44591
-0.232323 -23401.1 5.51384
-0.242424 -23400.7 5.57516
-0.252525 -23400.9 5.61556
-0.262626 -23401.2 5.64969
-0.272727 -23401.9 5.66595
-0.282828 -23402.8 5.67655
-0.292929 -23403.9 5.67256
-0.30303 -23405.1 5.6637
-0.313131 -23406.5 5.64349
-0.323232 -23408 5.61935
-0.333333 -23409.5 5.58684
-0.343434 -23411.1 5.55139
-0.353535 -23412.8 5.5102
-0.363636 -23414.4 5.46702
-0.373737 -23416.1 5.42032
-0.383838 -23417.8 5.37254
-0.393939 -23419.5 5.32301
-0.40404 -23421.1 5.27323
-0.414141 -23422.7 5.22308
-0.424242 -23424.3 5.17341
-0.434343 -23425.9 5.12441
-0.444444 -23427.4 5.0765
-0.454545 -23428.9 5.02999
-0.464646 -23430.4 4.9851
-0.474747 -23431.9 4.94212
-0.484848 -23433.3 4.90116
-0.494949 -23434.7 4.86242
-0.505051 -23436.1 4.82603
-0.515152 -23437.4 4.79201
-0.525253 -23438.8 4.76058
-0.535354 -23440.1 4.73155
-0.545455 -23441.4 4.70527
-0.555556 -23442.8 4.68133
-0.565657 -23444.1 4.66022
-0.575758 -23445.4 4.64131
-0.585859 -23446.7 4.62521
-0.59596 -23448 4.61113
-0.606061 -23449.4 4.59973
-0.616162 -23450.7 4.59012
-0.626263 -23452.1 4.58296
-0.636364 -23453.4 4.57731
-0.646465 -23454.8 4.57373
-0.656566 -23456.2 4.57133
-0.666667 -23457.7 4.57047
-0.676768 -23459.1 4.57042
-0.686869 -23460.6 4.5712
-0.69697 -23462.1 4.57236
-0.707071 -23463.6 4.5734
-0.717172 -23465.2 4.57439
-0.727273 -23466.8 4.57403
-0.737374 -23468.3 4.57315
-0.747475 -23470 4.56942
-0.757576 -23471.6 4.56469
-0.767677 -23473.3 4.5553
-0.777778 -23474.9 4.54445
-0.787879 -23476.6 4.52683
-0.79798 -23478.3 4.5073
-0.808081 -23480 4.47862
-0.818182 -23481.7 4.44766
-0.828283 -23483.3 4.40494
-0.838384 -23485 4.35965
-0.848485 -23486.6 4.29989
-0.858586 -23488.2 4.23737
-0.868687 -23489.8 4.15761
-0.878788 -23491.3 4.07505
-0.888889 -23492.7 3.97259
-0.89899 -23494.1 3.86741
-0.909091 -23495.4 3.73988
-0.919192 -23496.6 3.60986
-0.929293 -23497.7 3.45526
-0.939394 -23498.7 3.29852
-0.949495 -23499.5 3.11478
-0.959596 -23500.3 2.92931
-0.969697 -23500.8 2.71229
-0.979798 -23501.3 2.49396
-0.989899 -23501.4 2.29632
-1 -23501.6 2.0991
