0 -11308.6 -0.00130909
-0.010101 -12564.5 -10.957
-0.020202 -12539.9 -21.9258
-0.030303 -12520.9 -33.6024
-0.040404 -12502 -45.2852
-0.0505051 -12487.9 -57.1172
-0.0606061 -12474 -68.9604
-0.0707071 -12464.1 -80.9791
-0.0808081 -12454.5 -93.0101
-0.0909091 -12448 -105.183
-0.10101 -12441.9 -117.368
-0.111111 -12438.2 -129.657
-0.121212 -12434.8 -141.956
-0.131313 -12433.3 -154.328
-0.141414 -12432 -166.708
-0.151515 -12432 -179.141
-0.161616 -12432.3 -191.58
-0.171717 -12433.5 -204.055
-0.181818 -12434.8 -216.536
-0.191919 -12436.8 -229.039
-0.20202 -12438.8 -241.545
-0.212121 -12441.2 -254.064
-0.222222 -12443.7 -266.582
-0.232323 -12446.3 -279.103
-0.242424 -12448.9 -291.62
-0.252525 -12451.5 -304.13
-0.262626 -12454.1 -316.633
-0.272727 -12456.7 -329.121
-0.282828 -12459.2 -341.599
-0.292929 -12461.5 -354.052
-0.30303 -12463.8 -366.493
-0.313131 -12466 -378.904
-0.323232 -12468.1 -391.298
-0.333333 -12470 -403.657
-0.343434 -12471.8 -415.996
-0.353535 -12473.4 -428.294
-0.363636 -12475 -440.569
-0.373737 -12476.4 -452.801
-0.383838 -12477.8 -465.005
-0.393939 -12479 -477.164
-0.40404 -12480.1 -489.291
-0.414141 -12481.1 -501.37
-0.424242 -12482.1 -513.414
-0.434343 -12483 -525.408
-0.444444 -12483.8 -537.363
-0.454545 -12484.5 -549.267
-0.464646 -12485.2 -561.128
-0.474747 -12485.9 -572.937
-0.484848 -12486.5 -584.697
-0.494949 -12487.1 -596.405
-0.505051 -12487.6 -608.06
-0.515152 -12488.1 -619.662
-0.525253 -12488.6 -631.206
-0.535354 -12489.1 -642.696
-0.545455 -12489.6 -654.124
-0.555556 -12490.1 -665.497
-0.565657 -12490.6 -676.802
-0.575758 -12491.1 -688.052
-0.585859 -12491.6 -699.228
-0.59596 -12492.1 -710.349
-0.606061 -12492.6 -721.39
-0.616162 -12493.2 -732.377
-0.626263 -12493.8 -743.276
-0.636364 -12494.3 -754.121
-0.646465 -12494.9 -764.871
-0.656566 -12495.6 -775.569
-0.666667 -12496.3 -786.164
-0.676768 -12496.9 -796.707
-0.686869 -12497.7 -807.141
-0.69697 -12498.4 -817.523
-0.707071 -12499.2 -827.788
-0.717172 -12500 -838.002
-0.727273 -12500.9 -848.091
-0.737374 -12501.8 -858.131
-0.747475 -12502.8 -868.038
-0.757576 -12503.7 -877.898
-0.767677 -12504.8 -887.616
-0.777778 -12505.8 -897.289
-0.787879 -12506.9 -906.812
-0.79798 -12508 -916.292
-0.808081 -12509.2 -925.615
-0.818182 -12510.4 -934.898
-0.828283 -12511.6 -944.015
-0.838384 -12512.9 -953.095
-0.848485 -12514.2 -962.002
-0.858586 -12515.4 -970.876
-0.868687 -12516.7 -979.569
-0.878788 -12518.1 -988.232
-0.888889 -12519.3 -996.708
-0.89899 -12520.6 -1005.16
-0.909091 -12521.8 -1013.42
-0.919192 -12523.1 -1021.65
-0.929293 -12524.2 -1029.69
-0.939394 -12525.3 -1037.71
-0.949495 -12526.2 -1045.54
-0.959596 -12527.1 -1053.36
-0.969697 -12527.7 -1061
-0.979798 -12528.3 -1068.63
-0.989899 -12528.6 -1076.07
-1 -12528.8 -1083.5
