0 -6295.88 -0.000754661
-0.010101 -7691.55 -12.2826
-0.020202 -7669.55 -24.5807
-0.030303 -7653.37 -37.7218
-0.040404 -7637.39 -50.8703
-0.0505051 -7626.22 -64.1961
-0.0606061 -7615.29 -77.5338
-0.0707071 -7608.2 -91.0597
-0.0808081 -7601.37 -104.598
-0.0909091 -7597.52 -118.283
-0.10101 -7593.91 -131.979
-0.111111 -7592.52 -145.778
-0.121212 -7591.35 -159.587
-0.131313 -7591.77 -173.467
-0.141414 -7592.37 -187.355
-0.151515 -7594.05 -201.292
-0.161616 -7595.86 -215.234
-0.171717 -7598.34 -229.209
-0.181818 -7600.9 -243.187
-0.191919 -7603.82 -257.183
-0.20202 -7606.78 -271.181
-0.212121 -7609.87 -285.185
-0.222222 -7612.96 -299.187
-0.232323 -7616.03 -313.185
-0.242424 -7619.05 -327.178
-0.252525 -7621.95 -341.155
-0.262626 -7624.78 -355.125
-0.272727 -7627.43 -369.071
-0.282828 -7629.99 -383.005
-0.292929 -7632.33 -396.909
-0.30303 -7634.58 -410.796
-0.313131 -7636.6 -424.647
-0.323232 -7638.52 -438.478
-0.333333 -7640.22 -452.267
-0.343434 -7641.82 -466.033
-0.353535 -7643.23 -479.753
-0.363636 -7644.54 -493.446
-0.373737 -7645.68 -507.089
-0.383838 -7646.73 -520.702
-0.393939 -7647.64 -534.263
-0.40404 -7648.47 -547.789
-0.414141 -7649.18 -561.261
-0.424242 -7649.83 -574.694
-0.434343 -7650.38 -588.072
-0.444444 -7650.87 -601.406
-0.454545 -7651.3 -614.684
-0.464646 -7651.68 -627.914
-0.474747 -7652.01 -641.087
-0.484848 -7652.31 -654.206
-0.494949 -7652.57 -667.267
-0.505051 -7652.82 -680.27
-0.515152 -7653.04 -693.214
-0.525253 -7653.24 -706.094
-0.535354 -7653.44 -718.915
-0.545455 -7653.64 -731.667
-0.555556 -7653.83 -744.359
-0.565657 -7654.02 -756.974
-0.575758 -7654.22 -769.53
-0.585859 -7654.43 -782.004
-0.59596 -7654.65 -794.417
-0.606061 -7654.88 -806.741
-0.616162 -7655.13 -819.005
-0.626263 -7655.4 -831.172
-0.636364 -7655.68 -843.279
-0.646465 -7655.99 -855.281
-0.656566 -7656.32 -867.225
-0.666667 -7656.68 -879.054
-0.676768 -7657.06 -890.826
-0.686869 -7657.48 -902.475
-0.69697 -7657.92 -914.067
-0.707071 -7658.4 -925.528
-0.717172 -7658.9 -936.933
-0.727273 -7659.45 -948.197
-0.737374 -7660.02 -959.407
-0.747475 -7660.64 -970.466
-0.757576 -7661.29 -981.473
-0.767677 -7661.99 -992.321
-0.777778 -7662.71 -1003.12
-0.787879 -7663.49 -1013.75
-0.79798 -7664.29 -1024.32
-0.808081 -7665.15 -1034.73
-0.818182 -7666.03 -1045.08
-0.828283 -7666.96 -1055.25
-0.838384 -7667.91 -1065.37
-0.848485 -7668.9 -1075.3
-0.858586 -7669.91 -1085.19
-0.868687 -7670.95 -1094.88
-0.878788 -7671.99 -1104.53
-0.888889 -7673.05 -1113.96
-0.89899 -7674.1 -1123.37
-0.909091 -7675.13 -1132.55
-0.919192 -7676.16 -1141.71
-0.929293 -7677.12 -1150.64
-0.939394 -7678.06 -1159.56
-0.949495 -7678.87 -1168.25
-0.959596 -7679.67 -1176.92
-0.969697 -7680.24 -1185.39
-0.979798 -7680.81 -1193.86
-0.989899 -7681.02 -1202.1
-1 -7681.24 -1210.34
