0 -22199.6 -0.00249509
-0.010101 -21635 5.37505
-0.020202 -21622.9 10.7664
-0.030303 -21609.7 16.7239
-0.040404 -21596.5 22.6864
-0.0505051 -21583.2 28.7697
-0.0606061 -21570 34.8564
-0.0707071 -21557.4 40.9958
-0.0808081 -21544.8 47.1364
-0.0909091 -21533.4 53.2912
-0.10101 -21522 59.4457
-0.111111 -21512 65.5973
-0.121212 -21502.1 71.7474
-0.131313 -21493.6 77.8874
-0.141414 -21485.2 84.0251
-0.151515 -21478.3 90.1488
-0.161616 -21471.5 96.2692
-0.171717 -21466.1 102.372
-0.181818 -21460.8 108.47
-0.191919 -21456.7 114.547
-0.20202 -21452.8 120.618
-0.212121 -21449.8 126.665
-0.222222 -21447.1 132.703
-0.232323 -21445.2 138.715
-0.242424 -21443.5 144.718
-0.252525 -21442.5 150.693
-0.262626 -21441.6 156.657
-0.272727 -21441.3 162.593
-0.282828 -21441.1 168.518
-0.292929 -21441.3 174.414
-0.30303 -21441.6 180.298
-0.313131 -21442.2 186.155
-0.323232 -21443 191.999
-0.333333 -21443.9 197.817
-0.343434 -21444.9 203.622
-0.353535 -21446 209.401
-0.363636 -21447.2 215.166
-0.373737 -21448.5 220.907
-0.383838 -21449.8 226.634
-0.393939 -21451.2 232.337
-0.40404 -21452.6 238.024
-0.414141 -21454 243.689
-0.424242 -21455.4 249.338
-0.434343 -21456.8 254.963
-0.444444 -21458.2 260.572
-0.454545 -21459.7 266.158
-0.464646 -21461.1 271.725
-0.474747 -21462.5 277.27
-0.484848 -21463.8 282.794
-0.494949 -21465.2 288.297
-0.505051 -21466.5 293.777
-0.515152 -21467.9 299.234
-0.525253 -21469.2 304.667
-0.535354 -21470.5 310.078
-0.545455 -21471.8 315.462
-0.555556 -21473.2 320.823
-0.565657 -21474.5 326.154
-0.575758 -21475.8 331.463
-0.585859 -21477.1 336.74
-0.59596 -21478.4 341.993
-0.606061 -21479.7 347.211
-0.616162 -21481 352.406
-0.626263 -21482.3 357.562
-0.636364 -21483.6 362.694
-0.646465 -21484.9 367.784
-0.656566 -21486.3 372.85
-0.666667 -21487.7 377.87
-0.676768 -21489 382.865
-0.686869 -21490.4 387.81
-0.69697 -21491.8 392.731
-0.707071 -21493.2 397.596
-0.717172 -21494.6 402.437
-0.727273 -21496.1 407.217
-0.737374 -21497.5 411.973
-0.747475 -21499 416.663
-0.757576 -21500.4 421.329
-0.767677 -21501.9 425.923
-0.777778 -21503.3 430.494
-0.787879 -21504.8 434.985
-0.79798 -21506.2 439.455
-0.808081 -21507.6 443.838
-0.818182 -21509 448.201
-0.828283 -21510.4 452.47
-0.838384 -21511.7 456.72
-0.848485 -21513 460.87
-0.858586 -21514.3 465.002
-0.868687 -21515.5 469.027
-0.878788 -21516.6 473.035
-0.888889 -21517.7 476.931
-0.89899 -21518.7 480.812
-0.909091 -21519.6 484.575
-0.919192 -21520.5 488.326
-0.929293 -21521.2 491.954
-0.939394 -21521.9 495.572
-0.949495 -21522.4 499.066
-0.959596 -21522.8 502.552
-0.969697 -21523.1 505.918
-0.979798 -21523.4 509.279
-0.989899 -21523.5 512.57
-1 -21523.6 515.86
