0 -6023.83 -0.000755222
-0.010101 -4589.23 12.8318
-0.020202 -4601.25 25.6849
-0.030303 -4607.9 39.518
-0.040404 -4614.39 53.3596
-0.0505051 -4616.89 67.4078
-0.0606061 -4619.21 81.4675
-0.0707071 -4618.67 95.7084
-0.0808081 -4617.97 109.96
-0.0909091 -4615.35 124.339
-0.10101 -4612.6 138.727
-0.111111 -4608.65 153.199
-0.121212 -4604.63 167.677
-0.131313 -4599.98 182.209
-0.141414 -4595.29 196.746
-0.151515 -4590.39 211.316
-0.161616 -4585.5 225.889
-0.171717 -4580.68 240.479
-0.181818 -4575.92 255.069
-0.191919 -4571.43 269.664
-0.20202 -4567.02 284.257
-0.212121 -4562.99 298.842
-0.222222 -4559.08 313.422
-0.232323 -4555.59 327.984
-0.242424 -4552.24 342.537
-0.252525 -4549.32 357.064
-0.262626 -4546.55 371.579
-0.272727 -4544.2 386.06
-0.282828 -4541.99 400.526
-0.292929 -4540.16 414.951
-0.30303 -4538.48 429.358
-0.313131 -4537.12 443.72
-0.323232 -4535.91 458.059
-0.333333 -4534.97 472.351
-0.343434 -4534.16 486.616
-0.353535 -4533.57 500.831
-0.363636 -4533.1 515.017
-0.373737 -4532.8 529.149
-0.383838 -4532.6 543.249
-0.393939 -4532.55 557.295
-0.40404 -4532.56 571.303
-0.414141 -4532.69 585.256
-0.424242 -4532.87 599.168
-0.434343 -4533.13 613.024
-0.444444 -4533.44 626.834
-0.454545 -4533.8 640.588
-0.464646 -4534.19 654.291
-0.474747 -4534.62 667.937
-0.484848 -4535.07 681.528
-0.494949 -4535.54 695.06
-0.505051 -4536.02 708.533
-0.515152 -4536.52 721.946
-0.525253 -4537.02 735.294
-0.535354 -4537.52 748.582
-0.545455 -4538.02 761.8
-0.555556 -4538.52 774.956
-0.565657 -4539.02 788.036
-0.575758 -4539.51 801.054
-0.585859 -4539.99 813.988
-0.59596 -4540.47 826.861
-0.606061 -4540.93 839.643
-0.616162 -4541.39 852.363
-0.626263 -4541.83 864.984
-0.636364 -4542.27 877.544
-0.646465 -4542.69 889.996
-0.656566 -4543.09 902.387
-0.666667 -4543.48 914.661
-0.676768 -4543.86 926.876
-0.686869 -4544.22 938.964
-0.69697 -4544.56 950.992
-0.707071 -4544.87 962.885
-0.717172 -4545.18 974.719
-0.727273 -4545.45 986.407
-0.737374 -4545.71 998.038
-0.747475 -4545.92 1009.51
-0.757576 -4546.12 1020.93
-0.767677 -4546.28 1032.18
-0.777778 -4546.42 1043.38
-0.787879 -4546.5 1054.4
-0.79798 -4546.57 1065.36
-0.808081 -4546.58 1076.14
-0.818182 -4546.56 1086.87
-0.828283 -4546.48 1097.39
-0.838384 -4546.39 1107.88
-0.848485 -4546.21 1118.14
-0.858586 -4546.03 1128.37
-0.868687 -4545.77 1138.38
-0.878788 -4545.5 1148.35
-0.888889 -4545.16 1158.08
-0.89899 -4544.81 1167.78
-0.909091 -4544.41 1177.24
-0.919192 -4544 1186.68
-0.929293 -4543.57 1195.86
-0.939394 -4543.13 1205.03
-0.949495 -4542.72 1213.95
-0.959596 -4542.31 1222.85
-0.969697 -4541.98 1231.52
-0.979798 -4541.66 1240.18
-0.989899 -4541.52 1248.63
-1 -4541.39 1257.08
