0 23044.8 0.00247213
-0.010101 23305.3 1.93334
-0.020202 23282.6 3.86106
-0.030303 23262.1 5.74724
-0.040404 23241.8 7.63299
-0.0505051 23224 9.5083
-0.0606061 23206.3 11.3872
-0.0707071 23191.3 13.3218
-0.0808081 23176.5 15.2623
-0.0909091 23164.3 17.2695
-0.10101 23152.3 19.2833
-0.111111 23142.6 21.3558
-0.121212 23133.3 23.4348
-0.131313 23126 25.5614
-0.141414 23119 27.6942
-0.151515 23113.7 29.8658
-0.161616 23108.7 32.0436
-0.171717 23105.2 34.2542
-0.181818 23102 36.4709
-0.191919 23099.9 38.7161
-0.20202 23098.1 40.9676
-0.212121 23097.2 43.2438
-0.222222 23096.5 45.526
-0.232323 23096.5 47.8292
-0.242424 23096.6 50.1378
-0.252525 23097.3 52.4633
-0.262626 23098 54.7932
-0.272727 23099.2 57.1357
-0.282828 23100.4 59.4815
-0.292929 23101.8 61.8356
-0.30303 23103.4 64.1916
-0.313131 23105 66.5518
-0.323232 23106.7 68.9124
-0.333333 23108.4 71.2736
-0.343434 23110.2 73.6336
-0.353535 23112 75.9912
-0.363636 23113.7 78.346
-0.373737 23115.5 80.6957
-0.383838 23117.2 83.0411
-0.393939 23118.9 85.3795
-0.40404 23120.6 87.712
-0.414141 23122.3 90.0359
-0.424242 23123.9 92.3527
-0.434343 23125.4 94.6595
-0.444444 23126.9 96.9578
-0.454545 23128.4 99.2453
-0.464646 23129.9 101.523
-0.474747 23131.3 103.789
-0.484848 23132.6 106.045
-0.494949 23134 108.288
-0.505051 23135.3 110.52
-0.515152 23136.6 112.739
-0.525253 23137.9 114.945
-0.535354 23139.2 117.139
-0.545455 23140.5 119.318
-0.555556 23141.7 121.485
-0.565657 23143 123.637
-0.575758 23144.2 125.776
-0.585859 23145.5 127.899
-0.59596 23146.8 130.01
-0.606061 23148 132.103
-0.616162 23149.3 134.184
-0.626263 23150.6 136.247
-0.636364 23152 138.298
-0.646465 23153.3 140.329
-0.656566 23154.7 142.35
-0.666667 23156.1 144.349
-0.676768 23157.5 146.338
-0.686869 23158.9 148.306
-0.69697 23160.4 150.263
-0.707071 23161.9 152.199
-0.717172 23163.5 154.125
-0.727273 23165 156.028
-0.737374 23166.6 157.923
-0.747475 23168.2 159.795
-0.757576 23169.9 161.659
-0.767677 23171.5 163.5
-0.777778 23173.2 165.334
-0.787879 23174.9 167.146
-0.79798 23176.6 168.951
-0.808081 23178.3 170.735
-0.818182 23180 172.513
-0.828283 23181.8 174.27
-0.838384 23183.5 176.023
-0.848485 23185.1 177.756
-0.858586 23186.8 179.484
-0.868687 23188.4 181.194
-0.878788 23190 182.901
-0.888889 23191.5 184.59
-0.89899 23193 186.277
-0.909091 23194.4 187.947
-0.919192 23195.7 189.615
-0.929293 23196.8 191.267
-0.939394 23197.9 192.919
-0.949495 23198.8 194.557
-0.959596 23199.7 196.195
-0.969697 23200.2 197.827
-0.979798 23200.8 199.459
-0.989899 23201 201.036
-1 23201.2 202.612
