0 23519.1 0.00275988
-0.010101 23310.5 -2.23286
-0.020202 23293 -4.47815
-0.030303 23276 -7.07295
-0.040404 23258.9 -9.67095
-0.0505051 23243 -12.3455
-0.0606061 23227.2 -15.0204
-0.0707071 23212.9 -17.7016
-0.0808081 23198.8 -20.381
-0.0909091 23186.5 -23.039
-0.10101 23174.4 -25.6939
-0.111111 23164.1 -28.3211
-0.121212 23154.1 -30.9447
-0.131313 23145.8 -33.5414
-0.141414 23137.7 -36.134
-0.151515 23131.3 -38.7014
-0.161616 23125.1 -41.2641
-0.171717 23120.3 -43.8023
-0.181818 23115.7 -46.335
-0.191919 23112.4 -48.8428
-0.20202 23109.3 -51.3444
-0.212121 23107.1 -53.8207
-0.222222 23105.2 -56.29
-0.232323 23104.1 -58.7343
-0.242424 23103.2 -61.171
-0.252525 23102.9 -63.5838
-0.262626 23102.8 -65.9886
-0.272727 23103.1 -68.3711
-0.282828 23103.5 -70.7457
-0.292929 23104.3 -73.1001
-0.30303 23105.2 -75.4467
-0.313131 23106.3 -77.7753
-0.323232 23107.5 -80.0966
-0.333333 23108.9 -82.4021
-0.343434 23110.3 -84.7006
-0.353535 23111.8 -86.9853
-0.363636 23113.3 -89.2634
-0.373737 23114.8 -91.5294
-0.383838 23116.4 -93.789
-0.393939 23118 -96.0381
-0.40404 23119.6 -98.2809
-0.414141 23121.1 -100.514
-0.424242 23122.7 -102.741
-0.434343 23124.2 -104.96
-0.444444 23125.7 -107.172
-0.454545 23127.2 -109.376
-0.464646 23128.7 -111.573
-0.474747 23130.2 -113.763
-0.484848 23131.6 -115.946
-0.494949 23133 -118.121
-0.505051 23134.4 -120.289
-0.515152 23135.8 -122.449
-0.525253 23137.2 -124.601
-0.535354 23138.5 -126.745
-0.545455 23139.9 -128.881
-0.555556 23141.2 -131.009
-0.565657 23142.6 -133.126
-0.575758 23143.9 -135.236
-0.585859 23145.2 -137.335
-0.59596 23146.6 -139.426
-0.606061 23147.9 -141.504
-0.616162 23149.3 -143.574
-0.626263 23150.6 -145.631
-0.636364 23152 -147.678
-0.646465 23153.4 -149.71
-0.656566 23154.8 -151.733
-0.666667 23156.2 -153.739
-0.676768 23157.7 -155.735
-0.686869 23159.2 -157.712
-0.69697 23160.7 -159.679
-0.707071 23162.2 -161.624
-0.717172 23163.7 -163.559
-0.727273 23165.2 -165.47
-0.737374 23166.8 -167.37
-0.747475 23168.4 -169.242
-0.757576 23170 -171.104
-0.767677 23171.6 -172.934
-0.777778 23173.2 -174.755
-0.787879 23174.8 -176.539
-0.79798 23176.5 -178.313
-0.808081 23178.1 -180.048
-0.818182 23179.7 -181.772
-0.828283 23181.2 -183.453
-0.838384 23182.8 -185.124
-0.848485 23184.3 -186.746
-0.858586 23185.8 -188.359
-0.868687 23187.3 -189.919
-0.878788 23188.7 -191.471
-0.888889 23190 -192.965
-0.89899 23191.3 -194.452
-0.909091 23192.4 -195.878
-0.919192 23193.5 -197.297
-0.929293 23194.5 -198.653
-0.939394 23195.4 -200.003
-0.949495 23196.1 -201.287
-0.959596 23196.7 -202.567
-0.969697 23197.2 -203.78
-0.979798 23197.6 -204.99
-0.989899 23197.7 -206.185
-1 23197.9 -207.379
