0 -23628.4 -0.00143149
-0.010101 -23587.3 0.758432
-0.020202 -23567.8 1.52452
-0.030303 -23549.3 2.53088
-0.040404 -23530.8 3.53938
-0.0505051 -23514 4.59937
-0.0606061 -23497.3 5.65821
-0.0707071 -23482.6 6.6992
-0.0808081 -23468.1 7.73675
-0.0909091 -23455.7 8.73477
-0.10101 -23443.5 9.72828
-0.111111 -23433.3 10.6812
-0.121212 -23423.3 11.6292
-0.131313 -23415.3 12.5414
-0.141414 -23407.5 13.4485
-0.151515 -23401.4 14.3242
-0.161616 -23395.6 15.1945
-0.171717 -23391.2 16.036
-0.181818 -23387.1 16.8716
-0.191919 -23384.1 17.68
-0.20202 -23381.4 18.4818
-0.212121 -23379.7 19.2577
-0.222222 -23378.2 20.0268
-0.232323 -23377.5 20.7714
-0.242424 -23377 21.5091
-0.252525 -23377 22.2246
-0.262626 -23377.2 22.9333
-0.272727 -23377.8 23.6225
-0.282828 -23378.5 24.3054
-0.292929 -23379.6 24.9718
-0.30303 -23380.7 25.6325
-0.313131 -23382 26.2798
-0.323232 -23383.4 26.9221
-0.333333 -23384.9 27.5539
-0.343434 -23386.4 28.1814
-0.353535 -23388.1 28.8009
-0.363636 -23389.7 29.4171
-0.373737 -23391.3 30.0272
-0.383838 -23393 30.6348
-0.393939 -23394.6 31.2381
-0.40404 -23396.2 31.8394
-0.414141 -23397.9 32.4378
-0.424242 -23399.4 33.0347
-0.434343 -23401 33.6297
-0.444444 -23402.5 34.2237
-0.454545 -23404.1 34.8164
-0.464646 -23405.5 35.4084
-0.474747 -23407 35.9996
-0.484848 -23408.4 36.5904
-0.494949 -23409.8 37.1806
-0.505051 -23411.2 37.7704
-0.515152 -23412.6 38.3598
-0.525253 -23413.9 38.9487
-0.535354 -23415.3 39.5373
-0.545455 -23416.6 40.1253
-0.555556 -23417.9 40.7128
-0.565657 -23419.3 41.2996
-0.575758 -23420.6 41.8857
-0.585859 -23421.9 42.4707
-0.59596 -23423.2 43.0549
-0.606061 -23424.6 43.6375
-0.616162 -23425.9 44.2191
-0.626263 -23427.3 44.7984
-0.636364 -23428.7 45.3764
-0.646465 -23430.1 45.9515
-0.656566 -23431.5 46.5249
-0.666667 -23432.9 47.0944
-0.676768 -23434.4 47.662
-0.686869 -23435.9 48.2244
-0.69697 -23437.4 48.7845
-0.707071 -23438.9 49.3381
-0.717172 -23440.4 49.889
-0.727273 -23442 50.4316
-0.737374 -23443.6 50.9712
-0.747475 -23445.2 51.5005
-0.757576 -23446.8 52.0263
-0.767677 -23448.5 52.5396
-0.777778 -23450.1 53.049
-0.787879 -23451.8 53.5432
-0.79798 -23453.5 54.0333
-0.808081 -23455.2 54.5053
-0.818182 -23456.8 54.9728
-0.828283 -23458.5 55.4192
-0.838384 -23460.1 55.861
-0.848485 -23461.7 56.2785
-0.858586 -23463.3 56.6913
-0.868687 -23464.8 57.0766
-0.878788 -23466.3 57.4573
-0.888889 -23467.7 57.8074
-0.89899 -23469.1 58.1533
-0.909091 -23470.3 58.4656
-0.919192 -23471.5 58.7743
-0.929293 -23472.5 59.0469
-0.939394 -23473.5 59.3165
-0.949495 -23474.3 59.5476
-0.959596 -23475 59.7763
-0.969697 -23475.5 59.963
-0.979798 -23476 60.1479
-0.989899 -23476.2 60.3431
-1 -23476.3 60.5384
