0 20619.3 0.00232279
-0.010101 19845.4 -7.20375
-0.020202 19837.2 -14.4259
-0.030303 19826.9 -22.3352
-0.040404 19816.6 -30.2506
-0.0505051 19805.5 -38.3129
-0.0606061 19794.3 -46.3804
-0.0707071 19783.2 -54.53
-0.0808081 19772.1 -62.6828
-0.0909091 19761.5 -70.8735
-0.10101 19751 -79.0658
-0.111111 19741.4 -87.2722
-0.121212 19732 -95.4789
-0.131313 19723.6 -103.688
-0.141414 19715.4 -111.895
-0.151515 19708.4 -120.098
-0.161616 19701.5 -128.298
-0.171717 19695.8 -136.487
-0.181818 19690.3 -144.671
-0.191919 19685.8 -152.839
-0.20202 19681.5 -161
-0.212121 19678.2 -169.14
-0.222222 19675 -177.271
-0.232323 19672.7 -185.376
-0.242424 19670.5 -193.472
-0.252525 19669.1 -201.537
-0.262626 19667.8 -209.592
-0.272727 19667 -217.615
-0.282828 19666.4 -225.625
-0.292929 19666.2 -233.603
-0.30303 19666.2 -241.567
-0.313131 19666.5 -249.498
-0.323232 19666.9 -257.414
-0.333333 19667.5 -265.297
-0.343434 19668.2 -273.164
-0.353535 19669.1 -280.999
-0.363636 19670.1 -288.816
-0.373737 19671.1 -296.602
-0.383838 19672.3 -304.368
-0.393939 19673.5 -312.104
-0.40404 19674.7 -319.819
-0.414141 19675.9 -327.503
-0.424242 19677.2 -335.164
-0.434343 19678.5 -342.795
-0.444444 19679.8 -350.402
-0.454545 19681.1 -357.978
-0.464646 19682.4 -365.528
-0.474747 19683.7 -373.047
-0.484848 19685 -380.538
-0.494949 19686.3 -387.998
-0.505051 19687.6 -395.426
-0.515152 19688.9 -402.824
-0.525253 19690.1 -410.187
-0.535354 19691.4 -417.519
-0.545455 19692.6 -424.813
-0.555556 19693.9 -432.076
-0.565657 19695.1 -439.298
-0.575758 19696.3 -446.488
-0.585859 19697.6 -453.633
-0.59596 19698.8 -460.747
-0.606061 19700 -467.811
-0.616162 19701.3 -474.843
-0.626263 19702.5 -481.822
-0.636364 19703.8 -488.768
-0.646465 19705 -495.656
-0.656566 19706.3 -502.511
-0.666667 19707.5 -509.302
-0.676768 19708.8 -516.061
-0.686869 19710.1 -522.751
-0.69697 19711.4 -529.408
-0.707071 19712.7 -535.99
-0.717172 19714 -542.54
-0.727273 19715.3 -549.008
-0.737374 19716.6 -555.443
-0.747475 19717.9 -561.79
-0.757576 19719.2 -568.106
-0.767677 19720.5 -574.325
-0.777778 19721.8 -580.514
-0.787879 19723.1 -586.598
-0.79798 19724.4 -592.654
-0.808081 19725.6 -598.597
-0.818182 19726.9 -604.512
-0.828283 19728 -610.307
-0.838384 19729.2 -616.075
-0.848485 19730.3 -621.715
-0.858586 19731.4 -627.331
-0.868687 19732.4 -632.81
-0.878788 19733.3 -638.267
-0.888889 19734.2 -643.581
-0.89899 19735 -648.875
-0.909091 19735.7 -654.018
-0.919192 19736.4 -659.146
-0.929293 19736.9 -664.118
-0.939394 19737.4 -669.077
-0.949495 19737.8 -673.88
-0.959596 19738.1 -678.673
-0.969697 19738.3 -683.316
-0.979798 19738.5 -687.953
-0.989899 19738.6 -692.487
-1 19738.6 -697.018
