0 15922.5 0.00188057
-0.010101 14794.7 -10.27
-0.020202 14794.6 -20.5613
-0.030303 14790.9 -31.725
-0.040404 14787.1 -42.8964
-0.0505051 14781 -54.2528
-0.0606061 14774.9 -65.6177
-0.0707071 14767.5 -77.1148
-0.0808081 14760 -88.6188
-0.0909091 14752 -100.203
-0.10101 14744.1 -111.792
-0.111111 14736.2 -123.426
-0.121212 14728.4 -135.064
-0.131313 14720.9 -146.727
-0.141414 14713.6 -158.391
-0.151515 14706.9 -170.066
-0.161616 14700.3 -181.741
-0.171717 14694.5 -193.415
-0.181818 14688.9 -205.088
-0.191919 14684 -216.751
-0.20202 14679.3 -228.41
-0.212121 14675.4 -240.05
-0.222222 14671.7 -251.684
-0.232323 14668.6 -263.292
-0.242424 14665.8 -274.891
-0.252525 14663.5 -286.459
-0.262626 14661.5 -298.014
-0.272727 14660 -309.534
-0.282828 14658.6 -321.039
-0.292929 14657.7 -332.506
-0.30303 14656.9 -343.955
-0.313131 14656.5 -355.364
-0.323232 14656.2 -366.753
-0.333333 14656.2 -378.1
-0.343434 14656.4 -389.425
-0.353535 14656.7 -400.708
-0.363636 14657.1 -411.966
-0.373737 14657.6 -423.18
-0.383838 14658.3 -434.368
-0.393939 14659 -445.511
-0.40404 14659.8 -456.626
-0.414141 14660.7 -467.696
-0.424242 14661.6 -478.734
-0.434343 14662.5 -489.727
-0.444444 14663.5 -500.685
-0.454545 14664.5 -511.599
-0.464646 14665.5 -522.473
-0.474747 14666.5 -533.302
-0.484848 14667.6 -544.09
-0.494949 14668.6 -554.831
-0.505051 14669.6 -565.526
-0.515152 14670.7 -576.175
-0.525253 14671.7 -586.774
-0.535354 14672.7 -597.325
-0.545455 14673.8 -607.822
-0.555556 14674.8 -618.272
-0.565657 14675.8 -628.662
-0.575758 14676.8 -639.004
-0.585859 14677.8 -649.281
-0.59596 14678.8 -659.51
-0.606061 14679.8 -669.667
-0.616162 14680.8 -679.777
-0.626263 14681.8 -689.809
-0.636364 14682.8 -699.793
-0.646465 14683.8 -709.692
-0.656566 14684.8 -719.544
-0.666667 14685.8 -729.304
-0.676768 14686.7 -739.016
-0.686869 14687.7 -748.628
-0.69697 14688.7 -758.193
-0.707071 14689.7 -767.65
-0.717172 14690.7 -777.06
-0.727273 14691.6 -786.354
-0.737374 14692.6 -795.602
-0.747475 14693.5 -804.723
-0.757576 14694.4 -813.801
-0.767677 14695.4 -822.742
-0.777778 14696.3 -831.641
-0.787879 14697.1 -840.393
-0.79798 14698 -849.105
-0.808081 14698.8 -857.661
-0.818182 14699.5 -866.177
-0.828283 14700.3 -874.528
-0.838384 14701 -882.842
-0.848485 14701.6 -890.98
-0.858586 14702.2 -899.084
-0.868687 14702.7 -907.003
-0.878788 14703.2 -914.891
-0.888889 14703.6 -922.584
-0.89899 14704 -930.25
-0.909091 14704.3 -937.714
-0.919192 14704.6 -945.155
-0.929293 14704.7 -952.388
-0.939394 14704.9 -959.602
-0.949495 14704.9 -966.608
-0.959596 14705 -973.601
-0.969697 14704.9 -980.396
-0.979798 14704.9 -987.184
-0.989899 14704.9 -993.81
-1 14704.9 -1000.43
