0 -17278.7 -0.00161282
-0.010101 -18230.7 -8.16416
-0.020202 -18204.7 -16.3345
-0.030303 -18183.3 -24.9619
-0.040404 -18162.1 -33.5933
-0.0505051 -18145.1 -42.32
-0.0606061 -18128.4 -51.0556
-0.0707071 -18115.5 -59.932
-0.0808081 -18102.8 -68.8192
-0.0909091 -18093.3 -77.8295
-0.10101 -18084.1 -86.8502
-0.111111 -18077.6 -95.9648
-0.121212 -18071.4 -105.089
-0.131313 -18067.3 -114.282
-0.141414 -18063.5 -123.483
-0.151515 -18061.3 -132.735
-0.161616 -18059.4 -141.994
-0.171717 -18058.7 -151.291
-0.181818 -18058.3 -160.594
-0.191919 -18058.7 -169.924
-0.20202 -18059.3 -179.258
-0.212121 -18060.5 -188.611
-0.222222 -18061.9 -197.967
-0.232323 -18063.6 -207.332
-0.242424 -18065.4 -216.697
-0.252525 -18067.5 -226.065
-0.262626 -18069.6 -235.43
-0.272727 -18071.7 -244.789
-0.282828 -18073.9 -254.144
-0.292929 -18076.1 -263.485
-0.30303 -18078.3 -272.819
-0.313131 -18080.4 -282.135
-0.323232 -18082.5 -291.439
-0.333333 -18084.6 -300.72
-0.343434 -18086.5 -309.987
-0.353535 -18088.4 -319.226
-0.363636 -18090.2 -328.448
-0.373737 -18091.9 -337.639
-0.383838 -18093.5 -346.809
-0.393939 -18095 -355.946
-0.40404 -18096.5 -365.06
-0.414141 -18097.9 -374.138
-0.424242 -18099.2 -383.189
-0.434343 -18100.4 -392.203
-0.444444 -18101.6 -401.186
-0.454545 -18102.7 -410.132
-0.464646 -18103.8 -419.043
-0.474747 -18104.8 -427.916
-0.484848 -18105.8 -436.751
-0.494949 -18106.8 -445.547
-0.505051 -18107.7 -454.301
-0.515152 -18108.6 -463.015
-0.525253 -18109.5 -471.685
-0.535354 -18110.4 -480.314
-0.545455 -18111.2 -488.894
-0.555556 -18112.1 -497.433
-0.565657 -18112.9 -505.919
-0.575758 -18113.8 -514.364
-0.585859 -18114.7 -522.752
-0.59596 -18115.5 -531.098
-0.606061 -18116.4 -539.383
-0.616162 -18117.3 -547.626
-0.626263 -18118.3 -555.803
-0.636364 -18119.2 -563.939
-0.646465 -18120.2 -572.004
-0.656566 -18121.2 -580.028
-0.666667 -18122.2 -587.975
-0.676768 -18123.3 -595.882
-0.686869 -18124.4 -603.707
-0.69697 -18125.5 -611.493
-0.707071 -18126.7 -619.191
-0.717172 -18127.9 -626.852
-0.727273 -18129.1 -634.419
-0.737374 -18130.4 -641.949
-0.747475 -18131.7 -649.38
-0.757576 -18133 -656.777
-0.767677 -18134.4 -664.069
-0.777778 -18135.8 -671.327
-0.787879 -18137.3 -678.476
-0.79798 -18138.8 -685.593
-0.808081 -18140.3 -692.596
-0.818182 -18141.8 -699.569
-0.828283 -18143.3 -706.422
-0.838384 -18144.9 -713.249
-0.848485 -18146.5 -719.951
-0.858586 -18148 -726.629
-0.868687 -18149.6 -733.178
-0.878788 -18151.1 -739.706
-0.888889 -18152.6 -746.1
-0.89899 -18154.1 -752.476
-0.909091 -18155.5 -758.716
-0.919192 -18156.9 -764.94
-0.929293 -18158.1 -771.027
-0.939394 -18159.3 -777.101
-0.949495 -18160.3 -783.04
-0.959596 -18161.3 -788.97
-0.969697 -18161.9 -794.781
-0.979798 -18162.6 -800.586
-0.989899 -18162.8 -806.234
-1 -18163 -811.879
