0 -16318.7 -0.00192666
-0.010101 -15212.7 10.089
-0.020202 -15212 20.1991
-0.030303 -15207.8 31.1693
-0.040404 -15203.5 42.1469
-0.0505051 -15197.1 53.3049
-0.0606061 -15190.5 64.471
-0.0707071 -15182.8 75.7638
-0.0808081 -15175 87.0631
-0.0909091 -15166.8 98.4375
-0.10101 -15158.7 109.817
-0.111111 -15150.6 121.237
-0.121212 -15142.6 132.661
-0.131313 -15135.1 144.106
-0.141414 -15127.6 155.552
-0.151515 -15120.9 167.006
-0.161616 -15114.3 178.461
-0.171717 -15108.4 189.913
-0.181818 -15102.8 201.363
-0.191919 -15097.9 212.801
-0.20202 -15093.2 224.235
-0.212121 -15089.3 235.65
-0.222222 -15085.6 247.058
-0.232323 -15082.6 258.44
-0.242424 -15079.8 269.812
-0.252525 -15077.6 281.153
-0.262626 -15075.6 292.482
-0.272727 -15074.1 303.775
-0.282828 -15072.8 315.053
-0.292929 -15071.9 326.293
-0.30303 -15071.2 337.516
-0.313131 -15070.9 348.699
-0.323232 -15070.6 359.863
-0.333333 -15070.7 370.985
-0.343434 -15070.8 382.085
-0.353535 -15071.2 393.144
-0.363636 -15071.6 404.178
-0.373737 -15072.2 415.17
-0.383838 -15072.9 426.136
-0.393939 -15073.7 437.059
-0.40404 -15074.5 447.953
-0.414141 -15075.4 458.804
-0.424242 -15076.3 469.623
-0.434343 -15077.3 480.399
-0.444444 -15078.3 491.141
-0.454545 -15079.3 501.838
-0.464646 -15080.4 512.498
-0.474747 -15081.4 523.114
-0.484848 -15082.5 533.689
-0.494949 -15083.6 544.218
-0.505051 -15084.6 554.703
-0.515152 -15085.7 565.143
-0.525253 -15086.7 575.533
-0.535354 -15087.8 585.878
-0.545455 -15088.8 596.17
-0.555556 -15089.9 606.415
-0.565657 -15090.9 616.601
-0.575758 -15092 626.742
-0.585859 -15093 636.818
-0.59596 -15094 646.848
-0.606061 -15095.1 656.807
-0.616162 -15096.1 666.72
-0.626263 -15097.1 676.557
-0.636364 -15098.1 686.348
-0.646465 -15099.1 696.055
-0.656566 -15100.2 705.716
-0.666667 -15101.2 715.286
-0.676768 -15102.2 724.811
-0.686869 -15103.2 734.237
-0.69697 -15104.2 743.618
-0.707071 -15105.2 752.892
-0.717172 -15106.2 762.122
-0.727273 -15107.2 771.236
-0.737374 -15108.2 780.306
-0.747475 -15109.2 789.253
-0.757576 -15110.2 798.156
-0.767677 -15111.1 806.925
-0.777778 -15112.1 815.653
-0.787879 -15113 824.238
-0.79798 -15113.9 832.782
-0.808081 -15114.7 841.174
-0.818182 -15115.5 849.527
-0.828283 -15116.3 857.716
-0.838384 -15117 865.871
-0.848485 -15117.7 873.852
-0.858586 -15118.4 881.8
-0.868687 -15118.9 889.565
-0.878788 -15119.5 897.3
-0.888889 -15119.9 904.844
-0.89899 -15120.3 912.361
-0.909091 -15120.6 919.679
-0.919192 -15120.9 926.975
-0.929293 -15121.1 934.065
-0.939394 -15121.3 941.138
-0.949495 -15121.4 948.005
-0.959596 -15121.4 954.858
-0.969697 -15121.4 961.518
-0.979798 -15121.4 968.169
-0.989899 -15121.4 974.663
-1 -15121.4 981.153
