0 23388.7 0.00155129
-0.010101 23113.7 -2.82752
-0.020202 23097.1 -5.66596
-0.030303 23080.7 -8.89395
-0.040404 23064.3 -12.1254
-0.0505051 23048.8 -15.4405
-0.0606061 23033.3 -18.7564
-0.0707071 23019.3 -22.0859
-0.0808081 23005.4 -25.414
-0.0909091 22993.2 -28.7262
-0.10101 22981.2 -32.0358
-0.111111 22970.9 -35.3212
-0.121212 22960.8 -38.6033
-0.131313 22952.4 -41.8607
-0.141414 22944.3 -45.1142
-0.151515 22937.7 -48.3439
-0.161616 22931.4 -51.569
-0.171717 22926.4 -54.7701
-0.181818 22921.7 -57.9659
-0.191919 22918.2 -61.1369
-0.20202 22914.9 -64.3015
-0.212121 22912.6 -67.4406
-0.222222 22910.6 -70.5725
-0.232323 22909.3 -73.6786
-0.242424 22908.3 -76.7768
-0.252525 22907.8 -79.8498
-0.262626 22907.5 -82.9145
-0.272727 22907.7 -85.9555
-0.282828 22908.1 -88.9879
-0.292929 22908.7 -91.9983
-0.30303 22909.5 -95.0003
-0.313131 22910.6 -97.9823
-0.323232 22911.7 -100.956
-0.333333 22913 -103.912
-0.343434 22914.3 -106.86
-0.353535 22915.7 -109.792
-0.363636 22917.2 -112.715
-0.373737 22918.7 -115.625
-0.383838 22920.2 -118.527
-0.393939 22921.8 -121.415
-0.40404 22923.3 -124.296
-0.414141 22924.9 -127.165
-0.424242 22926.4 -130.026
-0.434343 22927.9 -132.876
-0.444444 22929.4 -135.717
-0.454545 22930.9 -138.548
-0.464646 22932.4 -141.37
-0.474747 22933.9 -144.181
-0.484848 22935.3 -146.984
-0.494949 22936.7 -149.775
-0.505051 22938.1 -152.557
-0.515152 22939.5 -155.329
-0.525253 22940.8 -158.089
-0.535354 22942.2 -160.839
-0.545455 22943.5 -163.577
-0.555556 22944.9 -166.305
-0.565657 22946.2 -169.019
-0.575758 22947.6 -171.722
-0.585859 22948.9 -174.411
-0.59596 22950.2 -177.088
-0.606061 22951.6 -179.749
-0.616162 22952.9 -182.399
-0.626263 22954.3 -185.031
-0.636364 22955.7 -187.651
-0.646465 22957.1 -190.25
-0.656566 22958.5 -192.838
-0.666667 22959.9 -195.403
-0.676768 22961.3 -197.957
-0.686869 22962.8 -200.484
-0.69697 22964.3 -203
-0.707071 22965.8 -205.487
-0.717172 22967.3 -207.962
-0.727273 22968.8 -210.405
-0.737374 22970.4 -212.836
-0.747475 22972 -215.231
-0.757576 22973.5 -217.614
-0.767677 22975.1 -219.957
-0.777778 22976.7 -222.288
-0.787879 22978.3 -224.575
-0.79798 22979.9 -226.85
-0.808081 22981.5 -229.076
-0.818182 22983.1 -231.29
-0.828283 22984.6 -233.451
-0.838384 22986.2 -235.6
-0.848485 22987.7 -237.691
-0.858586 22989.1 -239.771
-0.868687 22990.5 -241.789
-0.878788 22991.9 -243.796
-0.888889 22993.2 -245.735
-0.89899 22994.4 -247.665
-0.909091 22995.5 -249.524
-0.919192 22996.6 -251.375
-0.929293 22997.5 -253.151
-0.939394 22998.3 -254.921
-0.949495 22999 -256.614
-0.959596 22999.6 -258.302
-0.969697 23000 -259.913
-0.979798 23000.4 -261.52
-0.989899 23000.6 -263.102
-1 23000.7 -264.683
