0 7580.37 0.000945685
-0.010101 6170.47 -12.6361
-0.020202 6180.87 -25.2939
-0.030303 6186.09 -38.9301
-0.040404 6191.15 -52.5749
-0.0505051 6192.41 -66.4264
-0.0606061 6193.51 -80.2893
-0.0707071 6191.94 -94.3289
-0.0808081 6190.23 -108.379
-0.0909091 6186.78 -122.552
-0.10101 6183.21 -136.733
-0.111111 6178.63 -150.993
-0.121212 6173.98 -165.261
-0.131313 6168.85 -179.578
-0.141414 6163.7 -193.9
-0.151515 6158.46 -208.252
-0.161616 6153.25 -222.607
-0.171717 6148.22 -236.977
-0.181818 6143.26 -251.348
-0.191919 6138.65 -265.72
-0.20202 6134.14 -280.091
-0.212121 6130.06 -294.452
-0.222222 6126.12 -308.808
-0.232323 6122.65 -323.145
-0.242424 6119.33 -337.473
-0.252525 6116.47 -351.774
-0.262626 6113.77 -366.062
-0.272727 6111.5 -380.316
-0.282828 6109.39 -394.554
-0.292929 6107.67 -408.752
-0.30303 6106.1 -422.931
-0.313131 6104.87 -437.066
-0.323232 6103.77 -451.178
-0.333333 6102.97 -465.243
-0.343434 6102.28 -479.282
-0.353535 6101.82 -493.271
-0.363636 6101.47 -507.23
-0.373737 6101.3 -521.138
-0.383838 6101.22 -535.013
-0.393939 6101.28 -548.835
-0.40404 6101.41 -562.62
-0.414141 6101.65 -576.351
-0.424242 6101.94 -590.041
-0.434343 6102.31 -603.676
-0.444444 6102.72 -617.267
-0.454545 6103.18 -630.802
-0.464646 6103.67 -644.287
-0.474747 6104.2 -657.716
-0.484848 6104.74 -671.092
-0.494949 6105.3 -684.409
-0.505051 6105.88 -697.668
-0.515152 6106.46 -710.869
-0.525253 6107.05 -724.006
-0.535354 6107.63 -737.084
-0.545455 6108.22 -750.093
-0.555556 6108.81 -763.042
-0.565657 6109.39 -775.915
-0.575758 6109.96 -788.728
-0.585859 6110.53 -801.459
-0.59596 6111.09 -814.13
-0.606061 6111.65 -826.71
-0.616162 6112.19 -839.231
-0.626263 6112.72 -851.654
-0.636364 6113.25 -864.017
-0.646465 6113.76 -876.274
-0.656566 6114.26 -888.471
-0.666667 6114.74 -900.554
-0.676768 6115.21 -912.577
-0.686869 6115.67 -924.476
-0.69697 6116.11 -936.317
-0.707071 6116.53 -948.024
-0.717172 6116.94 -959.673
-0.727273 6117.32 -971.178
-0.737374 6117.68 -982.627
-0.747475 6118.01 -993.921
-0.757576 6118.32 -1005.16
-0.767677 6118.59 -1016.24
-0.777778 6118.85 -1027.26
-0.787879 6119.05 -1038.1
-0.79798 6119.23 -1048.9
-0.808081 6119.35 -1059.5
-0.818182 6119.46 -1070.06
-0.828283 6119.5 -1080.42
-0.838384 6119.52 -1090.74
-0.848485 6119.47 -1100.84
-0.858586 6119.4 -1110.91
-0.868687 6119.25 -1120.75
-0.878788 6119.09 -1130.56
-0.888889 6118.85 -1140.13
-0.89899 6118.61 -1149.68
-0.909091 6118.3 -1158.98
-0.919192 6117.99 -1168.26
-0.929293 6117.64 -1177.29
-0.939394 6117.28 -1186.31
-0.949495 6116.93 -1195.07
-0.959596 6116.58 -1203.83
-0.969697 6116.29 -1212.35
-0.979798 6116.01 -1220.86
-0.989899 6115.89 -1229.17
-1 6115.77 -1237.47
