0 23544.9 0.00142428
-0.010101 23604.8 0.141715
-0.020202 23584.1 0.277113
-0.030303 23564.9 0.237636
-0.040404 23545.7 0.196559
-0.0505051 23528.5 0.117104
-0.0606061 23511.4 0.0395807
-0.0707071 23496.5 -0.00769242
-0.0808081 23481.9 -0.0507514
-0.0909091 23469.4 -0.0453477
-0.10101 23457.2 -0.0347797
-0.111111 23447.2 0.0222658
-0.121212 23437.4 0.0847093
-0.131313 23429.6 0.186738
-0.141414 23422 0.294246
-0.151515 23416.2 0.43541
-0.161616 23410.6 0.582263
-0.171717 23406.5 0.758985
-0.181818 23402.6 0.941742
-0.191919 23400 1.15199
-0.20202 23397.6 1.36861
-0.212121 23396.1 1.61071
-0.222222 23394.9 1.85933
-0.232323 23394.4 2.13111
-0.242424 23394.1 2.40931
-0.252525 23394.3 2.70784
-0.262626 23394.7 3.01238
-0.272727 23395.5 3.33399
-0.282828 23396.4 3.66093
-0.292929 23397.6 4.00153
-0.30303 23398.8 4.34655
-0.313131 23400.3 4.70188
-0.323232 23401.8 5.06062
-0.333333 23403.4 5.42659
-0.343434 23405 5.79489
-0.353535 23406.7 6.16773
-0.363636 23408.3 6.54185
-0.373737 23410 6.91824
-0.383838 23411.7 7.29492
-0.393939 23413.4 7.67205
-0.40404 23415 8.04855
-0.414141 23416.7 8.42408
-0.424242 23418.3 8.79816
-0.434343 23419.8 9.17023
-0.444444 23421.4 9.54011
-0.454545 23422.9 9.90721
-0.464646 23424.4 10.2715
-0.474747 23425.8 10.6325
-0.484848 23427.2 10.9902
-0.494949 23428.6 11.3442
-0.505051 23430 11.6945
-0.515152 23431.4 12.041
-0.525253 23432.7 12.3833
-0.535354 23434 12.7218
-0.545455 23435.3 13.0559
-0.555556 23436.7 13.3861
-0.565657 23438 13.7117
-0.575758 23439.3 14.0337
-0.585859 23440.6 14.3508
-0.59596 23441.9 14.6645
-0.606061 23443.2 14.9733
-0.616162 23444.6 15.2789
-0.626263 23445.9 15.5796
-0.636364 23447.3 15.8774
-0.646465 23448.7 16.1706
-0.656566 23450.1 16.4612
-0.666667 23451.5 16.7475
-0.676768 23452.9 17.0315
-0.686869 23454.4 17.3118
-0.69697 23455.9 17.5902
-0.707071 23457.5 17.8656
-0.717172 23459 18.1397
-0.727273 23460.6 18.4116
-0.737374 23462.2 18.6828
-0.747475 23463.8 18.9531
-0.757576 23465.4 19.2231
-0.767677 23467.1 19.4939
-0.777778 23468.8 19.7649
-0.787879 23470.5 20.0384
-0.79798 23472.2 20.3127
-0.808081 23473.8 20.5917
-0.818182 23475.5 20.8719
-0.828283 23477.2 21.1591
-0.838384 23478.9 21.4479
-0.848485 23480.5 21.7462
-0.858586 23482.1 22.0463
-0.868687 23483.7 22.3584
-0.878788 23485.2 22.6726
-0.888889 23486.7 23.0012
-0.89899 23488.1 23.3318
-0.909091 23489.4 23.6792
-0.919192 23490.6 24.0284
-0.929293 23491.7 24.3965
-0.939394 23492.7 24.7662
-0.949495 23493.5 25.1572
-0.959596 23494.3 25.5495
-0.969697 23494.8 25.9679
-0.979798 23495.3 26.3873
-0.989899 23495.5 26.7819
-1 23495.7 27.176
