0 -21483.1 -0.00184354
-0.010101 -22034.1 -4.53394
-0.020202 -22009.2 -9.06755
-0.030303 -21987.7 -13.7616
-0.040404 -21966.3 -18.4569
-0.0505051 -21948.2 -23.1849
-0.0606061 -21930.3 -27.9187
-0.0707071 -21915.7 -32.7452
-0.0808081 -21901.2 -37.5796
-0.0909091 -21889.7 -42.5063
-0.10101 -21878.4 -47.4414
-0.111111 -21869.7 -52.4517
-0.121212 -21861.3 -57.47
-0.131313 -21855.1 -62.5464
-0.141414 -21849.1 -67.6301
-0.151515 -21845 -72.7589
-0.161616 -21841.1 -77.8946
-0.171717 -21838.6 -83.0663
-0.181818 -21836.4 -88.2444
-0.191919 -21835.3 -93.4515
-0.20202 -21834.4 -98.6644
-0.212121 -21834.3 -103.9
-0.222222 -21834.4 -109.141
-0.232323 -21835.1 -114.399
-0.242424 -21835.9 -119.661
-0.252525 -21837.2 -124.934
-0.262626 -21838.5 -130.209
-0.272727 -21840.1 -135.49
-0.282828 -21841.7 -140.771
-0.292929 -21843.5 -146.052
-0.30303 -21845.4 -151.331
-0.313131 -21847.3 -156.605
-0.323232 -21849.2 -161.875
-0.333333 -21851.1 -167.135
-0.343434 -21853 -172.39
-0.353535 -21854.9 -177.631
-0.363636 -21856.7 -182.864
-0.373737 -21858.5 -188.081
-0.383838 -21860.3 -193.287
-0.393939 -21862 -198.476
-0.40404 -21863.6 -203.65
-0.414141 -21865.2 -208.805
-0.424242 -21866.7 -213.945
-0.434343 -21868.2 -219.063
-0.444444 -21869.6 -224.164
-0.454545 -21871 -229.242
-0.464646 -21872.4 -234.301
-0.474747 -21873.7 -239.336
-0.484848 -21874.9 -244.35
-0.494949 -21876.2 -249.339
-0.505051 -21877.4 -254.305
-0.515152 -21878.6 -259.246
-0.525253 -21879.7 -264.161
-0.535354 -21880.9 -269.052
-0.545455 -21882 -273.914
-0.555556 -21883.2 -278.751
-0.565657 -21884.3 -283.558
-0.575758 -21885.4 -288.339
-0.585859 -21886.6 -293.088
-0.59596 -21887.7 -297.811
-0.606061 -21888.9 -302.499
-0.616162 -21890.1 -307.162
-0.626263 -21891.3 -311.787
-0.636364 -21892.5 -316.387
-0.646465 -21893.7 -320.946
-0.656566 -21895 -325.482
-0.666667 -21896.3 -329.973
-0.676768 -21897.6 -334.442
-0.686869 -21899 -338.863
-0.69697 -21900.4 -343.263
-0.707071 -21901.8 -347.612
-0.717172 -21903.2 -351.941
-0.727273 -21904.7 -356.217
-0.737374 -21906.2 -360.473
-0.747475 -21907.8 -364.674
-0.757576 -21909.3 -368.856
-0.767677 -21910.9 -372.982
-0.777778 -21912.6 -377.089
-0.787879 -21914.2 -381.137
-0.79798 -21915.9 -385.169
-0.808081 -21917.6 -389.14
-0.818182 -21919.3 -393.097
-0.828283 -21921 -396.991
-0.838384 -21922.7 -400.871
-0.848485 -21924.4 -404.688
-0.858586 -21926.1 -408.493
-0.868687 -21927.7 -412.233
-0.878788 -21929.3 -415.963
-0.888889 -21930.9 -419.627
-0.89899 -21932.4 -423.283
-0.909091 -21933.8 -426.873
-0.919192 -21935.2 -430.455
-0.929293 -21936.4 -433.971
-0.939394 -21937.6 -437.482
-0.949495 -21938.6 -440.929
-0.959596 -21939.5 -444.373
-0.969697 -21940.1 -447.764
-0.979798 -21940.8 -451.154
-0.989899 -21941 -454.444
-1 -21941.2 -457.732
