0 -16318.7 -0.00192665
-0.010101 -15212.7 10.0836
-0.020202 -15212 20.1884
-0.030303 -15207.9 31.1551
-0.040404 -15203.6 42.1293
-0.0505051 -15197.1 53.2863
-0.0606061 -15190.6 64.4514
-0.0707071 -15182.9 75.7454
-0.0808081 -15175.1 87.046
-0.0909091 -15166.9 98.4237
-0.10101 -15158.8 109.806
-0.111111 -15150.7 121.232
-0.121212 -15142.7 132.661
-0.131313 -15135.2 144.112
-0.141414 -15127.8 155.565
-0.151515 -15121 167.028
-0.161616 -15114.4 178.49
-0.171717 -15108.6 189.951
-0.181818 -15103 201.41
-0.191919 -15098.1 212.859
-0.20202 -15093.4 224.303
-0.212121 -15089.5 235.729
-0.222222 -15085.8 247.147
-0.232323 -15082.8 258.54
-0.242424 -15080 269.923
-0.252525 -15077.8 281.276
-0.262626 -15075.8 292.615
-0.272727 -15074.4 303.92
-0.282828 -15073.1 315.209
-0.292929 -15072.2 326.461
-0.30303 -15071.5 337.695
-0.313131 -15071.1 348.889
-0.323232 -15070.9 360.063
-0.333333 -15070.9 371.197
-0.343434 -15071.1 382.308
-0.353535 -15071.4 393.377
-0.363636 -15071.9 404.422
-0.373737 -15072.5 415.424
-0.383838 -15073.1 426.4
-0.393939 -15073.9 437.333
-0.40404 -15074.7 448.237
-0.414141 -15075.6 459.097
-0.424242 -15076.6 469.926
-0.434343 -15077.6 480.711
-0.444444 -15078.6 491.462
-0.454545 -15079.6 502.168
-0.464646 -15080.6 512.836
-0.474747 -15081.7 523.461
-0.484848 -15082.7 534.043
-0.494949 -15083.8 544.581
-0.505051 -15084.8 555.074
-0.515152 -15085.9 565.521
-0.525253 -15086.9 575.919
-0.535354 -15088 586.271
-0.545455 -15089 596.569
-0.555556 -15090.1 606.821
-0.565657 -15091.1 617.015
-0.575758 -15092.1 627.161
-0.585859 -15093.2 637.244
-0.59596 -15094.2 647.279
-0.606061 -15095.2 657.245
-0.616162 -15096.2 667.164
-0.626263 -15097.2 677.006
-0.636364 -15098.3 686.802
-0.646465 -15099.3 696.514
-0.656566 -15100.3 706.18
-0.666667 -15101.3 715.755
-0.676768 -15102.3 725.284
-0.686869 -15103.3 734.714
-0.69697 -15104.3 744.099
-0.707071 -15105.3 753.377
-0.717172 -15106.3 762.61
-0.727273 -15107.3 771.728
-0.737374 -15108.3 780.801
-0.747475 -15109.3 789.75
-0.757576 -15110.2 798.656
-0.767677 -15111.2 807.428
-0.777778 -15112.1 816.158
-0.787879 -15113 824.745
-0.79798 -15113.9 833.291
-0.808081 -15114.7 841.684
-0.818182 -15115.5 850.039
-0.828283 -15116.3 858.23
-0.838384 -15117 866.385
-0.848485 -15117.7 874.367
-0.858586 -15118.3 882.316
-0.868687 -15118.9 890.082
-0.878788 -15119.4 897.818
-0.888889 -15119.9 905.363
-0.89899 -15120.3 912.881
-0.909091 -15120.6 920.199
-0.919192 -15120.9 927.495
-0.929293 -15121.1 934.586
-0.939394 -15121.2 941.659
-0.949495 -15121.3 948.526
-0.959596 -15121.4 955.38
-0.969697 -15121.4 962.039
-0.979798 -15121.4 968.691
-0.989899 -15121.3 975.186
-1 -15121.3 981.677
