0 -3905.42 -0.000496282
-0.010101 -2448.45 12.995
-0.020202 -2462.53 26.0106
-0.030303 -2471.06 40.0014
-0.040404 -2479.41 54.0008
-0.0505051 -2483.54 68.2058
-0.0606061 -2487.47 82.4226
-0.0707071 -2488.31 96.8256
-0.0808081 -2488.97 111.24
-0.0909091 -2487.47 125.788
-0.10101 -2485.82 140.346
-0.111111 -2482.77 154.992
-0.121212 -2479.6 169.646
-0.131313 -2475.62 184.358
-0.141414 -2471.59 199.075
-0.151515 -2467.17 213.829
-0.161616 -2462.74 228.586
-0.171717 -2458.25 243.364
-0.181818 -2453.8 258.143
-0.191919 -2449.49 272.929
-0.20202 -2445.26 287.713
-0.212121 -2441.32 302.492
-0.222222 -2437.48 317.267
-0.232323 -2433.99 332.026
-0.242424 -2430.63 346.777
-0.252525 -2427.66 361.502
-0.262626 -2424.82 376.216
-0.272727 -2422.36 390.898
-0.282828 -2420.05 405.564
-0.292929 -2418.09 420.191
-0.30303 -2416.27 434.8
-0.313131 -2414.77 449.364
-0.323232 -2413.4 463.906
-0.333333 -2412.3 478.4
-0.343434 -2411.33 492.868
-0.353535 -2410.58 507.285
-0.363636 -2409.94 521.673
-0.373737 -2409.49 536.007
-0.383838 -2409.13 550.308
-0.393939 -2408.92 564.554
-0.40404 -2408.78 578.763
-0.414141 -2408.76 592.916
-0.424242 -2408.79 607.027
-0.434343 -2408.91 621.08
-0.444444 -2409.08 635.088
-0.454545 -2409.31 649.038
-0.464646 -2409.57 662.937
-0.474747 -2409.86 676.777
-0.484848 -2410.19 690.562
-0.494949 -2410.53 704.287
-0.505051 -2410.9 717.951
-0.515152 -2411.27 731.554
-0.525253 -2411.65 745.092
-0.535354 -2412.04 758.568
-0.545455 -2412.42 771.972
-0.555556 -2412.81 785.315
-0.565657 -2413.19 798.579
-0.575758 -2413.56 811.781
-0.585859 -2413.93 824.897
-0.59596 -2414.29 837.951
-0.606061 -2414.64 850.912
-0.616162 -2414.98 863.811
-0.626263 -2415.3 876.608
-0.636364 -2415.61 889.344
-0.646465 -2415.91 901.97
-0.656566 -2416.19 914.534
-0.666667 -2416.45 926.98
-0.676768 -2416.7 939.365
-0.686869 -2416.92 951.621
-0.69697 -2417.13 963.818
-0.707071 -2417.3 975.876
-0.717172 -2417.47 987.876
-0.727273 -2417.59 999.727
-0.737374 -2417.71 1011.52
-0.747475 -2417.77 1023.15
-0.757576 -2417.83 1034.73
-0.767677 -2417.83 1046.14
-0.777778 -2417.81 1057.5
-0.787879 -2417.74 1068.67
-0.79798 -2417.65 1079.79
-0.808081 -2417.5 1090.72
-0.818182 -2417.33 1101.6
-0.828283 -2417.09 1112.28
-0.838384 -2416.84 1122.91
-0.848485 -2416.52 1133.33
-0.858586 -2416.18 1143.71
-0.868687 -2415.77 1153.86
-0.878788 -2415.35 1163.97
-0.888889 -2414.88 1173.85
-0.89899 -2414.39 1183.7
-0.909091 -2413.87 1193.31
-0.919192 -2413.34 1202.89
-0.929293 -2412.8 1212.21
-0.939394 -2412.27 1221.52
-0.949495 -2411.77 1230.58
-0.959596 -2411.28 1239.63
-0.969697 -2410.9 1248.44
-0.979798 -2410.53 1257.24
-0.989899 -2410.37 1265.83
-1 -2410.23 1274.41
