0 -13820.2 -0.0017074
-0.010101 -12592.3 11.1279
-0.020202 -12595.2 22.2778
-0.030303 -12594 34.3442
-0.040404 -12592.6 46.4188
-0.0505051 -12588.5 58.6861
-0.0606061 -12584.3 70.9627
-0.0707071 -12578.4 83.3851
-0.0808081 -12572.5 95.8155
-0.0909091 -12565.7 108.338
-0.10101 -12558.8 120.867
-0.111111 -12551.7 133.45
-0.121212 -12544.7 146.037
-0.131313 -12537.7 158.656
-0.141414 -12530.9 171.277
-0.151515 -12524.5 183.914
-0.161616 -12518.2 196.551
-0.171717 -12512.5 209.192
-0.181818 -12507 221.831
-0.191919 -12502.1 234.463
-0.20202 -12497.4 247.091
-0.212121 -12493.3 259.703
-0.222222 -12489.5 272.308
-0.232323 -12486.2 284.889
-0.242424 -12483.2 297.46
-0.252525 -12480.7 310
-0.262626 -12478.5 322.528
-0.272727 -12476.7 335.019
-0.282828 -12475.1 347.495
-0.292929 -12473.9 359.932
-0.30303 -12472.9 372.35
-0.313131 -12472.3 384.726
-0.323232 -12471.8 397.081
-0.333333 -12471.5 409.392
-0.343434 -12471.4 421.679
-0.353535 -12471.5 433.921
-0.363636 -12471.7 446.137
-0.373737 -12472.1 458.306
-0.383838 -12472.5 470.446
-0.393939 -12473.1 482.539
-0.40404 -12473.7 494.6
-0.414141 -12474.4 506.613
-0.424242 -12475.1 518.591
-0.434343 -12475.9 530.521
-0.444444 -12476.7 542.412
-0.454545 -12477.6 554.255
-0.464646 -12478.5 566.055
-0.474747 -12479.4 577.806
-0.484848 -12480.3 589.512
-0.494949 -12481.2 601.167
-0.505051 -12482.1 612.772
-0.515152 -12483.1 624.326
-0.525253 -12484 635.825
-0.535354 -12484.9 647.274
-0.545455 -12485.8 658.662
-0.555556 -12486.8 670
-0.565657 -12487.7 681.271
-0.575758 -12488.6 692.491
-0.585859 -12489.5 703.639
-0.59596 -12490.4 714.736
-0.606061 -12491.3 725.754
-0.616162 -12492.1 736.721
-0.626263 -12493 747.602
-0.636364 -12493.9 758.432
-0.646465 -12494.8 769.169
-0.656566 -12495.6 779.855
-0.666667 -12496.5 790.44
-0.676768 -12497.4 800.974
-0.686869 -12498.2 811.399
-0.69697 -12499.1 821.773
-0.707071 -12499.9 832.03
-0.717172 -12500.7 842.237
-0.727273 -12501.6 852.316
-0.737374 -12502.4 862.347
-0.747475 -12503.1 872.241
-0.757576 -12503.9 882.087
-0.767677 -12504.7 891.786
-0.777778 -12505.4 901.439
-0.787879 -12506.1 910.935
-0.79798 -12506.8 920.387
-0.808081 -12507.4 929.67
-0.818182 -12508 938.912
-0.828283 -12508.5 947.975
-0.838384 -12509.1 956.999
-0.848485 -12509.5 965.834
-0.858586 -12509.9 974.632
-0.868687 -12510.3 983.232
-0.878788 -12510.6 991.799
-0.888889 -12510.8 1000.16
-0.89899 -12511.1 1008.49
-0.909091 -12511.2 1016.6
-0.919192 -12511.3 1024.69
-0.929293 -12511.3 1032.55
-0.939394 -12511.3 1040.4
-0.949495 -12511.2 1048.02
-0.959596 -12511.2 1055.63
-0.969697 -12511.1 1063.03
-0.979798 -12511 1070.43
-0.989899 -12510.9 1077.64
-1 -12510.8 1084.85
