0 19009.6 0.00203177
-0.010101 19827.7 6.94754
-0.020202 19801.8 13.8983
-0.030303 19780.1 21.2039
-0.040404 19758.5 28.5125
-0.0505051 19741 35.8945
-0.0606061 19723.6 43.2844
-0.0707071 19709.9 50.7991
-0.0808081 19696.4 58.3236
-0.0909091 19686.1 65.9613
-0.10101 19676 73.6089
-0.111111 19668.6 81.3445
-0.121212 19661.5 89.0892
-0.131313 19656.6 96.8995
-0.141414 19652 104.718
-0.151515 19649.1 112.585
-0.161616 19646.4 120.46
-0.171717 19645.1 128.372
-0.181818 19644 136.29
-0.191919 19643.9 144.237
-0.20202 19643.9 152.188
-0.212121 19644.7 160.159
-0.222222 19645.6 168.134
-0.232323 19647 176.122
-0.242424 19648.5 184.11
-0.252525 19650.3 192.105
-0.262626 19652.1 200.098
-0.272727 19654.1 208.089
-0.282828 19656.1 216.078
-0.292929 19658.2 224.058
-0.30303 19660.3 232.032
-0.313131 19662.4 239.992
-0.323232 19664.4 247.944
-0.333333 19666.4 255.877
-0.343434 19668.4 263.798
-0.353535 19670.3 271.697
-0.363636 19672.1 279.582
-0.373737 19673.8 287.441
-0.383838 19675.5 295.282
-0.393939 19677.1 303.095
-0.40404 19678.7 310.888
-0.414141 19680.2 318.65
-0.424242 19681.6 326.39
-0.434343 19682.9 334.098
-0.444444 19684.2 341.779
-0.454545 19685.4 349.428
-0.464646 19686.6 357.047
-0.474747 19687.8 364.633
-0.484848 19688.9 372.186
-0.494949 19689.9 379.705
-0.505051 19691 387.189
-0.515152 19692 394.638
-0.525253 19693 402.048
-0.535354 19694 409.423
-0.545455 19694.9 416.755
-0.555556 19695.9 424.052
-0.565657 19696.9 431.304
-0.575758 19697.9 438.52
-0.585859 19698.8 445.686
-0.59596 19699.8 452.817
-0.606061 19700.8 459.895
-0.616162 19701.8 466.937
-0.626263 19702.9 473.922
-0.636364 19703.9 480.871
-0.646465 19705 487.759
-0.656566 19706.1 494.612
-0.666667 19707.3 501.4
-0.676768 19708.4 508.153
-0.686869 19709.6 514.835
-0.69697 19710.9 521.484
-0.707071 19712.2 528.059
-0.717172 19713.5 534.6
-0.727273 19714.8 541.063
-0.737374 19716.2 547.494
-0.747475 19717.6 553.841
-0.757576 19719 560.158
-0.767677 19720.5 566.387
-0.777778 19722 572.588
-0.787879 19723.6 578.696
-0.79798 19725.1 584.778
-0.808081 19726.7 590.763
-0.818182 19728.3 596.723
-0.828283 19729.9 602.583
-0.838384 19731.6 608.421
-0.848485 19733.2 614.155
-0.858586 19734.8 619.869
-0.868687 19736.4 625.476
-0.878788 19738 631.065
-0.888889 19739.6 636.544
-0.89899 19741.1 642.008
-0.909091 19742.5 647.359
-0.919192 19743.9 652.697
-0.929293 19745.1 657.922
-0.939394 19746.3 663.137
-0.949495 19747.3 668.242
-0.959596 19748.3 673.339
-0.969697 19748.9 678.339
-0.979798 19749.6 683.335
-0.989899 19749.8 688.194
-1 19750.1 693.05
