0 11536.4 0.00142961
-0.010101 10224.5 -11.8294
-0.020202 10230.4 -23.6809
-0.030303 10231.7 -36.4837
-0.040404 10232.8 -49.2949
-0.0505051 10230.8 -62.3077
-0.0606061 10228.6 -75.3308
-0.0707071 10224.3 -88.5145
-0.0808081 10220 -101.707
-0.0909091 10214.4 -115.006
-0.10101 10208.8 -128.312
-0.111111 10202.6 -141.684
-0.121212 10196.4 -155.061
-0.131313 10190.1 -168.478
-0.141414 10183.8 -181.898
-0.151515 10177.8 -195.341
-0.161616 10171.9 -208.785
-0.171717 10166.4 -222.238
-0.181818 10161 -235.69
-0.191919 10156.2 -249.139
-0.20202 10151.5 -262.585
-0.212121 10147.4 -276.018
-0.222222 10143.5 -289.445
-0.232323 10140.1 -302.849
-0.242424 10137 -316.244
-0.252525 10134.3 -329.61
-0.262626 10131.9 -342.963
-0.272727 10129.9 -356.28
-0.282828 10128.1 -369.582
-0.292929 10126.7 -382.844
-0.30303 10125.4 -396.087
-0.313131 10124.6 -409.287
-0.323232 10123.8 -422.465
-0.333333 10123.4 -435.597
-0.343434 10123 -448.704
-0.353535 10122.9 -461.764
-0.363636 10122.9 -474.796
-0.373737 10123.1 -487.779
-0.383838 10123.3 -500.731
-0.393939 10123.7 -513.633
-0.40404 10124.1 -526.501
-0.414141 10124.6 -539.318
-0.424242 10125.2 -552.097
-0.434343 10125.8 -564.825
-0.444444 10126.5 -577.512
-0.454545 10127.2 -590.146
-0.464646 10128 -602.735
-0.474747 10128.7 -615.272
-0.484848 10129.5 -627.759
-0.494949 10130.3 -640.192
-0.505051 10131.1 -652.571
-0.515152 10131.9 -664.896
-0.525253 10132.7 -677.162
-0.535354 10133.5 -689.374
-0.545455 10134.3 -701.521
-0.555556 10135.1 -713.613
-0.565657 10135.9 -725.634
-0.575758 10136.7 -737.6
-0.585859 10137.5 -749.489
-0.59596 10138.2 -761.323
-0.606061 10139 -773.073
-0.616162 10139.8 -784.767
-0.626263 10140.5 -796.371
-0.636364 10141.3 -807.919
-0.646465 10142 -819.368
-0.656566 10142.7 -830.761
-0.666667 10143.5 -842.048
-0.676768 10144.2 -853.279
-0.686869 10144.9 -864.395
-0.69697 10145.6 -875.456
-0.707071 10146.3 -886.392
-0.717172 10146.9 -897.275
-0.727273 10147.6 -908.022
-0.737374 10148.2 -918.717
-0.747475 10148.9 -929.267
-0.757576 10149.5 -939.766
-0.767677 10150 -950.109
-0.777778 10150.6 -960.402
-0.787879 10151.1 -970.529
-0.79798 10151.6 -980.61
-0.808081 10152 -990.512
-0.818182 10152.4 -1000.37
-0.828283 10152.8 -1010.04
-0.838384 10153.1 -1019.67
-0.848485 10153.4 -1029.1
-0.858586 10153.6 -1038.49
-0.868687 10153.8 -1047.67
-0.878788 10153.9 -1056.81
-0.888889 10153.9 -1065.74
-0.89899 10154 -1074.64
-0.909091 10153.9 -1083.3
-0.919192 10153.9 -1091.95
-0.929293 10153.7 -1100.36
-0.939394 10153.6 -1108.75
-0.949495 10153.4 -1116.9
-0.959596 10153.3 -1125.04
-0.969697 10153.1 -1132.96
-0.979798 10152.9 -1140.88
-0.989899 10152.8 -1148.6
-1 10152.7 -1156.32
