0 -23585.2 -0.00142706
-0.010101 -23611.4 0.158377
-0.020202 -23591.1 0.323523
-0.030303 -23572.1 0.685536
-0.040404 -23553.1 1.04933
-0.0505051 -23536 1.45597
-0.0606061 -23519.1 1.86095
-0.0707071 -23504.3 2.23986
-0.0808081 -23489.6 2.61483
-0.0909091 -23477.2 2.94434
-0.10101 -23465 3.26892
-0.111111 -23454.9 3.54902
-0.121212 -23445 3.82389
-0.131313 -23437.1 4.06046
-0.141414 -23429.5 4.29167
-0.151515 -23423.6 4.49001
-0.161616 -23417.9 4.68273
-0.171717 -23413.7 4.846
-0.181818 -23409.8 5.00325
-0.191919 -23407 5.13311
-0.20202 -23404.5 5.25655
-0.212121 -23403 5.35436
-0.222222 -23401.6 5.44551
-0.232323 -23401.1 5.5131
-0.242424 -23400.7 5.57407
-0.252525 -23400.8 5.61408
-0.262626 -23401.2 5.64782
-0.272727 -23401.9 5.66367
-0.282828 -23402.8 5.67383
-0.292929 -23403.9 5.66939
-0.30303 -23405.1 5.66007
-0.313131 -23406.5 5.63938
-0.323232 -23408 5.61474
-0.333333 -23409.5 5.58173
-0.343434 -23411.1 5.54576
-0.353535 -23412.8 5.50404
-0.363636 -23414.4 5.46033
-0.373737 -23416.1 5.41308
-0.383838 -23417.8 5.36475
-0.393939 -23419.4 5.31465
-0.40404 -23421.1 5.26431
-0.414141 -23422.7 5.21359
-0.424242 -23424.3 5.16334
-0.434343 -23425.9 5.11375
-0.444444 -23427.4 5.06527
-0.454545 -23428.9 5.01818
-0.464646 -23430.4 4.9727
-0.474747 -23431.9 4.92913
-0.484848 -23433.3 4.88759
-0.494949 -23434.7 4.84826
-0.505051 -23436.1 4.8113
-0.515152 -23437.4 4.7767
-0.525253 -23438.8 4.74469
-0.535354 -23440.1 4.71509
-0.545455 -23441.4 4.68825
-0.555556 -23442.7 4.66375
-0.565657 -23444.1 4.64207
-0.575758 -23445.4 4.62262
-0.585859 -23446.7 4.60597
-0.59596 -23448 4.59135
-0.606061 -23449.3 4.57942
-0.616162 -23450.7 4.56929
-0.626263 -23452 4.56161
-0.636364 -23453.4 4.55544
-0.646465 -23454.8 4.55136
-0.656566 -23456.2 4.54846
-0.666667 -23457.6 4.54712
-0.676768 -23459.1 4.54659
-0.686869 -23460.6 4.54689
-0.69697 -23462.1 4.54759
-0.707071 -23463.6 4.54817
-0.717172 -23465.2 4.5487
-0.727273 -23466.7 4.5479
-0.737374 -23468.3 4.54658
-0.747475 -23470 4.54243
-0.757576 -23471.6 4.53727
-0.767677 -23473.2 4.52747
-0.777778 -23474.9 4.5162
-0.787879 -23476.6 4.49817
-0.79798 -23478.3 4.47824
-0.808081 -23480 4.44917
-0.818182 -23481.7 4.41781
-0.828283 -23483.3 4.37471
-0.838384 -23485 4.32903
-0.848485 -23486.6 4.26888
-0.858586 -23488.2 4.20597
-0.868687 -23489.8 4.12584
-0.878788 -23491.3 4.04289
-0.888889 -23492.7 3.94004
-0.89899 -23494.1 3.83448
-0.909091 -23495.4 3.70657
-0.919192 -23496.6 3.57616
-0.929293 -23497.6 3.42117
-0.939394 -23498.7 3.26404
-0.949495 -23499.5 3.07989
-0.959596 -23500.3 2.89402
-0.969697 -23500.8 2.67659
-0.979798 -23501.3 2.45785
-0.989899 -23501.4 2.25978
-1 -23501.6 2.06213
