0 23544.9 0.00142428
-0.010101 23604.8 0.142305
-0.020202 23584.1 0.278292
-0.030303 23564.9 0.239317
-0.040404 23545.7 0.198737
-0.0505051 23528.5 0.119633
-0.0606061 23511.4 0.0424501
-0.0707071 23496.5 -0.0046142
-0.0808081 23481.9 -0.0474751
-0.0909091 23469.4 -0.0419966
-0.10101 23457.2 -0.0313668
-0.111111 23447.2 0.0256248
-0.121212 23437.4 0.0879996
-0.131313 23429.6 0.189851
-0.141414 23422 0.297166
-0.151515 23416.2 0.438035
-0.161616 23410.6 0.584575
-0.171717 23406.5 0.760891
-0.181818 23402.6 0.943223
-0.191919 23400 1.15296
-0.20202 23397.6 1.36905
-0.212121 23396.1 1.61054
-0.222222 23394.9 1.85854
-0.232323 23394.4 2.12962
-0.242424 23394.1 2.4071
-0.252525 23394.3 2.70485
-0.262626 23394.7 3.00858
-0.272727 23395.5 3.32934
-0.282828 23396.4 3.6554
-0.292929 23397.6 3.99507
-0.30303 23398.9 4.33915
-0.313131 23400.3 4.6935
-0.323232 23401.8 5.05124
-0.333333 23403.4 5.41617
-0.343434 23405 5.78343
-0.353535 23406.7 6.15519
-0.363636 23408.4 6.52821
-0.373737 23410 6.90349
-0.383838 23411.7 7.27904
-0.393939 23413.4 7.65503
-0.40404 23415.1 8.03037
-0.414141 23416.7 8.40475
-0.424242 23418.3 8.77766
-0.434343 23419.9 9.14854
-0.444444 23421.4 9.51724
-0.454545 23422.9 9.88316
-0.464646 23424.4 10.2463
-0.474747 23425.8 10.6061
-0.484848 23427.3 10.9626
-0.494949 23428.7 11.3154
-0.505051 23430 11.6645
-0.515152 23431.4 12.0098
-0.525253 23432.7 12.351
-0.535354 23434.1 12.6883
-0.545455 23435.4 13.0212
-0.555556 23436.7 13.3503
-0.565657 23438 13.6748
-0.575758 23439.3 13.9956
-0.585859 23440.6 14.3117
-0.59596 23441.9 14.6242
-0.606061 23443.2 14.932
-0.616162 23444.6 15.2365
-0.626263 23445.9 15.5362
-0.636364 23447.3 15.8329
-0.646465 23448.7 16.1251
-0.656566 23450.1 16.4146
-0.666667 23451.5 16.6999
-0.676768 23453 16.983
-0.686869 23454.5 17.2622
-0.69697 23456 17.5397
-0.707071 23457.5 17.8142
-0.717172 23459 18.0873
-0.727273 23460.6 18.3583
-0.737374 23462.2 18.6286
-0.747475 23463.8 18.898
-0.757576 23465.5 19.1672
-0.767677 23467.1 19.437
-0.777778 23468.8 19.7072
-0.787879 23470.5 19.9799
-0.79798 23472.2 20.2533
-0.808081 23473.9 20.5314
-0.818182 23475.6 20.8108
-0.828283 23477.3 21.0972
-0.838384 23478.9 21.3851
-0.848485 23480.6 21.6826
-0.858586 23482.2 21.9819
-0.868687 23483.7 22.2932
-0.878788 23485.3 22.6065
-0.888889 23486.7 22.9344
-0.89899 23488.1 23.2641
-0.909091 23489.4 23.6107
-0.919192 23490.6 23.9591
-0.929293 23491.7 24.3263
-0.939394 23492.8 24.6952
-0.949495 23493.6 25.0853
-0.959596 23494.4 25.4767
-0.969697 23494.9 25.8942
-0.979798 23495.4 26.3128
-0.989899 23495.5 26.7064
-1 23495.7 27.0996
