0 -6023.83 -0.00075522
-0.010101 -4589.23 12.8303
-0.020202 -4601.25 25.6818
-0.030303 -4607.91 39.5135
-0.040404 -4614.4 53.3538
-0.0505051 -4616.9 67.4011
-0.0606061 -4619.22 81.46
-0.0707071 -4618.68 95.7003
-0.0808081 -4617.98 109.952
-0.0909091 -4615.36 124.33
-0.10101 -4612.61 138.719
-0.111111 -4608.67 153.19
-0.121212 -4604.64 167.669
-0.131313 -4599.99 182.201
-0.141414 -4595.31 196.739
-0.151515 -4590.4 211.309
-0.161616 -4585.52 225.883
-0.171717 -4580.7 240.474
-0.181818 -4575.94 255.066
-0.191919 -4571.45 269.662
-0.20202 -4567.05 284.256
-0.212121 -4563.01 298.843
-0.222222 -4559.1 313.425
-0.232323 -4555.62 327.989
-0.242424 -4552.27 342.544
-0.252525 -4549.35 357.073
-0.262626 -4546.58 371.59
-0.272727 -4544.23 386.074
-0.282828 -4542.02 400.541
-0.292929 -4540.19 414.969
-0.30303 -4538.51 429.378
-0.313131 -4537.16 443.743
-0.323232 -4535.94 458.085
-0.333333 -4535.01 472.379
-0.343434 -4534.19 486.648
-0.353535 -4533.61 500.865
-0.363636 -4533.14 515.054
-0.373737 -4532.85 529.189
-0.383838 -4532.65 543.292
-0.393939 -4532.59 557.34
-0.40404 -4532.61 571.351
-0.414141 -4532.73 585.307
-0.424242 -4532.92 599.223
-0.434343 -4533.18 613.081
-0.444444 -4533.49 626.895
-0.454545 -4533.85 640.651
-0.464646 -4534.24 654.358
-0.474747 -4534.67 668.006
-0.484848 -4535.12 681.6
-0.494949 -4535.59 695.135
-0.505051 -4536.08 708.611
-0.515152 -4536.57 722.027
-0.525253 -4537.07 735.378
-0.535354 -4537.57 748.669
-0.545455 -4538.08 761.889
-0.555556 -4538.58 775.049
-0.565657 -4539.08 788.131
-0.575758 -4539.57 801.152
-0.585859 -4540.05 814.089
-0.59596 -4540.53 826.965
-0.606061 -4540.99 839.749
-0.616162 -4541.45 852.472
-0.626263 -4541.89 865.096
-0.636364 -4542.33 877.658
-0.646465 -4542.75 890.113
-0.656566 -4543.16 902.507
-0.666667 -4543.55 914.784
-0.676768 -4543.92 927
-0.686869 -4544.28 939.091
-0.69697 -4544.62 951.122
-0.707071 -4544.94 963.017
-0.717172 -4545.24 974.854
-0.727273 -4545.52 986.544
-0.737374 -4545.77 998.178
-0.747475 -4545.99 1009.65
-0.757576 -4546.19 1021.07
-0.767677 -4546.35 1032.33
-0.777778 -4546.49 1043.53
-0.787879 -4546.57 1054.55
-0.79798 -4546.64 1065.52
-0.808081 -4546.64 1076.3
-0.818182 -4546.63 1087.03
-0.828283 -4546.55 1097.56
-0.838384 -4546.46 1108.04
-0.848485 -4546.29 1118.31
-0.858586 -4546.1 1128.54
-0.868687 -4545.84 1138.55
-0.878788 -4545.57 1148.52
-0.888889 -4545.23 1158.26
-0.89899 -4544.88 1167.96
-0.909091 -4544.48 1177.43
-0.919192 -4544.07 1186.86
-0.929293 -4543.64 1196.05
-0.939394 -4543.21 1205.22
-0.949495 -4542.79 1214.14
-0.959596 -4542.38 1223.04
-0.969697 -4542.05 1231.72
-0.979798 -4541.73 1240.38
-0.989899 -4541.59 1248.84
-1 -4541.46 1257.28
