0 -3112.32 -0.000364344
-0.010101 -4557.1 -12.769
-0.020202 -4537.21 -25.5555
-0.030303 -4523.18 -39.2459
-0.040404 -4509.34 -52.9443
-0.0505051 -4500.22 -66.8332
-0.0606061 -4491.34 -80.7345
-0.0707071 -4486.13 -94.8276
-0.0808081 -4481.16 -108.933
-0.0909091 -4478.96 -123.184
-0.10101 -4476.99 -137.447
-0.111111 -4477.01 -151.81
-0.121212 -4477.22 -166.183
-0.131313 -4478.81 -180.624
-0.141414 -4480.54 -195.073
-0.151515 -4483.14 -209.567
-0.161616 -4485.83 -224.067
-0.171717 -4489.02 -238.596
-0.181818 -4492.24 -253.129
-0.191919 -4495.68 -267.676
-0.20202 -4499.11 -282.224
-0.212121 -4502.54 -296.774
-0.222222 -4505.94 -311.323
-0.232323 -4509.2 -325.862
-0.242424 -4512.4 -340.396
-0.252525 -4515.38 -354.912
-0.262626 -4518.28 -369.419
-0.272727 -4520.91 -383.898
-0.282828 -4523.45 -398.364
-0.292929 -4525.71 -412.797
-0.30303 -4527.86 -427.212
-0.313131 -4529.76 -441.587
-0.323232 -4531.54 -455.942
-0.333333 -4533.08 -470.252
-0.343434 -4534.51 -484.537
-0.353535 -4535.73 -498.774
-0.363636 -4536.85 -512.982
-0.373737 -4537.79 -527.139
-0.383838 -4538.64 -541.264
-0.393939 -4539.33 -555.334
-0.40404 -4539.95 -569.369
-0.414141 -4540.46 -583.347
-0.424242 -4540.89 -597.285
-0.434343 -4541.24 -611.166
-0.444444 -4541.53 -625.002
-0.454545 -4541.75 -638.78
-0.464646 -4541.93 -652.507
-0.474747 -4542.06 -666.176
-0.484848 -4542.16 -679.789
-0.494949 -4542.23 -693.343
-0.505051 -4542.28 -706.836
-0.515152 -4542.31 -720.269
-0.525253 -4542.33 -733.636
-0.535354 -4542.34 -746.942
-0.545455 -4542.35 -760.175
-0.555556 -4542.36 -773.347
-0.565657 -4542.37 -786.441
-0.575758 -4542.39 -799.473
-0.585859 -4542.41 -812.42
-0.59596 -4542.45 -825.304
-0.606061 -4542.5 -838.096
-0.616162 -4542.56 -850.827
-0.626263 -4542.64 -863.456
-0.636364 -4542.73 -876.024
-0.646465 -4542.85 -888.483
-0.656566 -4542.99 -900.881
-0.666667 -4543.16 -913.162
-0.676768 -4543.34 -925.382
-0.686869 -4543.56 -937.476
-0.69697 -4543.79 -949.51
-0.707071 -4544.07 -961.408
-0.717172 -4544.37 -973.247
-0.727273 -4544.71 -984.941
-0.737374 -4545.07 -996.578
-0.747475 -4545.48 -1008.06
-0.757576 -4545.91 -1019.48
-0.767677 -4546.4 -1030.74
-0.777778 -4546.9 -1041.95
-0.787879 -4547.47 -1052.98
-0.79798 -4548.05 -1063.96
-0.808081 -4548.7 -1074.75
-0.818182 -4549.36 -1085.5
-0.828283 -4550.09 -1096.05
-0.838384 -4550.83 -1106.55
-0.848485 -4551.63 -1116.85
-0.858586 -4552.44 -1127.11
-0.868687 -4553.29 -1137.15
-0.878788 -4554.16 -1147.16
-0.888889 -4555.05 -1156.94
-0.89899 -4555.94 -1166.69
-0.909091 -4556.83 -1176.2
-0.919192 -4557.71 -1185.69
-0.929293 -4558.55 -1194.95
-0.939394 -4559.38 -1204.18
-0.949495 -4560.11 -1213.17
-0.959596 -4560.82 -1222.15
-0.969697 -4561.34 -1230.92
-0.979798 -4561.86 -1239.67
-0.989899 -4562.06 -1248.2
-1 -4562.26 -1256.73
