0 15105.2 0.00178481
-0.010101 13935.4 -10.6281
-0.020202 13936.6 -21.2777
-0.030303 13933.9 -32.8194
-0.040404 13931.1 -44.3689
-0.0505051 13925.8 -56.1075
-0.0606061 13920.4 -67.8549
-0.0707071 13913.6 -79.7408
-0.0808081 13906.7 -91.6341
-0.0909091 13899.2 -103.613
-0.10101 13891.7 -115.597
-0.111111 13884.1 -127.631
-0.121212 13876.6 -139.669
-0.131313 13869.3 -151.735
-0.141414 13862.2 -163.802
-0.151515 13855.6 -175.883
-0.161616 13849.1 -187.964
-0.171717 13843.4 -200.047
-0.181818 13837.8 -212.128
-0.191919 13832.9 -224.2
-0.20202 13828.2 -236.268
-0.212121 13824.2 -248.32
-0.222222 13820.4 -260.364
-0.232323 13817.3 -272.383
-0.242424 13814.4 -284.393
-0.252525 13812 -296.372
-0.262626 13809.9 -308.339
-0.272727 13808.3 -320.27
-0.282828 13806.8 -332.186
-0.292929 13805.8 -344.063
-0.30303 13804.9 -355.922
-0.313131 13804.4 -367.74
-0.323232 13804.1 -379.538
-0.333333 13804 -391.293
-0.343434 13804 -403.025
-0.353535 13804.2 -414.713
-0.363636 13804.5 -426.376
-0.373737 13805 -437.995
-0.383838 13805.6 -449.585
-0.393939 13806.2 -461.131
-0.40404 13807 -472.645
-0.414141 13807.8 -484.114
-0.424242 13808.6 -495.55
-0.434343 13809.5 -506.939
-0.444444 13810.4 -518.292
-0.454545 13811.4 -529.599
-0.464646 13812.3 -540.865
-0.474747 13813.3 -552.084
-0.484848 13814.3 -563.259
-0.494949 13815.3 -574.387
-0.505051 13816.3 -585.467
-0.515152 13817.3 -596.499
-0.525253 13818.3 -607.478
-0.535354 13819.2 -618.409
-0.545455 13820.2 -629.283
-0.555556 13821.2 -640.108
-0.565657 13822.2 -650.87
-0.575758 13823.1 -661.584
-0.585859 13824.1 -672.229
-0.59596 13825.1 -682.824
-0.606061 13826 -693.346
-0.616162 13827 -703.818
-0.626263 13827.9 -714.209
-0.636364 13828.9 -724.55
-0.646465 13829.8 -734.804
-0.656566 13830.8 -745.008
-0.666667 13831.7 -755.116
-0.676768 13832.6 -765.176
-0.686869 13833.6 -775.132
-0.69697 13834.5 -785.039
-0.707071 13835.4 -794.834
-0.717172 13836.3 -804.581
-0.727273 13837.2 -814.207
-0.737374 13838.1 -823.785
-0.747475 13839 -833.233
-0.757576 13839.9 -842.636
-0.767677 13840.7 -851.897
-0.777778 13841.6 -861.115
-0.787879 13842.3 -870.182
-0.79798 13843.1 -879.206
-0.808081 13843.9 -888.069
-0.818182 13844.6 -896.892
-0.828283 13845.2 -905.544
-0.838384 13845.9 -914.158
-0.848485 13846.4 -922.59
-0.858586 13847 -930.988
-0.868687 13847.4 -939.194
-0.878788 13847.8 -947.369
-0.888889 13848.2 -955.343
-0.89899 13848.5 -963.29
-0.909091 13848.7 -971.028
-0.919192 13848.9 -978.743
-0.929293 13849 -986.243
-0.939394 13849.1 -993.725
-0.949495 13849.1 -1000.99
-0.959596 13849.1 -1008.25
-0.969697 13849 -1015.3
-0.979798 13849 -1022.34
-0.989899 13848.9 -1029.21
-1 13848.9 -1036.09
