0 -17815.8 -0.00210047
-0.010101 -16802.8 9.28279
-0.020202 -16799.7 18.5862
-0.030303 -16793.6 28.705
-0.040404 -16787.4 38.831
-0.0505051 -16779.4 49.13
-0.0606061 -16771.4 59.4364
-0.0707071 -16762.5 69.858
-0.0808081 -16753.6 80.2852
-0.0909091 -16744.6 90.7778
-0.10101 -16735.7 101.274
-0.111111 -16727.1 111.805
-0.121212 -16718.6 122.338
-0.131313 -16710.7 132.887
-0.141414 -16703 143.437
-0.151515 -16696.1 153.992
-0.161616 -16689.3 164.546
-0.171717 -16683.5 175.095
-0.181818 -16677.8 185.641
-0.191919 -16673 196.175
-0.20202 -16668.4 206.704
-0.212121 -16664.6 217.213
-0.222222 -16661.1 227.714
-0.232323 -16658.3 238.189
-0.242424 -16655.6 248.654
-0.252525 -16653.6 259.089
-0.262626 -16651.8 269.511
-0.272727 -16650.6 279.898
-0.282828 -16649.5 290.271
-0.292929 -16648.8 300.608
-0.30303 -16648.3 310.928
-0.313131 -16648.1 321.209
-0.323232 -16648.1 331.472
-0.333333 -16648.3 341.697
-0.343434 -16648.7 351.9
-0.353535 -16649.2 362.065
-0.363636 -16649.8 372.207
-0.373737 -16650.5 382.309
-0.383838 -16651.4 392.387
-0.393939 -16652.3 402.425
-0.40404 -16653.2 412.436
-0.414141 -16654.2 422.408
-0.424242 -16655.3 432.35
-0.434343 -16656.4 442.253
-0.444444 -16657.5 452.124
-0.454545 -16658.6 461.954
-0.464646 -16659.7 471.75
-0.474747 -16660.9 481.505
-0.484848 -16662 491.223
-0.494949 -16663.2 500.899
-0.505051 -16664.3 510.534
-0.515152 -16665.4 520.128
-0.525253 -16666.5 529.677
-0.535354 -16667.7 539.184
-0.545455 -16668.8 548.642
-0.555556 -16669.9 558.058
-0.565657 -16671 567.42
-0.575758 -16672.1 576.74
-0.585859 -16673.2 586
-0.59596 -16674.3 595.219
-0.606061 -16675.4 604.373
-0.616162 -16676.5 613.484
-0.626263 -16677.6 622.525
-0.636364 -16678.7 631.524
-0.646465 -16679.8 640.446
-0.656566 -16680.9 649.326
-0.666667 -16682 658.123
-0.676768 -16683.1 666.877
-0.686869 -16684.2 675.541
-0.69697 -16685.3 684.163
-0.707071 -16686.4 692.687
-0.717172 -16687.5 701.169
-0.727273 -16688.6 709.546
-0.737374 -16689.7 717.881
-0.747475 -16690.8 726.103
-0.757576 -16691.9 734.284
-0.767677 -16692.9 742.342
-0.777778 -16694 750.361
-0.787879 -16695 758.248
-0.79798 -16696 766.097
-0.808081 -16697 773.804
-0.818182 -16697.9 781.476
-0.828283 -16698.8 788.996
-0.838384 -16699.7 796.483
-0.848485 -16700.5 803.809
-0.858586 -16701.3 811.104
-0.868687 -16702 818.23
-0.878788 -16702.7 825.327
-0.888889 -16703.3 832.246
-0.89899 -16703.8 839.14
-0.909091 -16704.2 845.848
-0.919192 -16704.7 852.536
-0.929293 -16704.9 859.031
-0.939394 -16705.2 865.511
-0.949495 -16705.4 871.798
-0.959596 -16705.5 878.072
-0.969697 -16705.6 884.164
-0.979798 -16705.6 890.249
-0.989899 -16705.6 896.192
-1 -16705.6 902.132
