0 -23621.9 -0.00265312
-0.010101 -23513.7 1.34862
-0.020202 -23494.9 2.70815
-0.030303 -23476.9 4.35234
-0.040404 -23459 5.9991
-0.0505051 -23442.5 7.7075
-0.0606061 -23426.2 9.41538
-0.0707071 -23411.6 11.115
-0.0808081 -23397.3 12.8118
-0.0909091 -23384.9 14.4762
-0.10101 -23372.7 16.1367
-0.111111 -23362.4 17.7617
-0.121212 -23352.4 19.3822
-0.131313 -23344.3 20.9703
-0.141414 -23336.4 22.5537
-0.151515 -23330.1 24.1081
-0.161616 -23324.1 25.6574
-0.171717 -23319.6 27.1795
-0.181818 -23315.3 28.6958
-0.191919 -23312.1 30.1858
-0.20202 -23309.3 31.6694
-0.212121 -23307.4 33.1272
-0.222222 -23305.8 34.5781
-0.232323 -23304.9 36.0043
-0.242424 -23304.2 37.4232
-0.252525 -23304.1 38.8193
-0.262626 -23304.1 40.2081
-0.272727 -23304.6 41.5763
-0.282828 -23305.2 42.9374
-0.292929 -23306.2 44.2807
-0.30303 -23307.2 45.6174
-0.313131 -23308.5 46.9388
-0.323232 -23309.8 48.2543
-0.333333 -23311.2 49.5572
-0.343434 -23312.7 50.8548
-0.353535 -23314.3 52.142
-0.363636 -23315.8 53.4246
-0.373737 -23317.5 54.6988
-0.383838 -23319.1 55.9688
-0.393939 -23320.7 57.2321
-0.40404 -23322.3 58.4917
-0.414141 -23323.9 59.7458
-0.424242 -23325.5 60.9965
-0.434343 -23327 62.2426
-0.444444 -23328.6 63.4856
-0.454545 -23330.1 64.7245
-0.464646 -23331.6 65.9605
-0.474747 -23333 67.1928
-0.484848 -23334.5 68.4221
-0.494949 -23335.9 69.6481
-0.505051 -23337.3 70.8708
-0.515152 -23338.7 72.0902
-0.525253 -23340 73.3061
-0.535354 -23341.4 74.5188
-0.545455 -23342.7 75.7275
-0.555556 -23344 76.9328
-0.565657 -23345.4 78.1337
-0.575758 -23346.7 79.3311
-0.585859 -23348 80.5233
-0.59596 -23349.4 81.7118
-0.606061 -23350.7 82.8944
-0.616162 -23352.1 84.073
-0.626263 -23353.4 85.2447
-0.636364 -23354.8 86.4122
-0.646465 -23356.2 87.5716
-0.656566 -23357.6 88.7266
-0.666667 -23359.1 89.8721
-0.676768 -23360.5 91.0128
-0.686869 -23362 92.1425
-0.69697 -23363.5 93.2671
-0.707071 -23365 94.3788
-0.717172 -23366.6 95.485
-0.727273 -23368.1 96.5763
-0.737374 -23369.7 97.6617
-0.747475 -23371.3 98.7296
-0.757576 -23372.9 99.7915
-0.767677 -23374.6 100.833
-0.777778 -23376.2 101.868
-0.787879 -23377.9 102.88
-0.79798 -23379.5 103.885
-0.808081 -23381.2 104.864
-0.818182 -23382.8 105.835
-0.828283 -23384.5 106.777
-0.838384 -23386.1 107.712
-0.848485 -23387.6 108.612
-0.858586 -23389.2 109.507
-0.868687 -23390.7 110.363
-0.878788 -23392.1 111.213
-0.888889 -23393.5 112.022
-0.89899 -23394.8 112.826
-0.909091 -23396 113.585
-0.919192 -23397.2 114.339
-0.929293 -23398.2 115.046
-0.939394 -23399.2 115.749
-0.949495 -23399.9 116.402
-0.959596 -23400.6 117.052
-0.969697 -23401.1 117.65
-0.979798 -23401.5 118.246
-0.989899 -23401.7 118.842
-1 -23401.8 119.438
