0 -23492.3 -0.00193258
-0.010101 -23585.8 -0.441748
-0.020202 -23564.8 -0.876645
-0.030303 -23545.3 -1.1586
-0.040404 -23525.9 -1.43916
-0.0505051 -23508.6 -1.68601
-0.0606061 -23491.4 -1.93508
-0.0707071 -23476.4 -2.21877
-0.0808081 -23461.7 -2.50697
-0.0909091 -23449.3 -2.84684
-0.10101 -23437.1 -3.19212
-0.111111 -23427.1 -3.58608
-0.121212 -23417.4 -3.98565
-0.131313 -23409.7 -4.4263
-0.141414 -23402.2 -4.87259
-0.151515 -23396.4 -5.35352
-0.161616 -23391 -5.84026
-0.171717 -23386.9 -6.35747
-0.181818 -23383.2 -6.88079
-0.191919 -23380.6 -7.43188
-0.20202 -23378.3 -7.98935
-0.212121 -23376.9 -8.57231
-0.222222 -23375.8 -9.16173
-0.232323 -23375.4 -9.77406
-0.242424 -23375.1 -10.3927
-0.252525 -23375.5 -11.0311
-0.262626 -23375.9 -11.6754
-0.272727 -23376.8 -12.336
-0.282828 -23377.7 -13.0017
-0.292929 -23378.9 -13.6803
-0.30303 -23380.2 -14.3628
-0.313131 -23381.7 -15.0547
-0.323232 -23383.2 -15.7496
-0.333333 -23384.9 -16.4507
-0.343434 -23386.5 -17.1535
-0.353535 -23388.2 -17.8597
-0.363636 -23389.9 -18.5666
-0.373737 -23391.6 -19.2746
-0.383838 -23393.3 -19.9821
-0.393939 -23395 -20.6888
-0.40404 -23396.6 -21.3941
-0.414141 -23398.3 -22.0972
-0.424242 -23399.9 -22.7979
-0.434343 -23401.4 -23.4953
-0.444444 -23403 -24.1894
-0.454545 -23404.5 -24.8795
-0.464646 -23406 -25.5656
-0.474747 -23407.4 -26.2471
-0.484848 -23408.8 -26.924
-0.494949 -23410.2 -27.5959
-0.505051 -23411.6 -28.2627
-0.515152 -23412.9 -28.9243
-0.525253 -23414.3 -29.5802
-0.535354 -23415.6 -30.2309
-0.545455 -23416.9 -30.8755
-0.555556 -23418.2 -31.5149
-0.565657 -23419.5 -32.1479
-0.575758 -23420.8 -32.7758
-0.585859 -23422.1 -33.3969
-0.59596 -23423.4 -34.0131
-0.606061 -23424.7 -34.6223
-0.616162 -23426.1 -35.2269
-0.626263 -23427.4 -35.8243
-0.636364 -23428.8 -36.4174
-0.646465 -23430.1 -37.0033
-0.656566 -23431.5 -37.5852
-0.666667 -23433 -38.1601
-0.676768 -23434.4 -38.7313
-0.686869 -23435.9 -39.2958
-0.69697 -23437.4 -39.8572
-0.707071 -23438.9 -40.4123
-0.717172 -23440.5 -40.9647
-0.727273 -23442 -41.5116
-0.737374 -23443.6 -42.0564
-0.747475 -23445.3 -42.5967
-0.757576 -23446.9 -43.1354
-0.767677 -23448.6 -43.671
-0.777778 -23450.2 -44.2056
-0.787879 -23451.9 -44.7385
-0.79798 -23453.6 -45.2711
-0.808081 -23455.3 -45.8039
-0.818182 -23457 -46.3368
-0.828283 -23458.7 -46.8721
-0.838384 -23460.4 -47.408
-0.848485 -23462 -47.9484
-0.858586 -23463.7 -48.4898
-0.868687 -23465.2 -49.038
-0.878788 -23466.8 -49.5874
-0.888889 -23468.2 -50.1459
-0.89899 -23469.7 -50.7057
-0.909091 -23471 -51.2767
-0.919192 -23472.2 -51.8489
-0.929293 -23473.3 -52.4344
-0.939394 -23474.4 -53.021
-0.949495 -23475.2 -53.6233
-0.959596 -23476 -54.2266
-0.969697 -23476.5 -54.851
-0.979798 -23477 -55.4763
-0.989899 -23477.2 -56.0708
-1 -23477.4 -56.6646
