0 10829.9 0.00125261
-0.010101 12102.9 11.1275
-0.020202 12078.5 22.2672
-0.030303 12059.7 34.1263
-0.040404 12041.1 45.9916
-0.0505051 12027.3 58.0045
-0.0606061 12013.7 70.0285
-0.0707071 12004.1 82.2254
-0.0808081 11994.8 94.4344
-0.0909091 11988.6 106.783
-0.10101 11982.7 119.142
-0.111111 11979.3 131.602
-0.121212 11976.1 144.072
-0.131313 11974.8 156.613
-0.141414 11973.7 169.161
-0.151515 11973.9 181.759
-0.161616 11974.4 194.364
-0.171717 11975.7 207.002
-0.181818 11977.2 219.645
-0.191919 11979.3 232.309
-0.20202 11981.4 244.976
-0.212121 11983.9 257.654
-0.222222 11986.4 270.331
-0.232323 11989.1 283.008
-0.242424 11991.8 295.683
-0.252525 11994.5 308.349
-0.262626 11997.1 321.008
-0.272727 11999.7 333.65
-0.282828 12002.2 346.282
-0.292929 12004.6 358.89
-0.30303 12006.9 371.484
-0.313131 12009 384.047
-0.323232 12011.1 396.594
-0.333333 12013 409.105
-0.343434 12014.8 421.595
-0.353535 12016.4 434.045
-0.363636 12017.9 446.471
-0.373737 12019.3 458.853
-0.383838 12020.7 471.207
-0.393939 12021.8 483.516
-0.40404 12022.9 495.792
-0.414141 12023.9 508.021
-0.424242 12024.9 520.214
-0.434343 12025.7 532.357
-0.444444 12026.5 544.46
-0.454545 12027.2 556.513
-0.464646 12027.8 568.521
-0.474747 12028.4 580.477
-0.484848 12029 592.385
-0.494949 12029.5 604.24
-0.505051 12030 616.042
-0.515152 12030.5 627.79
-0.525253 12031 639.48
-0.535354 12031.4 651.117
-0.545455 12031.9 662.689
-0.555556 12032.3 674.208
-0.565657 12032.8 685.657
-0.575758 12033.2 697.052
-0.585859 12033.7 708.372
-0.59596 12034.2 719.637
-0.606061 12034.6 730.821
-0.616162 12035.1 741.95
-0.626263 12035.7 752.991
-0.636364 12036.2 763.978
-0.646465 12036.8 774.87
-0.656566 12037.4 785.709
-0.666667 12038 796.445
-0.676768 12038.6 807.127
-0.686869 12039.3 817.7
-0.69697 12040 828.221
-0.707071 12040.8 838.623
-0.717172 12041.5 848.975
-0.727273 12042.4 859.2
-0.737374 12043.2 869.376
-0.747475 12044.1 879.417
-0.757576 12045.1 889.411
-0.767677 12046 899.261
-0.777778 12047 909.067
-0.787879 12048.1 918.72
-0.79798 12049.2 928.331
-0.808081 12050.3 937.782
-0.818182 12051.5 947.192
-0.828283 12052.7 956.435
-0.838384 12053.9 965.641
-0.848485 12055.1 974.67
-0.858586 12056.4 983.667
-0.868687 12057.6 992.479
-0.878788 12058.9 1001.26
-0.888889 12060.2 1009.85
-0.89899 12061.4 1018.42
-0.909091 12062.6 1026.79
-0.919192 12063.8 1035.14
-0.929293 12064.9 1043.29
-0.939394 12066 1051.42
-0.949495 12066.9 1059.36
-0.959596 12067.8 1067.28
-0.969697 12068.4 1075.02
-0.979798 12069 1082.76
-0.989899 12069.3 1090.29
-1 12069.5 1097.82
