0 -2035.05 -0.00023197
-0.010101 -3490.16 -12.8799
-0.020202 -3471.06 -25.778
-0.030303 -3457.8 -39.5961
-0.040404 -3444.75 -53.4222
-0.0505051 -3436.35 -67.4422
-0.0606061 -3428.19 -81.4744
-0.0707071 -3423.64 -95.6984
-0.0808081 -3419.31 -109.935
-0.0909091 -3417.68 -124.316
-0.10101 -3416.26 -138.707
-0.111111 -3416.76 -153.198
-0.121212 -3417.43 -167.698
-0.131313 -3419.4 -182.266
-0.141414 -3421.5 -196.84
-0.151515 -3424.4 -211.459
-0.161616 -3427.38 -226.083
-0.171717 -3430.79 -240.735
-0.181818 -3434.23 -255.389
-0.191919 -3437.82 -270.057
-0.20202 -3441.4 -284.726
-0.212121 -3444.93 -299.396
-0.222222 -3448.42 -314.063
-0.232323 -3451.74 -328.72
-0.242424 -3454.98 -343.371
-0.252525 -3457.98 -358.003
-0.262626 -3460.88 -372.625
-0.272727 -3463.51 -387.218
-0.282828 -3466.02 -401.798
-0.292929 -3468.25 -416.344
-0.30303 -3470.37 -430.871
-0.313131 -3472.21 -445.358
-0.323232 -3473.94 -459.823
-0.333333 -3475.42 -474.243
-0.343434 -3476.79 -488.638
-0.353535 -3477.94 -502.984
-0.363636 -3478.99 -517.301
-0.373737 -3479.86 -531.567
-0.383838 -3480.64 -545.799
-0.393939 -3481.27 -559.977
-0.40404 -3481.82 -574.118
-0.414141 -3482.25 -588.203
-0.424242 -3482.61 -602.247
-0.434343 -3482.89 -616.234
-0.444444 -3483.11 -630.175
-0.454545 -3483.26 -644.058
-0.464646 -3483.37 -657.89
-0.474747 -3483.44 -671.663
-0.484848 -3483.48 -685.38
-0.494949 -3483.48 -699.038
-0.505051 -3483.47 -712.634
-0.515152 -3483.44 -726.17
-0.525253 -3483.4 -739.639
-0.535354 -3483.35 -753.047
-0.545455 -3483.29 -766.383
-0.555556 -3483.24 -779.656
-0.565657 -3483.19 -792.851
-0.575758 -3483.15 -805.983
-0.585859 -3483.11 -819.03
-0.59596 -3483.08 -832.014
-0.606061 -3483.07 -844.906
-0.616162 -3483.07 -857.734
-0.626263 -3483.09 -870.462
-0.636364 -3483.12 -883.128
-0.646465 -3483.18 -895.684
-0.656566 -3483.25 -908.178
-0.666667 -3483.35 -920.555
-0.676768 -3483.47 -932.87
-0.686869 -3483.62 -945.058
-0.69697 -3483.79 -957.186
-0.707071 -3484 -969.176
-0.717172 -3484.22 -981.108
-0.727273 -3484.49 -992.893
-0.737374 -3484.78 -1004.62
-0.747475 -3485.12 -1016.19
-0.757576 -3485.48 -1027.71
-0.767677 -3485.89 -1039.05
-0.777778 -3486.33 -1050.35
-0.787879 -3486.82 -1061.46
-0.79798 -3487.33 -1072.53
-0.808081 -3487.9 -1083.4
-0.818182 -3488.5 -1094.23
-0.828283 -3489.15 -1104.86
-0.838384 -3489.82 -1115.44
-0.848485 -3490.55 -1125.82
-0.858586 -3491.29 -1136.15
-0.868687 -3492.08 -1146.27
-0.878788 -3492.88 -1156.35
-0.888889 -3493.71 -1166.2
-0.89899 -3494.54 -1176.02
-0.909091 -3495.38 -1185.6
-0.919192 -3496.22 -1195.16
-0.929293 -3497.01 -1204.48
-0.939394 -3497.8 -1213.77
-0.949495 -3498.49 -1222.83
-0.959596 -3499.18 -1231.87
-0.969697 -3499.68 -1240.69
-0.979798 -3500.18 -1249.5
-0.989899 -3500.37 -1258.09
-1 -3500.56 -1266.67
