0 -14904.2 -0.00158657
-0.010101 -16000.5 -9.48301
-0.020202 -15974.8 -18.9745
-0.030303 -15954.1 -29.0377
-0.040404 -15933.6 -39.1059
-0.0505051 -15917.7 -49.2938
-0.0606061 -15902 -59.4918
-0.0707071 -15890.2 -69.8472
-0.0808081 -15878.7 -80.2141
-0.0909091 -15870.4 -90.714
-0.10101 -15862.4 -101.225
-0.111111 -15857.1 -111.835
-0.121212 -15852 -122.455
-0.131313 -15848.9 -133.146
-0.141414 -15846.2 -143.846
-0.151515 -15845 -154.598
-0.161616 -15844 -165.357
-0.171717 -15844.1 -176.153
-0.181818 -15844.4 -186.955
-0.191919 -15845.5 -197.782
-0.20202 -15846.8 -208.614
-0.212121 -15848.5 -219.461
-0.222222 -15850.4 -230.31
-0.232323 -15852.5 -241.165
-0.242424 -15854.7 -252.019
-0.252525 -15857 -262.87
-0.262626 -15859.3 -273.718
-0.272727 -15861.7 -284.556
-0.282828 -15864.1 -295.386
-0.292929 -15866.4 -306.199
-0.30303 -15868.6 -317.001
-0.313131 -15870.8 -327.78
-0.323232 -15872.9 -338.545
-0.333333 -15874.9 -349.281
-0.343434 -15876.8 -360
-0.353535 -15878.6 -370.686
-0.363636 -15880.3 -381.352
-0.373737 -15881.9 -391.981
-0.383838 -15883.5 -402.586
-0.393939 -15884.9 -413.152
-0.40404 -15886.2 -423.691
-0.414141 -15887.5 -434.188
-0.424242 -15888.6 -444.655
-0.434343 -15889.7 -455.078
-0.444444 -15890.8 -465.467
-0.454545 -15891.7 -475.812
-0.464646 -15892.7 -486.119
-0.474747 -15893.5 -496.38
-0.484848 -15894.4 -506.599
-0.494949 -15895.2 -516.772
-0.505051 -15895.9 -526.898
-0.515152 -15896.7 -536.978
-0.525253 -15897.4 -547.007
-0.535354 -15898.1 -556.989
-0.545455 -15898.9 -566.916
-0.555556 -15899.6 -576.795
-0.565657 -15900.3 -586.614
-0.575758 -15901 -596.385
-0.585859 -15901.7 -606.091
-0.59596 -15902.4 -615.75
-0.606061 -15903.2 -625.338
-0.616162 -15903.9 -634.878
-0.626263 -15904.7 -644.342
-0.636364 -15905.5 -653.759
-0.646465 -15906.4 -663.093
-0.656566 -15907.2 -672.381
-0.666667 -15908.1 -681.58
-0.676768 -15909 -690.734
-0.686869 -15910 -699.792
-0.69697 -15910.9 -708.805
-0.707071 -15912 -717.716
-0.717172 -15913 -726.584
-0.727273 -15914.1 -735.343
-0.737374 -15915.2 -744.06
-0.747475 -15916.4 -752.661
-0.757576 -15917.6 -761.222
-0.767677 -15918.8 -769.661
-0.777778 -15920.1 -778.061
-0.787879 -15921.4 -786.332
-0.79798 -15922.8 -794.567
-0.808081 -15924.2 -802.666
-0.818182 -15925.6 -810.732
-0.828283 -15927 -818.656
-0.838384 -15928.4 -826.548
-0.848485 -15929.9 -834.293
-0.858586 -15931.4 -842.01
-0.868687 -15932.8 -849.574
-0.878788 -15934.3 -857.112
-0.888889 -15935.7 -864.492
-0.89899 -15937.1 -871.85
-0.909091 -15938.4 -879.046
-0.919192 -15939.8 -886.223
-0.929293 -15941 -893.235
-0.939394 -15942.1 -900.233
-0.949495 -15943.1 -907.068
-0.959596 -15944.1 -913.893
-0.969697 -15944.7 -920.572
-0.979798 -15945.4 -927.246
-0.989899 -15945.6 -933.741
-1 -15945.8 -940.233
