0 -23350.1 -0.00239869
-0.010101 -23510.7 -1.04092
-0.020202 -23488.9 -2.07499
-0.030303 -23469 -3.00039
-0.040404 -23449.2 -3.92476
-0.0505051 -23431.6 -4.82463
-0.0606061 -23414.2 -5.72726
-0.0707071 -23399.3 -6.673
-0.0808081 -23384.5 -7.62377
-0.0909091 -23372.1 -8.63233
-0.10101 -23360 -9.64676
-0.111111 -23350.1 -10.714
-0.121212 -23340.5 -11.7871
-0.131313 -23333 -12.904
-0.141414 -23325.7 -14.0268
-0.151515 -23320.1 -15.186
-0.161616 -23314.8 -16.3511
-0.171717 -23311 -17.5476
-0.181818 -23307.4 -18.7504
-0.191919 -23305.1 -19.9812
-0.20202 -23303 -21.2183
-0.212121 -23301.8 -22.4807
-0.222222 -23300.8 -23.7493
-0.232323 -23300.5 -25.0402
-0.242424 -23300.4 -26.3369
-0.252525 -23300.9 -27.6524
-0.262626 -23301.5 -28.9731
-0.272727 -23302.4 -30.3088
-0.282828 -23303.5 -31.6488
-0.292929 -23304.8 -32.9998
-0.30303 -23306.2 -34.354
-0.313131 -23307.8 -35.7156
-0.323232 -23309.4 -37.079
-0.333333 -23311 -38.4465
-0.343434 -23312.7 -39.8145
-0.353535 -23314.5 -41.1836
-0.363636 -23316.2 -42.5519
-0.373737 -23317.9 -43.919
-0.383838 -23319.6 -45.284
-0.393939 -23321.3 -46.6457
-0.40404 -23323 -48.0043
-0.414141 -23324.6 -49.358
-0.424242 -23326.2 -50.7074
-0.434343 -23327.8 -52.0509
-0.444444 -23329.3 -53.3891
-0.454545 -23330.8 -54.7205
-0.464646 -23332.3 -56.0456
-0.474747 -23333.7 -57.3633
-0.484848 -23335.1 -58.6739
-0.494949 -23336.5 -59.9768
-0.505051 -23337.9 -61.2717
-0.515152 -23339.2 -62.5587
-0.525253 -23340.5 -63.837
-0.535354 -23341.8 -65.1072
-0.545455 -23343.1 -66.368
-0.555556 -23344.4 -67.6208
-0.565657 -23345.7 -68.8635
-0.575758 -23347 -70.0983
-0.585859 -23348.3 -71.3224
-0.59596 -23349.5 -72.5387
-0.606061 -23350.9 -73.7437
-0.616162 -23352.2 -74.9412
-0.626263 -23353.5 -76.127
-0.636364 -23354.9 -77.3055
-0.646465 -23356.2 -78.4718
-0.656566 -23357.6 -79.6313
-0.666667 -23359 -80.7783
-0.676768 -23360.5 -81.9188
-0.686869 -23361.9 -83.0468
-0.69697 -23363.4 -84.1688
-0.707071 -23365 -85.2782
-0.717172 -23366.5 -86.3822
-0.727273 -23368.1 -87.4739
-0.737374 -23369.7 -88.5609
-0.747475 -23371.3 -89.636
-0.757576 -23372.9 -90.707
-0.767677 -23374.6 -91.767
-0.777778 -23376.3 -92.8236
-0.787879 -23378 -93.8702
-0.79798 -23379.7 -94.9141
-0.808081 -23381.4 -95.9494
-0.818182 -23383.1 -96.9826
-0.828283 -23384.8 -98.0088
-0.838384 -23386.5 -99.0335
-0.848485 -23388.1 -100.053
-0.858586 -23389.8 -101.071
-0.868687 -23391.4 -102.086
-0.878788 -23393 -103.101
-0.888889 -23394.4 -104.114
-0.89899 -23395.9 -105.126
-0.909091 -23397.2 -106.139
-0.919192 -23398.5 -107.152
-0.929293 -23399.6 -108.166
-0.939394 -23400.7 -109.181
-0.949495 -23401.5 -110.2
-0.959596 -23402.4 -111.219
-0.969697 -23402.9 -112.249
-0.979798 -23403.4 -113.28
-0.989899 -23403.6 -114.269
-1 -23403.8 -115.258
