0 18840.9 0.00186501
-0.010101 17903.3 -8.6302
-0.020202 17898.5 -17.2797
-0.030303 17890.9 -26.7054
-0.040404 17883.3 -36.1379
-0.0505051 17874.3 -45.7353
-0.0606061 17865.1 -55.3394
-0.0707071 17855.5 -65.0481
-0.0808081 17845.8 -74.7617
-0.0909091 17836.2 -84.5317
-0.10101 17826.7 -94.3048
-0.111111 17817.7 -104.106
-0.121212 17808.9 -113.908
-0.131313 17800.8 -123.722
-0.141414 17792.9 -133.537
-0.151515 17785.9 -143.352
-0.161616 17779.1 -153.167
-0.171717 17773.2 -162.974
-0.181818 17767.6 -172.778
-0.191919 17762.9 -182.568
-0.20202 17758.4 -192.353
-0.212121 17754.7 -202.117
-0.222222 17751.3 -211.873
-0.232323 17748.6 -221.603
-0.242424 17746.1 -231.323
-0.252525 17744.3 -241.013
-0.262626 17742.7 -250.69
-0.272727 17741.6 -260.334
-0.282828 17740.6 -269.964
-0.292929 17740.1 -279.559
-0.30303 17739.8 -289.138
-0.313131 17739.8 -298.68
-0.323232 17739.9 -308.205
-0.333333 17740.2 -317.693
-0.343434 17740.7 -327.162
-0.353535 17741.4 -336.594
-0.363636 17742.1 -346.004
-0.373737 17743 -355.378
-0.383838 17743.9 -364.729
-0.393939 17744.9 -374.043
-0.40404 17745.9 -383.332
-0.414141 17747 -392.584
-0.424242 17748.2 -401.81
-0.434343 17749.3 -410.998
-0.444444 17750.5 -420.157
-0.454545 17751.7 -429.279
-0.464646 17752.9 -438.369
-0.474747 17754.1 -447.421
-0.484848 17755.3 -456.439
-0.494949 17756.5 -465.418
-0.505051 17757.7 -474.36
-0.515152 17758.8 -483.264
-0.525253 17760 -492.126
-0.535354 17761.2 -500.949
-0.545455 17762.4 -509.727
-0.555556 17763.5 -518.467
-0.565657 17764.7 -527.156
-0.575758 17765.8 -535.807
-0.585859 17767 -544.403
-0.59596 17768.1 -552.96
-0.606061 17769.3 -561.458
-0.616162 17770.4 -569.916
-0.626263 17771.6 -578.309
-0.636364 17772.7 -586.663
-0.646465 17773.9 -594.946
-0.656566 17775 -603.19
-0.666667 17776.2 -611.357
-0.676768 17777.4 -619.485
-0.686869 17778.5 -627.529
-0.69697 17779.7 -635.534
-0.707071 17780.9 -643.448
-0.717172 17782.1 -651.323
-0.727273 17783.2 -659.1
-0.737374 17784.4 -666.839
-0.747475 17785.6 -674.472
-0.757576 17786.7 -682.067
-0.767677 17787.9 -689.548
-0.777778 17789 -696.992
-0.787879 17790.1 -704.313
-0.79798 17791.2 -711.598
-0.808081 17792.3 -718.752
-0.818182 17793.4 -725.872
-0.828283 17794.4 -732.85
-0.838384 17795.3 -739.797
-0.848485 17796.2 -746.593
-0.858586 17797.1 -753.361
-0.868687 17797.9 -759.969
-0.878788 17798.7 -766.551
-0.888889 17799.4 -772.965
-0.89899 17800 -779.356
-0.909091 17800.6 -785.572
-0.919192 17801.1 -791.769
-0.929293 17801.4 -797.786
-0.939394 17801.8 -803.787
-0.949495 17802 -809.607
-0.959596 17802.2 -815.416
-0.969697 17802.3 -821.052
-0.979798 17802.4 -826.682
-0.989899 17802.4 -832.181
-1 17802.5 -837.677
