0 15922.5 0.00188057
-0.010101 14794.7 -10.2702
-0.020202 14794.6 -20.5618
-0.030303 14790.9 -31.7256
-0.040404 14787.1 -42.8973
-0.0505051 14781 -54.2539
-0.0606061 14774.9 -65.6189
-0.0707071 14767.5 -77.1161
-0.0808081 14760 -88.6202
-0.0909091 14752 -100.204
-0.10101 14744.1 -111.793
-0.111111 14736.2 -123.428
-0.121212 14728.4 -135.066
-0.131313 14720.9 -146.728
-0.141414 14713.6 -158.392
-0.151515 14706.9 -170.067
-0.161616 14700.3 -181.742
-0.171717 14694.5 -193.417
-0.181818 14688.9 -205.089
-0.191919 14684 -216.752
-0.20202 14679.3 -228.411
-0.212121 14675.4 -240.051
-0.222222 14671.7 -251.684
-0.232323 14668.6 -263.293
-0.242424 14665.8 -274.891
-0.252525 14663.5 -286.459
-0.262626 14661.5 -298.014
-0.272727 14660 -309.534
-0.282828 14658.6 -321.038
-0.292929 14657.7 -332.505
-0.30303 14656.9 -343.954
-0.313131 14656.5 -355.362
-0.323232 14656.2 -366.751
-0.333333 14656.2 -378.098
-0.343434 14656.3 -389.422
-0.353535 14656.7 -400.704
-0.363636 14657.1 -411.962
-0.373737 14657.6 -423.176
-0.383838 14658.3 -434.363
-0.393939 14659 -445.506
-0.40404 14659.8 -456.62
-0.414141 14660.7 -467.69
-0.424242 14661.6 -478.727
-0.434343 14662.5 -489.72
-0.444444 14663.5 -500.678
-0.454545 14664.5 -511.591
-0.464646 14665.5 -522.465
-0.474747 14666.5 -533.294
-0.484848 14667.6 -544.08
-0.494949 14668.6 -554.821
-0.505051 14669.6 -565.516
-0.515152 14670.7 -576.164
-0.525253 14671.7 -586.762
-0.535354 14672.7 -597.314
-0.545455 14673.7 -607.81
-0.555556 14674.8 -618.26
-0.565657 14675.8 -628.649
-0.575758 14676.8 -638.991
-0.585859 14677.8 -649.267
-0.59596 14678.8 -659.495
-0.606061 14679.8 -669.652
-0.616162 14680.8 -679.762
-0.626263 14681.8 -689.793
-0.636364 14682.8 -699.777
-0.646465 14683.8 -709.676
-0.656566 14684.8 -719.527
-0.666667 14685.7 -729.286
-0.676768 14686.7 -738.997
-0.686869 14687.7 -748.609
-0.69697 14688.7 -758.173
-0.707071 14689.7 -767.63
-0.717172 14690.6 -777.04
-0.727273 14691.6 -786.333
-0.737374 14692.6 -795.58
-0.747475 14693.5 -804.702
-0.757576 14694.4 -813.779
-0.767677 14695.3 -822.72
-0.777778 14696.2 -831.618
-0.787879 14697.1 -840.37
-0.79798 14697.9 -849.081
-0.808081 14698.7 -857.636
-0.818182 14699.5 -866.152
-0.828283 14700.3 -874.503
-0.838384 14701 -882.816
-0.848485 14701.6 -890.954
-0.858586 14702.2 -899.057
-0.868687 14702.7 -906.975
-0.878788 14703.2 -914.863
-0.888889 14703.6 -922.556
-0.89899 14704 -930.222
-0.909091 14704.3 -937.685
-0.919192 14704.6 -945.125
-0.929293 14704.7 -952.358
-0.939394 14704.9 -959.572
-0.949495 14704.9 -966.577
-0.959596 14704.9 -973.569
-0.969697 14704.9 -980.364
-0.979798 14704.9 -987.151
-0.989899 14704.9 -993.777
-1 14704.8 -1000.4
