0 23600.1 0.00276821
-0.010101 23458.3 -1.64275
-0.020202 23439.9 -3.29707
-0.030303 23422.2 -5.25797
-0.040404 23404.6 -7.22166
-0.0505051 23388.3 -9.25227
-0.0606061 23372.1 -11.2827
-0.0707071 23357.7 -13.3099
-0.0808081 23343.4 -15.3346
-0.0909091 23331 -17.3308
-0.10101 23318.8 -19.3234
-0.111111 23308.6 -21.2833
-0.121212 23298.6 -23.239
-0.131313 23290.3 -25.1643
-0.141414 23282.4 -27.0852
-0.151515 23276.1 -28.9785
-0.161616 23270 -30.8668
-0.171717 23265.3 -32.729
-0.181818 23261 -34.5856
-0.191919 23257.8 -36.4165
-0.20202 23254.8 -38.2411
-0.212121 23252.9 -40.0402
-0.222222 23251.1 -41.8325
-0.232323 23250.2 -43.6001
-0.242424 23249.4 -45.3604
-0.252525 23249.2 -47.0975
-0.262626 23249.2 -48.8273
-0.272727 23249.7 -50.536
-0.282828 23250.2 -52.2374
-0.292929 23251.1 -53.9202
-0.30303 23252.1 -55.5962
-0.313131 23253.3 -57.2561
-0.323232 23254.6 -58.9096
-0.333333 23256 -60.5496
-0.343434 23257.5 -62.1837
-0.353535 23259 -63.8065
-0.363636 23260.6 -65.4239
-0.373737 23262.1 -67.0318
-0.383838 23263.8 -68.6349
-0.393939 23265.4 -70.23
-0.40404 23267 -71.8206
-0.414141 23268.6 -73.4044
-0.424242 23270.1 -74.9839
-0.434343 23271.7 -76.5575
-0.444444 23273.2 -78.1269
-0.454545 23274.7 -79.691
-0.464646 23276.2 -81.2509
-0.474747 23277.7 -82.8058
-0.484848 23279.1 -84.3564
-0.494949 23280.5 -85.9023
-0.505051 23281.9 -87.4435
-0.515152 23283.3 -88.98
-0.525253 23284.7 -90.5115
-0.535354 23286 -92.0383
-0.545455 23287.4 -93.5594
-0.555556 23288.7 -95.0758
-0.565657 23290 -96.5858
-0.575758 23291.4 -98.0909
-0.585859 23292.7 -99.5888
-0.59596 23294 -101.082
-0.606061 23295.4 -102.566
-0.616162 23296.7 -104.046
-0.626263 23298.1 -105.516
-0.636364 23299.5 -106.98
-0.646465 23300.9 -108.434
-0.656566 23302.3 -109.882
-0.666667 23303.7 -111.317
-0.676768 23305.2 -112.747
-0.686869 23306.7 -114.162
-0.69697 23308.2 -115.571
-0.707071 23309.7 -116.964
-0.717172 23311.2 -118.35
-0.727273 23312.8 -119.718
-0.737374 23314.4 -121.079
-0.747475 23316 -122.418
-0.757576 23317.6 -123.75
-0.767677 23319.2 -125.058
-0.777778 23320.9 -126.359
-0.787879 23322.5 -127.632
-0.79798 23324.2 -128.897
-0.808081 23325.8 -130.131
-0.818182 23327.4 -131.357
-0.828283 23329 -132.549
-0.838384 23330.6 -133.733
-0.848485 23332.2 -134.878
-0.858586 23333.7 -136.015
-0.868687 23335.2 -137.11
-0.878788 23336.7 -138.198
-0.888889 23338 -139.239
-0.89899 23339.3 -140.274
-0.909091 23340.5 -141.259
-0.919192 23341.6 -142.239
-0.929293 23342.6 -143.166
-0.939394 23343.6 -144.088
-0.949495 23344.3 -144.956
-0.959596 23345 -145.82
-0.969697 23345.4 -146.628
-0.979798 23345.9 -147.432
-0.989899 23346 -148.232
-1 23346.2 -149.031
