0 20619.3 0.00232279
-0.010101 19845.4 -7.20581
-0.020202 19837.2 -14.43
-0.030303 19826.9 -22.341
-0.040404 19816.6 -30.258
-0.0505051 19805.5 -38.3214
-0.0606061 19794.3 -46.3899
-0.0707071 19783.2 -54.54
-0.0808081 19772 -62.6933
-0.0909091 19761.5 -70.884
-0.10101 19751 -79.0762
-0.111111 19741.4 -87.2821
-0.121212 19732 -95.4882
-0.131313 19723.6 -103.696
-0.141414 19715.4 -111.903
-0.151515 19708.4 -120.104
-0.161616 19701.5 -128.302
-0.171717 19695.8 -136.489
-0.181818 19690.2 -144.672
-0.191919 19685.8 -152.837
-0.20202 19681.5 -160.997
-0.212121 19678.1 -169.133
-0.222222 19675 -177.263
-0.232323 19672.6 -185.365
-0.242424 19670.5 -193.457
-0.252525 19669 -201.52
-0.262626 19667.7 -209.571
-0.272727 19667 -217.591
-0.282828 19666.4 -225.598
-0.292929 19666.2 -233.573
-0.30303 19666.1 -241.533
-0.313131 19666.4 -249.461
-0.323232 19666.8 -257.373
-0.333333 19667.5 -265.253
-0.343434 19668.2 -273.116
-0.353535 19669.1 -280.948
-0.363636 19670 -288.761
-0.373737 19671.1 -296.543
-0.383838 19672.2 -304.306
-0.393939 19673.4 -312.037
-0.40404 19674.6 -319.748
-0.414141 19675.9 -327.428
-0.424242 19677.1 -335.086
-0.434343 19678.4 -342.714
-0.444444 19679.7 -350.317
-0.454545 19681.1 -357.889
-0.464646 19682.4 -365.436
-0.474747 19683.7 -372.951
-0.484848 19685 -380.438
-0.494949 19686.2 -387.894
-0.505051 19687.5 -395.319
-0.515152 19688.8 -402.713
-0.525253 19690.1 -410.073
-0.535354 19691.3 -417.401
-0.545455 19692.6 -424.692
-0.555556 19693.8 -431.952
-0.565657 19695 -439.17
-0.575758 19696.3 -446.357
-0.585859 19697.5 -453.499
-0.59596 19698.7 -460.609
-0.606061 19700 -467.67
-0.616162 19701.2 -474.699
-0.626263 19702.4 -481.675
-0.636364 19703.7 -488.617
-0.646465 19704.9 -495.502
-0.656566 19706.2 -502.354
-0.666667 19707.5 -509.143
-0.676768 19708.7 -515.899
-0.686869 19710 -522.586
-0.69697 19711.3 -529.24
-0.707071 19712.6 -535.819
-0.717172 19713.9 -542.366
-0.727273 19715.2 -548.83
-0.737374 19716.5 -555.263
-0.747475 19717.8 -561.607
-0.757576 19719.2 -567.92
-0.767677 19720.5 -574.136
-0.777778 19721.8 -580.322
-0.787879 19723 -586.403
-0.79798 19724.3 -592.456
-0.808081 19725.5 -598.396
-0.818182 19726.8 -604.308
-0.828283 19728 -610.1
-0.838384 19729.1 -615.865
-0.848485 19730.2 -621.502
-0.858586 19731.3 -627.114
-0.868687 19732.3 -632.591
-0.878788 19733.2 -638.045
-0.888889 19734.1 -643.355
-0.89899 19734.9 -648.646
-0.909091 19735.6 -653.786
-0.919192 19736.3 -658.91
-0.929293 19736.8 -663.879
-0.939394 19737.4 -668.835
-0.949495 19737.7 -673.634
-0.959596 19738.1 -678.424
-0.969697 19738.2 -683.064
-0.979798 19738.4 -687.697
-0.989899 19738.5 -692.227
-1 19738.5 -696.754
