0 -23585.2 -0.00142706
-0.010101 -23611.4 0.157991
-0.020202 -23591.1 0.322751
-0.030303 -23572.1 0.684432
-0.040404 -23553.1 1.0479
-0.0505051 -23536 1.45431
-0.0606061 -23519.1 1.85906
-0.0707071 -23504.3 2.23783
-0.0808081 -23489.6 2.61265
-0.0909091 -23477.2 2.94211
-0.10101 -23465 3.26664
-0.111111 -23454.9 3.54676
-0.121212 -23445 3.82167
-0.131313 -23437.1 4.05834
-0.141414 -23429.5 4.28966
-0.151515 -23423.6 4.48818
-0.161616 -23417.9 4.6811
-0.171717 -23413.7 4.84461
-0.181818 -23409.8 5.00213
-0.191919 -23407 5.13231
-0.20202 -23404.5 5.25609
-0.212121 -23403 5.35427
-0.222222 -23401.6 5.44582
-0.232323 -23401.1 5.51385
-0.242424 -23400.7 5.57527
-0.252525 -23400.9 5.61579
-0.262626 -23401.2 5.65003
-0.272727 -23401.9 5.66643
-0.282828 -23402.8 5.67715
-0.292929 -23403.9 5.6733
-0.30303 -23405.1 5.66458
-0.313131 -23406.5 5.64452
-0.323232 -23408 5.62053
-0.333333 -23409.5 5.58819
-0.343434 -23411.1 5.5529
-0.353535 -23412.8 5.51188
-0.363636 -23414.4 5.46887
-0.373737 -23416.1 5.42234
-0.383838 -23417.8 5.37474
-0.393939 -23419.5 5.3254
-0.40404 -23421.1 5.2758
-0.414141 -23422.7 5.22584
-0.424242 -23424.3 5.17636
-0.434343 -23425.9 5.12755
-0.444444 -23427.4 5.07983
-0.454545 -23429 5.03352
-0.464646 -23430.4 4.98883
-0.474747 -23431.9 4.94604
-0.484848 -23433.3 4.90529
-0.494949 -23434.7 4.86675
-0.505051 -23436.1 4.83056
-0.515152 -23437.5 4.79674
-0.525253 -23438.8 4.76551
-0.535354 -23440.1 4.73669
-0.545455 -23441.5 4.71061
-0.555556 -23442.8 4.68688
-0.565657 -23444.1 4.66596
-0.575758 -23445.4 4.64726
-0.585859 -23446.7 4.63135
-0.59596 -23448 4.61748
-0.606061 -23449.4 4.60628
-0.616162 -23450.7 4.59687
-0.626263 -23452.1 4.5899
-0.636364 -23453.4 4.58444
-0.646465 -23454.8 4.58106
-0.656566 -23456.2 4.57885
-0.666667 -23457.7 4.57819
-0.676768 -23459.1 4.57833
-0.686869 -23460.6 4.5793
-0.69697 -23462.1 4.58065
-0.707071 -23463.6 4.58188
-0.717172 -23465.2 4.58305
-0.727273 -23466.8 4.58287
-0.737374 -23468.4 4.58218
-0.747475 -23470 4.57863
-0.757576 -23471.6 4.57408
-0.767677 -23473.3 4.56488
-0.777778 -23474.9 4.5542
-0.787879 -23476.6 4.53676
-0.79798 -23478.3 4.51741
-0.808081 -23480 4.48891
-0.818182 -23481.7 4.45812
-0.828283 -23483.3 4.41558
-0.838384 -23485 4.37047
-0.848485 -23486.6 4.31088
-0.858586 -23488.2 4.24854
-0.868687 -23489.8 4.16896
-0.878788 -23491.3 4.08657
-0.888889 -23492.7 3.98428
-0.89899 -23494.1 3.87928
-0.909091 -23495.4 3.75193
-0.919192 -23496.6 3.6221
-0.929293 -23497.7 3.46768
-0.939394 -23498.7 3.31113
-0.949495 -23499.5 3.12757
-0.959596 -23500.3 2.94229
-0.969697 -23500.8 2.72549
-0.979798 -23501.3 2.50736
-0.989899 -23501.4 2.30988
-1 -23501.6 2.11283
