0 16904.5 0.00172306
-0.010101 17881.9 8.39687
-0.020202 17855.9 16.8
-0.030303 17834.6 25.68
-0.040404 17813.5 34.564
-0.0505051 17796.7 43.5472
-0.0606061 17780.1 52.5396
-0.0707071 17767.3 61.6754
-0.0808081 17754.8 70.8222
-0.0909091 17745.5 80.0936
-0.10101 17736.5 89.3756
-0.111111 17730.2 98.7523
-0.121212 17724.1 108.138
-0.131313 17720.2 117.594
-0.141414 17716.6 127.058
-0.151515 17714.6 136.572
-0.161616 17712.8 146.094
-0.171717 17712.3 155.653
-0.181818 17711.9 165.218
-0.191919 17712.5 174.81
-0.20202 17713.2 184.407
-0.212121 17714.5 194.021
-0.222222 17716 203.637
-0.232323 17717.8 213.263
-0.242424 17719.7 222.889
-0.252525 17721.7 232.515
-0.262626 17723.9 242.14
-0.272727 17726.1 251.757
-0.282828 17728.3 261.369
-0.292929 17730.5 270.968
-0.30303 17732.7 280.558
-0.313131 17734.9 290.129
-0.323232 17737 299.688
-0.333333 17739 309.223
-0.343434 17740.9 318.743
-0.353535 17742.8 328.234
-0.363636 17744.6 337.708
-0.373737 17746.3 347.15
-0.383838 17747.9 356.57
-0.393939 17749.4 365.956
-0.40404 17750.8 375.318
-0.414141 17752.2 384.643
-0.424242 17753.5 393.941
-0.434343 17754.7 403.2
-0.444444 17755.9 412.428
-0.454545 17757 421.617
-0.464646 17758 430.772
-0.474747 17759 439.886
-0.484848 17760 448.962
-0.494949 17760.9 457.997
-0.505051 17761.8 466.99
-0.515152 17762.7 475.942
-0.525253 17763.6 484.848
-0.535354 17764.4 493.712
-0.545455 17765.2 502.526
-0.555556 17766.1 511.298
-0.565657 17766.9 520.016
-0.575758 17767.7 528.691
-0.585859 17768.6 537.308
-0.59596 17769.4 545.883
-0.606061 17770.3 554.394
-0.616162 17771.2 562.862
-0.626263 17772.1 571.263
-0.636364 17773 579.621
-0.646465 17774 587.906
-0.656566 17775 596.15
-0.666667 17776 604.314
-0.676768 17777 612.438
-0.686869 17778.1 620.477
-0.69697 17779.2 628.476
-0.707071 17780.3 636.385
-0.717172 17781.5 644.254
-0.727273 17782.7 652.028
-0.737374 17784 659.764
-0.747475 17785.3 667.399
-0.757576 17786.6 674.997
-0.767677 17788 682.488
-0.777778 17789.3 689.944
-0.787879 17790.8 697.288
-0.79798 17792.2 704.599
-0.808081 17793.7 711.791
-0.818182 17795.2 718.954
-0.828283 17796.8 725.993
-0.838384 17798.3 733.004
-0.848485 17799.8 739.887
-0.858586 17801.4 746.745
-0.868687 17802.9 753.469
-0.878788 17804.5 760.172
-0.888889 17805.9 766.737
-0.89899 17807.4 773.283
-0.909091 17808.8 779.688
-0.919192 17810.2 786.078
-0.929293 17811.4 792.324
-0.939394 17812.6 798.558
-0.949495 17813.6 804.652
-0.959596 17814.5 810.737
-0.969697 17815.2 816.697
-0.979798 17815.9 822.652
-0.989899 17816.1 828.447
-1 17816.3 834.238
