0 20068.3 0.00226152
-0.010101 19238 -7.69717
-0.020202 19230.9 -15.4133
-0.030303 19221.5 -23.8474
-0.040404 19212.1 -32.2879
-0.0505051 19201.7 -40.8813
-0.0606061 19191.2 -49.4803
-0.0707071 19180.5 -58.1687
-0.0808081 19169.8 -66.8609
-0.0909091 19159.6 -75.5968
-0.10101 19149.4 -84.3348
-0.111111 19140 -93.0912
-0.121212 19130.7 -101.848
-0.131313 19122.4 -110.61
-0.141414 19114.3 -119.371
-0.151515 19107.3 -128.129
-0.161616 19100.4 -136.885
-0.171717 19094.6 -145.631
-0.181818 19089.1 -154.373
-0.191919 19084.5 -163.098
-0.20202 19080.1 -171.818
-0.212121 19076.7 -180.515
-0.222222 19073.4 -189.205
-0.232323 19071 -197.868
-0.242424 19068.7 -206.522
-0.252525 19067.1 -215.145
-0.262626 19065.7 -223.756
-0.272727 19064.8 -232.335
-0.282828 19064.1 -240.902
-0.292929 19063.8 -249.434
-0.30303 19063.7 -257.952
-0.313131 19063.8 -266.435
-0.323232 19064.1 -274.903
-0.333333 19064.7 -283.336
-0.343434 19065.3 -291.752
-0.353535 19066.1 -300.135
-0.363636 19067 -308.498
-0.373737 19068 -316.828
-0.383838 19069.1 -325.137
-0.393939 19070.2 -333.413
-0.40404 19071.4 -341.668
-0.414141 19072.6 -349.889
-0.424242 19073.8 -358.086
-0.434343 19075.1 -366.251
-0.444444 19076.3 -374.389
-0.454545 19077.6 -382.495
-0.464646 19078.9 -390.573
-0.474747 19080.1 -398.617
-0.484848 19081.4 -406.631
-0.494949 19082.7 -414.611
-0.505051 19083.9 -422.558
-0.515152 19085.1 -430.472
-0.525253 19086.4 -438.348
-0.535354 19087.6 -446.191
-0.545455 19088.8 -453.994
-0.555556 19090.1 -461.763
-0.565657 19091.3 -469.488
-0.575758 19092.5 -477.179
-0.585859 19093.7 -484.821
-0.59596 19094.9 -492.429
-0.606061 19096.1 -499.985
-0.616162 19097.3 -507.505
-0.626263 19098.5 -514.969
-0.636364 19099.7 -522.398
-0.646465 19101 -529.764
-0.656566 19102.2 -537.095
-0.666667 19103.4 -544.358
-0.676768 19104.7 -551.586
-0.686869 19105.9 -558.74
-0.69697 19107.2 -565.859
-0.707071 19108.4 -572.898
-0.717172 19109.7 -579.902
-0.727273 19110.9 -586.818
-0.737374 19112.2 -593.701
-0.747475 19113.5 -600.488
-0.757576 19114.7 -607.242
-0.767677 19116 -613.894
-0.777778 19117.2 -620.513
-0.787879 19118.5 -627.021
-0.79798 19119.7 -633.497
-0.808081 19120.9 -639.855
-0.818182 19122 -646.183
-0.828283 19123.2 -652.383
-0.838384 19124.3 -658.555
-0.848485 19125.3 -664.59
-0.858586 19126.3 -670.6
-0.868687 19127.2 -676.466
-0.878788 19128.2 -682.308
-0.888889 19128.9 -687.998
-0.89899 19129.7 -693.667
-0.909091 19130.4 -699.177
-0.919192 19131 -704.67
-0.929293 19131.5 -709.999
-0.939394 19131.9 -715.314
-0.949495 19132.3 -720.464
-0.959596 19132.6 -725.604
-0.969697 19132.7 -730.586
-0.979798 19132.9 -735.562
-0.989899 19132.9 -740.424
-1 19132.9 -745.285
