0 -22918.7 -0.00224614
-0.010101 -23212.2 -2.21861
-0.020202 -23189.2 -4.43255
-0.030303 -23168.6 -6.63161
-0.040404 -23148 -8.83064
-0.0505051 -23130.1 -11.029
-0.0606061 -23112.3 -13.2315
-0.0707071 -23097.3 -15.4984
-0.0808081 -23082.5 -17.7717
-0.0909091 -23070.3 -20.1186
-0.10101 -23058.3 -22.4727
-0.111111 -23048.7 -24.8906
-0.121212 -23039.4 -27.3155
-0.131313 -23032.2 -29.7918
-0.141414 -23025.3 -32.275
-0.151515 -23020.1 -34.7996
-0.161616 -23015.2 -37.3307
-0.171717 -23011.8 -39.8965
-0.181818 -23008.7 -42.4688
-0.191919 -23006.7 -45.0706
-0.20202 -23004.9 -47.6787
-0.212121 -23004.1 -50.3122
-0.222222 -23003.5 -52.9515
-0.232323 -23003.5 -55.6118
-0.242424 -23003.7 -58.2772
-0.252525 -23004.4 -60.9591
-0.262626 -23005.3 -63.6451
-0.272727 -23006.4 -66.3429
-0.282828 -23007.7 -69.0435
-0.292929 -23009.2 -71.7514
-0.30303 -23010.8 -74.4605
-0.313131 -23012.4 -77.1727
-0.323232 -23014.1 -79.8846
-0.333333 -23015.9 -82.5957
-0.343434 -23017.7 -85.3048
-0.353535 -23019.5 -88.0101
-0.363636 -23021.3 -90.7116
-0.373737 -23023.1 -93.4066
-0.383838 -23024.8 -96.0963
-0.393939 -23026.5 -98.7774
-0.40404 -23028.2 -101.452
-0.414141 -23029.9 -104.115
-0.424242 -23031.5 -106.771
-0.434343 -23033 -109.415
-0.444444 -23034.6 -112.049
-0.454545 -23036 -114.67
-0.464646 -23037.5 -117.28
-0.474747 -23038.9 -119.877
-0.484848 -23040.3 -122.462
-0.494949 -23041.7 -125.033
-0.505051 -23043 -127.589
-0.515152 -23044.3 -130.132
-0.525253 -23045.6 -132.66
-0.535354 -23046.9 -135.173
-0.545455 -23048.2 -137.67
-0.555556 -23049.4 -140.152
-0.565657 -23050.7 -142.617
-0.575758 -23052 -145.067
-0.585859 -23053.3 -147.498
-0.59596 -23054.5 -149.916
-0.606061 -23055.8 -152.312
-0.616162 -23057.1 -154.695
-0.626263 -23058.5 -157.056
-0.636364 -23059.8 -159.404
-0.646465 -23061.2 -161.728
-0.656566 -23062.5 -164.04
-0.666667 -23063.9 -166.327
-0.676768 -23065.4 -168.602
-0.686869 -23066.8 -170.852
-0.69697 -23068.3 -173.089
-0.707071 -23069.8 -175.3
-0.717172 -23071.4 -177.501
-0.727273 -23073 -179.674
-0.737374 -23074.6 -181.837
-0.747475 -23076.2 -183.972
-0.757576 -23077.8 -186.098
-0.767677 -23079.5 -188.196
-0.777778 -23081.2 -190.286
-0.787879 -23082.9 -192.348
-0.79798 -23084.6 -194.402
-0.808081 -23086.4 -196.429
-0.818182 -23088.1 -198.45
-0.828283 -23089.8 -200.443
-0.838384 -23091.6 -202.431
-0.848485 -23093.3 -204.394
-0.858586 -23094.9 -206.351
-0.868687 -23096.6 -208.283
-0.878788 -23098.2 -210.212
-0.888889 -23099.7 -212.116
-0.89899 -23101.2 -214.018
-0.909091 -23102.6 -215.896
-0.919192 -23103.9 -217.772
-0.929293 -23105.1 -219.626
-0.939394 -23106.2 -221.479
-0.949495 -23107.1 -223.313
-0.959596 -23108 -225.145
-0.969697 -23108.6 -226.966
-0.979798 -23109.1 -228.787
-0.989899 -23109.3 -230.549
-1 -23109.5 -232.311
