0 -21911.9 -0.00205666
-0.010101 -22399.9 -3.96958
-0.020202 -22375.5 -7.93751
-0.030303 -22354.1 -12.0211
-0.040404 -22332.9 -16.1057
-0.0505051 -22314.8 -20.2132
-0.0606061 -22296.9 -24.3261
-0.0707071 -22282.1 -28.5236
-0.0808081 -22267.5 -32.7285
-0.0909091 -22255.8 -37.0203
-0.10101 -22244.3 -41.3201
-0.111111 -22235.4 -45.6916
-0.121212 -22226.7 -50.0707
-0.131313 -22220.2 -54.5057
-0.141414 -22214 -58.9478
-0.151515 -22209.6 -63.4336
-0.161616 -22205.4 -67.9262
-0.171717 -22202.7 -72.4541
-0.181818 -22200.3 -76.9883
-0.191919 -22198.9 -81.5516
-0.20202 -22197.8 -86.1207
-0.212121 -22197.5 -90.7133
-0.222222 -22197.5 -95.311
-0.232323 -22198 -99.9267
-0.242424 -22198.7 -104.547
-0.252525 -22199.8 -109.179
-0.262626 -22201 -113.814
-0.272727 -22202.5 -118.456
-0.282828 -22204.1 -123.099
-0.292929 -22205.8 -127.743
-0.30303 -22207.6 -132.387
-0.313131 -22209.4 -137.028
-0.323232 -22211.3 -141.665
-0.333333 -22213.2 -146.296
-0.343434 -22215.1 -150.921
-0.353535 -22216.9 -155.536
-0.363636 -22218.8 -160.143
-0.373737 -22220.6 -164.737
-0.383838 -22222.3 -169.322
-0.393939 -22224 -173.89
-0.40404 -22225.7 -178.447
-0.414141 -22227.3 -182.987
-0.424242 -22228.8 -187.513
-0.434343 -22230.3 -192.02
-0.444444 -22231.8 -196.512
-0.454545 -22233.2 -200.984
-0.464646 -22234.6 -205.438
-0.474747 -22235.9 -209.871
-0.484848 -22237.2 -214.285
-0.494949 -22238.5 -218.678
-0.505051 -22239.7 -223.049
-0.515152 -22240.9 -227.399
-0.525253 -22242.1 -231.725
-0.535354 -22243.3 -236.029
-0.545455 -22244.5 -240.308
-0.555556 -22245.6 -244.565
-0.565657 -22246.8 -248.794
-0.575758 -22248 -253.002
-0.585859 -22249.2 -257.179
-0.59596 -22250.3 -261.335
-0.606061 -22251.5 -265.459
-0.616162 -22252.7 -269.561
-0.626263 -22254 -273.628
-0.636364 -22255.2 -277.675
-0.646465 -22256.5 -281.684
-0.656566 -22257.8 -285.673
-0.666667 -22259.1 -289.623
-0.676768 -22260.5 -293.553
-0.686869 -22261.8 -297.441
-0.69697 -22263.2 -301.31
-0.707071 -22264.7 -305.135
-0.717172 -22266.2 -308.941
-0.727273 -22267.7 -312.701
-0.737374 -22269.2 -316.444
-0.747475 -22270.8 -320.139
-0.757576 -22272.4 -323.818
-0.767677 -22274 -327.447
-0.777778 -22275.6 -331.06
-0.787879 -22277.3 -334.622
-0.79798 -22279 -338.171
-0.808081 -22280.7 -341.667
-0.818182 -22282.4 -345.149
-0.828283 -22284.1 -348.579
-0.838384 -22285.8 -351.997
-0.848485 -22287.5 -355.362
-0.858586 -22289.2 -358.716
-0.868687 -22290.8 -362.015
-0.878788 -22292.5 -365.306
-0.888889 -22294 -368.541
-0.89899 -22295.6 -371.769
-0.909091 -22297 -374.942
-0.919192 -22298.3 -378.109
-0.929293 -22299.5 -381.221
-0.939394 -22300.7 -384.328
-0.949495 -22301.7 -387.383
-0.959596 -22302.6 -390.435
-0.969697 -22303.2 -393.445
-0.979798 -22303.8 -396.453
-0.989899 -22304 -399.372
-1 -22304.2 -402.288
