0 -15729.3 -0.00160266
-0.010101 -16779.7 -9.06282
-0.020202 -16753.8 -18.1334
-0.030303 -16732.9 -27.7384
-0.040404 -16712.1 -37.3481
-0.0505051 -16695.8 -47.0694
-0.0606061 -16679.8 -56.8004
-0.0707071 -16667.5 -66.6835
-0.0808081 -16655.6 -76.5779
-0.0909091 -16646.9 -86.602
-0.10101 -16638.5 -96.637
-0.111111 -16632.7 -106.769
-0.121212 -16627.3 -116.912
-0.131313 -16623.9 -127.125
-0.141414 -16620.7 -137.346
-0.151515 -16619.2 -147.619
-0.161616 -16617.9 -157.899
-0.171717 -16617.8 -168.216
-0.181818 -16617.8 -178.539
-0.191919 -16618.7 -188.888
-0.20202 -16619.8 -199.241
-0.212121 -16621.3 -209.611
-0.222222 -16623 -219.983
-0.232323 -16625 -230.362
-0.242424 -16627.1 -240.741
-0.252525 -16629.3 -251.118
-0.262626 -16631.6 -261.492
-0.272727 -16633.9 -271.857
-0.282828 -16636.2 -282.216
-0.292929 -16638.5 -292.559
-0.30303 -16640.7 -302.892
-0.313131 -16642.9 -313.203
-0.323232 -16645 -323.502
-0.333333 -16647 -333.773
-0.343434 -16648.9 -344.028
-0.353535 -16650.7 -354.252
-0.363636 -16652.5 -364.456
-0.373737 -16654.1 -374.626
-0.383838 -16655.7 -384.772
-0.393939 -16657.2 -394.882
-0.40404 -16658.5 -404.965
-0.414141 -16659.8 -415.009
-0.424242 -16661.1 -425.023
-0.434343 -16662.2 -434.996
-0.444444 -16663.3 -444.936
-0.454545 -16664.3 -454.833
-0.464646 -16665.3 -464.694
-0.474747 -16666.2 -474.511
-0.484848 -16667.1 -484.288
-0.494949 -16668 -494.02
-0.505051 -16668.8 -503.708
-0.515152 -16669.6 -513.352
-0.525253 -16670.4 -522.946
-0.535354 -16671.2 -532.495
-0.545455 -16671.9 -541.991
-0.555556 -16672.7 -551.442
-0.565657 -16673.4 -560.835
-0.575758 -16674.2 -570.183
-0.585859 -16675 -579.467
-0.59596 -16675.7 -588.706
-0.606061 -16676.5 -597.878
-0.616162 -16677.4 -607.003
-0.626263 -16678.2 -616.056
-0.636364 -16679 -625.063
-0.646465 -16679.9 -633.992
-0.656566 -16680.8 -642.875
-0.666667 -16681.8 -651.674
-0.676768 -16682.7 -660.429
-0.686869 -16683.7 -669.093
-0.69697 -16684.8 -677.714
-0.707071 -16685.8 -686.238
-0.717172 -16686.9 -694.719
-0.727273 -16688.1 -703.097
-0.737374 -16689.3 -711.435
-0.747475 -16690.5 -719.662
-0.757576 -16691.7 -727.851
-0.767677 -16693 -735.923
-0.777778 -16694.3 -743.958
-0.787879 -16695.7 -751.871
-0.79798 -16697.1 -759.748
-0.808081 -16698.5 -767.497
-0.818182 -16700 -775.214
-0.828283 -16701.4 -782.795
-0.838384 -16702.9 -790.347
-0.848485 -16704.4 -797.759
-0.858586 -16705.9 -805.144
-0.868687 -16707.4 -812.383
-0.878788 -16708.9 -819.599
-0.888889 -16710.4 -826.664
-0.89899 -16711.8 -833.708
-0.909091 -16713.2 -840.599
-0.919192 -16714.5 -847.471
-0.929293 -16715.7 -854.188
-0.939394 -16716.9 -860.891
-0.949495 -16717.9 -867.44
-0.959596 -16718.8 -873.979
-0.969697 -16719.5 -880.381
-0.979798 -16720.1 -886.777
-0.989899 -16720.4 -893.002
-1 -16720.6 -899.223
