0 -12926.8 -0.00159859
-0.010101 -11663.3 11.4261
-0.020202 -11667.4 22.8742
-0.030303 -11667.2 35.2546
-0.040404 -11666.9 47.6433
-0.0505051 -11663.6 60.2291
-0.0606061 -11660.2 72.8245
-0.0707071 -11654.9 85.5723
-0.0808081 -11649.6 98.3286
-0.0909091 -11643.3 111.183
-0.10101 -11636.9 124.044
-0.111111 -11630.2 136.965
-0.121212 -11623.4 149.89
-0.131313 -11616.8 162.85
-0.141414 -11610.2 175.813
-0.151515 -11603.9 188.794
-0.161616 -11597.8 201.777
-0.171717 -11592.1 214.765
-0.181818 -11586.6 227.752
-0.191919 -11581.8 240.734
-0.20202 -11577.1 253.712
-0.212121 -11573 266.674
-0.222222 -11569.1 279.631
-0.232323 -11565.8 292.564
-0.242424 -11562.7 305.487
-0.252525 -11560.2 318.38
-0.262626 -11557.8 331.26
-0.272727 -11556 344.104
-0.282828 -11554.3 356.933
-0.292929 -11553.1 369.721
-0.30303 -11552 382.492
-0.313131 -11551.2 395.219
-0.323232 -11550.6 407.925
-0.333333 -11550.3 420.585
-0.343434 -11550.1 433.222
-0.353535 -11550.1 445.812
-0.363636 -11550.2 458.375
-0.373737 -11550.5 470.891
-0.383838 -11550.8 483.376
-0.393939 -11551.3 495.813
-0.40404 -11551.9 508.217
-0.414141 -11552.5 520.572
-0.424242 -11553.2 532.891
-0.434343 -11553.9 545.16
-0.444444 -11554.7 557.389
-0.454545 -11555.5 569.568
-0.464646 -11556.3 581.704
-0.474747 -11557.1 593.788
-0.484848 -11558 605.825
-0.494949 -11558.9 617.811
-0.505051 -11559.7 629.744
-0.515152 -11560.6 641.626
-0.525253 -11561.5 653.451
-0.535354 -11562.4 665.223
-0.545455 -11563.2 676.933
-0.555556 -11564.1 688.59
-0.565657 -11565 700.18
-0.575758 -11565.8 711.716
-0.585859 -11566.7 723.179
-0.59596 -11567.5 734.588
-0.606061 -11568.4 745.917
-0.616162 -11569.2 757.192
-0.626263 -11570 768.379
-0.636364 -11570.9 779.513
-0.646465 -11571.7 790.553
-0.656566 -11572.5 801.538
-0.666667 -11573.3 812.421
-0.676768 -11574.1 823.25
-0.686869 -11574.9 833.968
-0.69697 -11575.7 844.633
-0.707071 -11576.4 855.178
-0.717172 -11577.2 865.671
-0.727273 -11578 876.034
-0.737374 -11578.7 886.346
-0.747475 -11579.4 896.517
-0.757576 -11580.1 906.64
-0.767677 -11580.8 916.612
-0.777778 -11581.5 926.536
-0.787879 -11582.1 936.299
-0.79798 -11582.7 946.017
-0.808081 -11583.2 955.562
-0.818182 -11583.7 965.065
-0.828283 -11584.2 974.384
-0.838384 -11584.7 983.663
-0.848485 -11585 992.749
-0.858586 -11585.4 1001.8
-0.868687 -11585.7 1010.64
-0.878788 -11585.9 1019.45
-0.888889 -11586.1 1028.05
-0.89899 -11586.2 1036.62
-0.909091 -11586.2 1044.97
-0.919192 -11586.3 1053.29
-0.929293 -11586.2 1061.39
-0.939394 -11586.2 1069.46
-0.949495 -11586.1 1077.31
-0.959596 -11586 1085.14
-0.969697 -11585.8 1092.76
-0.979798 -11585.7 1100.37
-0.989899 -11585.6 1107.8
-1 -11585.6 1115.23
