0 -5244.98 -0.000656081
-0.010101 -6660 -12.4671
-0.020202 -6638.65 -24.9505
-0.030303 -6623.15 -38.3002
-0.040404 -6607.85 -51.6575
-0.0505051 -6597.33 -65.1986
-0.0606061 -6587.05 -78.7518
-0.0707071 -6580.57 -92.4963
-0.0808081 -6574.34 -106.254
-0.0909091 -6571.02 -120.158
-0.10101 -6567.95 -134.075
-0.111111 -6567.02 -148.095
-0.121212 -6566.31 -162.124
-0.131313 -6567.11 -176.226
-0.141414 -6568.08 -190.335
-0.151515 -6570.07 -204.493
-0.161616 -6572.17 -218.656
-0.171717 -6574.88 -232.852
-0.181818 -6577.67 -247.051
-0.191919 -6580.76 -261.268
-0.20202 -6583.88 -275.486
-0.212121 -6587.09 -289.709
-0.222222 -6590.28 -303.931
-0.232323 -6593.42 -318.147
-0.242424 -6596.51 -332.358
-0.252525 -6599.43 -346.553
-0.262626 -6602.29 -360.739
-0.272727 -6604.94 -374.901
-0.282828 -6607.49 -389.051
-0.292929 -6609.81 -403.168
-0.30303 -6612.02 -417.269
-0.313131 -6614 -431.333
-0.323232 -6615.88 -445.376
-0.333333 -6617.53 -459.376
-0.343434 -6619.08 -473.352
-0.353535 -6620.43 -487.281
-0.363636 -6621.68 -501.183
-0.373737 -6622.75 -515.034
-0.383838 -6623.74 -528.854
-0.393939 -6624.58 -542.621
-0.40404 -6625.34 -556.352
-0.414141 -6625.98 -570.029
-0.424242 -6626.56 -583.666
-0.434343 -6627.04 -597.247
-0.444444 -6627.47 -610.784
-0.454545 -6627.83 -624.263
-0.464646 -6628.15 -637.693
-0.474747 -6628.41 -651.066
-0.484848 -6628.65 -664.384
-0.494949 -6628.85 -677.643
-0.505051 -6629.03 -690.843
-0.515152 -6629.19 -703.983
-0.525253 -6629.34 -717.059
-0.535354 -6629.48 -730.075
-0.545455 -6629.62 -743.019
-0.555556 -6629.75 -755.904
-0.565657 -6629.89 -768.711
-0.575758 -6630.03 -781.457
-0.585859 -6630.18 -794.12
-0.59596 -6630.34 -806.722
-0.606061 -6630.52 -819.233
-0.616162 -6630.71 -831.683
-0.626263 -6630.92 -844.035
-0.636364 -6631.14 -856.326
-0.646465 -6631.4 -868.51
-0.656566 -6631.66 -880.635
-0.666667 -6631.97 -892.644
-0.676768 -6632.28 -904.594
-0.686869 -6632.64 -916.42
-0.69697 -6633.02 -928.188
-0.707071 -6633.43 -939.823
-0.717172 -6633.87 -951.401
-0.727273 -6634.36 -962.836
-0.737374 -6634.86 -974.215
-0.747475 -6635.42 -985.442
-0.757576 -6636 -996.615
-0.767677 -6636.63 -1007.63
-0.777778 -6637.29 -1018.59
-0.787879 -6638 -1029.37
-0.79798 -6638.74 -1040.11
-0.808081 -6639.53 -1050.67
-0.818182 -6640.34 -1061.18
-0.828283 -6641.21 -1071.5
-0.838384 -6642.09 -1081.77
-0.848485 -6643.03 -1091.85
-0.858586 -6643.97 -1101.89
-0.868687 -6644.95 -1111.71
-0.878788 -6645.94 -1121.5
-0.888889 -6646.95 -1131.08
-0.89899 -6647.95 -1140.62
-0.909091 -6648.94 -1149.93
-0.919192 -6649.93 -1159.23
-0.929293 -6650.84 -1168.29
-0.939394 -6651.76 -1177.33
-0.949495 -6652.54 -1186.14
-0.959596 -6653.31 -1194.94
-0.969697 -6653.87 -1203.53
-0.979798 -6654.42 -1212.11
-0.989899 -6654.63 -1220.47
-1 -6654.84 -1228.83
