0 22980.7 0.00181617
-0.010101 22574.8 -3.9784
-0.020202 22560.2 -7.96988
-0.030303 22545.1 -12.4325
-0.040404 22530 -16.8993
-0.0505051 22515.4 -21.4678
-0.0606061 22500.9 -26.0384
-0.0707071 22487.4 -30.6409
-0.0808081 22474.1 -35.2433
-0.0909091 22462.2 -39.844
-0.10101 22450.4 -44.4431
-0.111111 22440.1 -49.0282
-0.121212 22430.1 -53.6109
-0.131313 22421.6 -58.176
-0.141414 22413.3 -62.7379
-0.151515 22406.6 -67.2809
-0.161616 22400 -71.82
-0.171717 22394.8 -76.3384
-0.181818 22389.8 -80.8518
-0.191919 22386 -85.3423
-0.20202 22382.5 -89.8267
-0.212121 22379.9 -94.2863
-0.222222 22377.5 -98.7385
-0.232323 22376 -103.165
-0.242424 22374.6 -107.582
-0.252525 22373.9 -111.974
-0.262626 22373.4 -116.356
-0.272727 22373.3 -120.712
-0.282828 22373.4 -125.059
-0.292929 22373.9 -129.381
-0.30303 22374.5 -133.693
-0.313131 22375.3 -137.981
-0.323232 22376.3 -142.259
-0.333333 22377.4 -146.516
-0.343434 22378.6 -150.762
-0.353535 22379.9 -154.988
-0.363636 22381.3 -159.203
-0.373737 22382.7 -163.399
-0.383838 22384.1 -167.585
-0.393939 22385.6 -171.753
-0.40404 22387.1 -175.909
-0.414141 22388.6 -180.049
-0.424242 22390.1 -184.176
-0.434343 22391.6 -188.288
-0.444444 22393 -192.387
-0.454545 22394.5 -196.47
-0.464646 22396 -200.539
-0.474747 22397.4 -204.593
-0.484848 22398.8 -208.632
-0.494949 22400.2 -212.656
-0.505051 22401.6 -216.664
-0.515152 22403 -220.656
-0.525253 22404.3 -224.631
-0.535354 22405.7 -228.59
-0.545455 22407 -232.53
-0.555556 22408.3 -236.454
-0.565657 22409.7 -240.358
-0.575758 22411 -244.245
-0.585859 22412.3 -248.11
-0.59596 22413.6 -251.958
-0.606061 22415 -255.781
-0.616162 22416.3 -259.587
-0.626263 22417.7 -263.365
-0.636364 22419 -267.127
-0.646465 22420.4 -270.858
-0.656566 22421.8 -274.572
-0.666667 22423.2 -278.253
-0.676768 22424.6 -281.916
-0.686869 22426.1 -285.542
-0.69697 22427.5 -289.151
-0.707071 22429 -292.719
-0.717172 22430.5 -296.269
-0.727273 22432 -299.774
-0.737374 22433.5 -303.262
-0.747475 22435 -306.7
-0.757576 22436.5 -310.121
-0.767677 22438 -313.487
-0.777778 22439.6 -316.836
-0.787879 22441.1 -320.125
-0.79798 22442.7 -323.398
-0.808081 22444.2 -326.605
-0.818182 22445.7 -329.795
-0.828283 22447.2 -332.915
-0.838384 22448.6 -336.019
-0.848485 22450 -339.047
-0.858586 22451.4 -342.06
-0.868687 22452.7 -344.99
-0.878788 22454 -347.907
-0.888889 22455.2 -350.736
-0.89899 22456.3 -353.554
-0.909091 22457.3 -356.279
-0.919192 22458.3 -358.994
-0.929293 22459.1 -361.612
-0.939394 22459.9 -364.223
-0.949495 22460.5 -366.735
-0.959596 22461.1 -369.241
-0.969697 22461.5 -371.651
-0.979798 22461.8 -374.056
-0.989899 22461.9 -376.416
-1 22462 -378.774
