0 -23158.8 -0.00248426
-0.010101 -23386 -1.6364
-0.020202 -23363.7 -3.26668
-0.030303 -23343.4 -4.83303
-0.040404 -23323.2 -6.39874
-0.0505051 -23305.5 -7.94938
-0.0606061 -23287.9 -9.50333
-0.0707071 -23272.9 -11.1089
-0.0808081 -23258.1 -12.7201
-0.0909091 -23245.8 -14.3951
-0.10101 -23233.8 -16.0764
-0.111111 -23224 -17.8146
-0.121212 -23214.6 -19.5591
-0.131313 -23207.2 -21.35
-0.141414 -23200.1 -23.1471
-0.151515 -23194.7 -24.9821
-0.161616 -23189.6 -26.8233
-0.171717 -23186 -28.6969
-0.181818 -23182.7 -30.5767
-0.191919 -23180.5 -32.4849
-0.20202 -23178.6 -34.3993
-0.212121 -23177.6 -36.3388
-0.222222 -23176.8 -38.2843
-0.232323 -23176.7 -40.2513
-0.242424 -23176.8 -42.2239
-0.252525 -23177.3 -44.214
-0.262626 -23178.1 -46.2089
-0.272727 -23179.1 -48.2172
-0.282828 -23180.3 -50.2291
-0.292929 -23181.7 -52.2503
-0.30303 -23183.2 -54.2737
-0.313131 -23184.8 -56.3026
-0.323232 -23186.4 -58.3323
-0.333333 -23188.2 -60.3638
-0.343434 -23189.9 -62.3947
-0.353535 -23191.7 -64.4243
-0.363636 -23193.4 -66.4519
-0.373737 -23195.2 -68.4757
-0.383838 -23196.9 -70.4959
-0.393939 -23198.6 -72.5104
-0.40404 -23200.3 -74.5199
-0.414141 -23201.9 -76.5221
-0.424242 -23203.5 -78.5181
-0.434343 -23205.1 -80.5055
-0.444444 -23206.6 -82.4855
-0.454545 -23208.1 -84.456
-0.464646 -23209.5 -86.418
-0.474747 -23211 -88.3699
-0.484848 -23212.4 -90.3121
-0.494949 -23213.7 -92.2438
-0.505051 -23215 -94.1649
-0.515152 -23216.4 -96.0752
-0.525253 -23217.7 -97.9737
-0.535354 -23218.9 -99.8614
-0.545455 -23220.2 -101.736
-0.555556 -23221.5 -103.601
-0.565657 -23222.8 -105.451
-0.575758 -23224 -107.291
-0.585859 -23225.3 -109.116
-0.59596 -23226.6 -110.93
-0.606061 -23227.9 -112.729
-0.616162 -23229.2 -114.518
-0.626263 -23230.5 -116.29
-0.636364 -23231.8 -118.052
-0.646465 -23233.2 -119.797
-0.656566 -23234.5 -121.532
-0.666667 -23236 -123.249
-0.676768 -23237.4 -124.957
-0.686869 -23238.8 -126.647
-0.69697 -23240.3 -128.328
-0.707071 -23241.8 -129.99
-0.717172 -23243.4 -131.644
-0.727273 -23244.9 -133.278
-0.737374 -23246.5 -134.906
-0.747475 -23248.1 -136.514
-0.757576 -23249.8 -138.115
-0.767677 -23251.4 -139.698
-0.777778 -23253.1 -141.275
-0.787879 -23254.8 -142.834
-0.79798 -23256.5 -144.387
-0.808081 -23258.2 -145.923
-0.818182 -23260 -147.455
-0.828283 -23261.7 -148.97
-0.838384 -23263.4 -150.482
-0.848485 -23265 -151.979
-0.858586 -23266.7 -153.473
-0.868687 -23268.3 -154.953
-0.878788 -23269.9 -156.431
-0.888889 -23271.4 -157.897
-0.89899 -23272.9 -159.361
-0.909091 -23274.2 -160.813
-0.919192 -23275.5 -162.265
-0.929293 -23276.7 -163.707
-0.939394 -23277.8 -165.148
-0.949495 -23278.6 -166.582
-0.959596 -23279.5 -168.016
-0.969697 -23280 -169.45
-0.979798 -23280.6 -170.883
-0.989899 -23280.8 -172.266
-1 -23281 -173.648
