0 -3112.32 -0.000364342
-0.010101 -4557.1 -12.7706
-0.020202 -4537.21 -25.5587
-0.030303 -4523.18 -39.2504
-0.040404 -4509.35 -52.95
-0.0505051 -4500.23 -66.8399
-0.0606061 -4491.34 -80.742
-0.0707071 -4486.14 -94.8356
-0.0808081 -4481.17 -108.942
-0.0909091 -4478.97 -123.193
-0.10101 -4477 -137.455
-0.111111 -4477.02 -151.818
-0.121212 -4477.24 -166.191
-0.131313 -4478.83 -180.631
-0.141414 -4480.56 -195.08
-0.151515 -4483.16 -209.573
-0.161616 -4485.85 -224.072
-0.171717 -4489.04 -238.6
-0.181818 -4492.27 -253.131
-0.191919 -4495.7 -267.677
-0.20202 -4499.13 -282.223
-0.212121 -4502.57 -296.772
-0.222222 -4505.97 -311.319
-0.232323 -4509.23 -325.856
-0.242424 -4512.43 -340.388
-0.252525 -4515.41 -354.902
-0.262626 -4518.31 -369.406
-0.272727 -4520.95 -383.883
-0.282828 -4523.48 -398.347
-0.292929 -4525.75 -412.777
-0.30303 -4527.9 -427.19
-0.313131 -4529.79 -441.563
-0.323232 -4531.58 -455.914
-0.333333 -4533.12 -470.222
-0.343434 -4534.55 -484.504
-0.353535 -4535.77 -498.738
-0.363636 -4536.89 -512.943
-0.373737 -4537.83 -527.098
-0.383838 -4538.68 -541.219
-0.393939 -4539.38 -555.287
-0.40404 -4540 -569.318
-0.414141 -4540.5 -583.294
-0.424242 -4540.94 -597.229
-0.434343 -4541.28 -611.107
-0.444444 -4541.57 -624.939
-0.454545 -4541.8 -638.714
-0.464646 -4541.98 -652.439
-0.474747 -4542.11 -666.104
-0.484848 -4542.21 -679.715
-0.494949 -4542.29 -693.266
-0.505051 -4542.34 -706.756
-0.515152 -4542.37 -720.186
-0.525253 -4542.39 -733.55
-0.535354 -4542.4 -746.853
-0.545455 -4542.41 -760.083
-0.555556 -4542.42 -773.253
-0.565657 -4542.43 -786.344
-0.575758 -4542.45 -799.373
-0.585859 -4542.47 -812.317
-0.59596 -4542.51 -825.199
-0.606061 -4542.56 -837.988
-0.616162 -4542.62 -850.716
-0.626263 -4542.7 -863.343
-0.636364 -4542.8 -875.908
-0.646465 -4542.92 -888.365
-0.656566 -4543.05 -900.76
-0.666667 -4543.22 -913.038
-0.676768 -4543.4 -925.256
-0.686869 -4543.62 -937.347
-0.69697 -4543.86 -949.379
-0.707071 -4544.14 -961.274
-0.717172 -4544.43 -973.111
-0.727273 -4544.77 -984.802
-0.737374 -4545.13 -996.437
-0.747475 -4545.55 -1007.92
-0.757576 -4545.98 -1019.34
-0.767677 -4546.46 -1030.6
-0.777778 -4546.97 -1041.8
-0.787879 -4547.54 -1052.83
-0.79798 -4548.12 -1063.81
-0.808081 -4548.77 -1074.6
-0.818182 -4549.43 -1085.34
-0.828283 -4550.16 -1095.89
-0.838384 -4550.9 -1106.39
-0.848485 -4551.7 -1116.69
-0.858586 -4552.51 -1126.94
-0.868687 -4553.37 -1136.98
-0.878788 -4554.23 -1146.98
-0.888889 -4555.12 -1156.76
-0.89899 -4556.01 -1166.51
-0.909091 -4556.9 -1176.02
-0.919192 -4557.79 -1185.51
-0.929293 -4558.62 -1194.76
-0.939394 -4559.46 -1203.99
-0.949495 -4560.18 -1212.98
-0.959596 -4560.89 -1221.96
-0.969697 -4561.42 -1230.72
-0.979798 -4561.93 -1239.47
-0.989899 -4562.13 -1248
-1 -4562.33 -1256.53
