0 22980.7 0.00181614
-0.010101 22574.8 -3.98161
-0.020202 22560.2 -7.97628
-0.030303 22545.1 -12.4414
-0.040404 22530 -16.9107
-0.0505051 22515.4 -21.4807
-0.0606061 22500.9 -26.0526
-0.0707071 22487.4 -30.6557
-0.0808081 22474.1 -35.2585
-0.0909091 22462.1 -39.8589
-0.10101 22450.3 -44.4575
-0.111111 22440.1 -49.0414
-0.121212 22430.1 -53.6228
-0.131313 22421.6 -58.1859
-0.141414 22413.3 -62.7458
-0.151515 22406.5 -67.2861
-0.161616 22400 -71.8224
-0.171717 22394.7 -76.3375
-0.181818 22389.8 -80.8475
-0.191919 22386 -85.3342
-0.20202 22382.4 -89.8146
-0.212121 22379.8 -94.2699
-0.222222 22377.5 -98.7177
-0.232323 22375.9 -103.139
-0.242424 22374.5 -107.552
-0.252525 22373.8 -111.938
-0.262626 22373.3 -116.316
-0.272727 22373.2 -120.667
-0.282828 22373.3 -125.008
-0.292929 22373.8 -129.324
-0.30303 22374.4 -133.63
-0.313131 22375.3 -137.913
-0.323232 22376.2 -142.186
-0.333333 22377.3 -146.437
-0.343434 22378.5 -150.677
-0.353535 22379.8 -154.897
-0.363636 22381.2 -159.107
-0.373737 22382.6 -163.298
-0.383838 22384 -167.477
-0.393939 22385.5 -171.639
-0.40404 22387 -175.79
-0.414141 22388.5 -179.924
-0.424242 22390 -184.046
-0.434343 22391.5 -188.152
-0.444444 22392.9 -192.245
-0.454545 22394.4 -196.323
-0.464646 22395.9 -200.387
-0.474747 22397.3 -204.435
-0.484848 22398.7 -208.469
-0.494949 22400.1 -212.488
-0.505051 22401.5 -216.49
-0.515152 22402.9 -220.477
-0.525253 22404.2 -224.447
-0.535354 22405.6 -228.401
-0.545455 22406.9 -232.337
-0.555556 22408.2 -236.256
-0.565657 22409.6 -240.155
-0.575758 22410.9 -244.037
-0.585859 22412.2 -247.897
-0.59596 22413.5 -251.74
-0.606061 22414.9 -255.558
-0.616162 22416.2 -259.36
-0.626263 22417.6 -263.134
-0.636364 22418.9 -266.891
-0.646465 22420.3 -270.618
-0.656566 22421.7 -274.327
-0.666667 22423.1 -278.003
-0.676768 22424.5 -281.662
-0.686869 22425.9 -285.284
-0.69697 22427.4 -288.888
-0.707071 22428.9 -292.451
-0.717172 22430.3 -295.997
-0.727273 22431.8 -299.498
-0.737374 22433.4 -302.982
-0.747475 22434.9 -306.415
-0.757576 22436.4 -309.832
-0.767677 22437.9 -313.194
-0.777778 22439.5 -316.538
-0.787879 22441 -319.823
-0.79798 22442.6 -323.091
-0.808081 22444.1 -326.294
-0.818182 22445.6 -329.48
-0.828283 22447.1 -332.595
-0.838384 22448.5 -335.695
-0.848485 22449.9 -338.718
-0.858586 22451.3 -341.726
-0.868687 22452.6 -344.652
-0.878788 22453.9 -347.565
-0.888889 22455.1 -350.389
-0.89899 22456.2 -353.202
-0.909091 22457.2 -355.922
-0.919192 22458.2 -358.632
-0.929293 22459 -361.246
-0.939394 22459.8 -363.852
-0.949495 22460.4 -366.359
-0.959596 22461 -368.86
-0.969697 22461.4 -371.265
-0.979798 22461.7 -373.665
-0.989899 22461.8 -376.019
-1 22461.9 -378.372
