0 -20349.1 -0.00210021
-0.010101 -19546.9 7.45586
-0.020202 -19539.2 14.93
-0.030303 -19529.4 23.1064
-0.040404 -19519.5 31.2891
-0.0505051 -19508.7 39.6208
-0.0606061 -19497.9 47.9579
-0.0707071 -19486.9 56.3801
-0.0808081 -19476 64.8057
-0.0909091 -19465.6 73.2716
-0.10101 -19455.3 81.7392
-0.111111 -19445.8 90.2225
-0.121212 -19436.5 98.7062
-0.131313 -19428.1 107.193
-0.141414 -19420 115.679
-0.151515 -19412.9 124.16
-0.161616 -19406.1 132.638
-0.171717 -19400.3 141.106
-0.181818 -19394.7 149.569
-0.191919 -19390.2 158.015
-0.20202 -19385.9 166.456
-0.212121 -19382.5 174.873
-0.222222 -19379.3 183.283
-0.232323 -19376.9 191.666
-0.242424 -19374.7 200.039
-0.252525 -19373.1 208.382
-0.262626 -19371.8 216.714
-0.272727 -19370.9 225.013
-0.282828 -19370.3 233.3
-0.292929 -19370.1 241.553
-0.30303 -19370 249.791
-0.313131 -19370.2 257.996
-0.323232 -19370.5 266.186
-0.333333 -19371.1 274.341
-0.343434 -19371.8 282.48
-0.353535 -19372.7 290.586
-0.363636 -19373.6 298.673
-0.373737 -19374.6 306.728
-0.383838 -19375.7 314.763
-0.393939 -19376.9 322.766
-0.40404 -19378 330.748
-0.414141 -19379.3 338.697
-0.424242 -19380.5 346.623
-0.434343 -19381.8 354.518
-0.444444 -19383.1 362.387
-0.454545 -19384.4 370.225
-0.464646 -19385.7 378.036
-0.474747 -19386.9 385.814
-0.484848 -19388.2 393.563
-0.494949 -19389.5 401.28
-0.505051 -19390.8 408.964
-0.515152 -19392 416.616
-0.525253 -19393.3 424.233
-0.535354 -19394.5 431.817
-0.545455 -19395.7 439.363
-0.555556 -19397 446.875
-0.565657 -19398.2 454.345
-0.575758 -19399.4 461.782
-0.585859 -19400.6 469.173
-0.59596 -19401.8 476.531
-0.606061 -19403.1 483.837
-0.616162 -19404.3 491.11
-0.626263 -19405.5 498.328
-0.636364 -19406.7 505.513
-0.646465 -19408 512.636
-0.656566 -19409.2 519.726
-0.666667 -19410.5 526.751
-0.676768 -19411.7 533.741
-0.686869 -19413 540.66
-0.69697 -19414.3 547.545
-0.707071 -19415.6 554.352
-0.717172 -19416.8 561.126
-0.727273 -19418.1 567.815
-0.737374 -19419.4 574.471
-0.747475 -19420.7 581.035
-0.757576 -19422 587.566
-0.767677 -19423.3 593.998
-0.777778 -19424.5 600.399
-0.787879 -19425.8 606.692
-0.79798 -19427 612.955
-0.808081 -19428.2 619.102
-0.818182 -19429.4 625.22
-0.828283 -19430.6 631.214
-0.838384 -19431.7 637.181
-0.848485 -19432.8 643.015
-0.858586 -19433.8 648.824
-0.868687 -19434.8 654.493
-0.878788 -19435.7 660.139
-0.888889 -19436.6 665.637
-0.89899 -19437.4 671.115
-0.909091 -19438 676.438
-0.919192 -19438.7 681.744
-0.929293 -19439.2 686.891
-0.939394 -19439.7 692.024
-0.949495 -19440 696.996
-0.959596 -19440.3 701.958
-0.969697 -19440.5 706.766
-0.979798 -19440.7 711.567
-0.989899 -19440.7 716.261
-1 -19440.8 720.953
