0 10578.7 0.00136926
-0.010101 9238.03 -12.0703
-0.020202 9245.05 -24.1628
-0.030303 9247.33 -37.2163
-0.040404 9249.46 -50.2783
-0.0505051 9248.24 -63.5436
-0.0606061 9246.87 -76.8194
-0.0707071 9243.28 -90.2602
-0.0808081 9239.56 -103.711
-0.0909091 9234.51 -117.271
-0.10101 9229.37 -130.839
-0.111111 9223.57 -144.477
-0.121212 9217.73 -158.12
-0.131313 9211.72 -171.805
-0.141414 9205.73 -185.494
-0.151515 9199.89 -199.208
-0.161616 9194.12 -212.923
-0.171717 9188.72 -226.648
-0.181818 9183.44 -240.373
-0.191919 9178.64 -254.096
-0.20202 9173.99 -267.816
-0.212121 9169.89 -281.524
-0.222222 9165.94 -295.225
-0.232323 9162.55 -308.905
-0.242424 9159.32 -322.576
-0.252525 9156.62 -336.218
-0.262626 9154.09 -349.847
-0.272727 9152.04 -363.441
-0.282828 9150.14 -377.019
-0.292929 9148.67 -390.556
-0.30303 9147.34 -404.075
-0.313131 9146.37 -417.55
-0.323232 9145.53 -431.003
-0.333333 9144.98 -444.41
-0.343434 9144.55 -457.791
-0.353535 9144.35 -471.124
-0.363636 9144.25 -484.428
-0.373737 9144.33 -497.683
-0.383838 9144.49 -510.906
-0.393939 9144.78 -524.079
-0.40404 9145.14 -537.216
-0.414141 9145.6 -550.302
-0.424242 9146.11 -563.349
-0.434343 9146.68 -576.343
-0.444444 9147.29 -589.296
-0.454545 9147.95 -602.195
-0.464646 9148.62 -615.047
-0.474747 9149.33 -627.846
-0.484848 9150.05 -640.594
-0.494949 9150.79 -653.287
-0.505051 9151.53 -665.925
-0.515152 9152.28 -678.508
-0.525253 9153.03 -691.03
-0.535354 9153.78 -703.496
-0.545455 9154.53 -715.896
-0.555556 9155.27 -728.24
-0.565657 9156.01 -740.512
-0.575758 9156.75 -752.727
-0.585859 9157.48 -764.864
-0.59596 9158.2 -776.944
-0.606061 9158.91 -788.938
-0.616162 9159.62 -800.876
-0.626263 9160.32 -812.72
-0.636364 9161.02 -824.508
-0.646465 9161.7 -836.195
-0.656566 9162.38 -847.825
-0.666667 9163.04 -859.346
-0.676768 9163.7 -870.81
-0.686869 9164.35 -882.157
-0.69697 9164.98 -893.447
-0.707071 9165.6 -904.61
-0.717172 9166.21 -915.719
-0.727273 9166.79 -926.689
-0.737374 9167.37 -937.606
-0.747475 9167.91 -948.375
-0.757576 9168.44 -959.092
-0.767677 9168.93 -969.65
-0.777778 9169.41 -980.158
-0.787879 9169.84 -990.496
-0.79798 9170.26 -1000.79
-0.808081 9170.62 -1010.9
-0.818182 9170.96 -1020.96
-0.828283 9171.23 -1030.83
-0.838384 9171.49 -1040.66
-0.848485 9171.66 -1050.29
-0.858586 9171.83 -1059.88
-0.868687 9171.91 -1069.25
-0.878788 9171.97 -1078.59
-0.888889 9171.95 -1087.71
-0.89899 9171.91 -1096.8
-0.909091 9171.8 -1105.65
-0.919192 9171.68 -1114.48
-0.929293 9171.49 -1123.07
-0.939394 9171.3 -1131.64
-0.949495 9171.08 -1139.97
-0.959596 9170.85 -1148.29
-0.969697 9170.65 -1156.39
-0.979798 9170.45 -1164.48
-0.989899 9170.36 -1172.37
-1 9170.27 -1180.26
