0 -20491 -0.0016792
-0.010101 -21164.2 -5.63628
-0.020202 -21138.8 -11.2743
-0.030303 -21117 -17.1606
-0.040404 -21095.5 -23.0489
-0.0505051 -21077.5 -28.9883
-0.0606061 -21059.8 -34.9345
-0.0707071 -21045.5 -40.9882
-0.0808081 -21031.4 -47.0507
-0.0909091 -21020.3 -53.2152
-0.10101 -21009.5 -59.3888
-0.111111 -21001.4 -65.6437
-0.121212 -20993.5 -71.9071
-0.131313 -20987.8 -78.2321
-0.141414 -20982.4 -84.5649
-0.151515 -20978.8 -90.9447
-0.161616 -20975.4 -97.3316
-0.171717 -20973.5 -103.755
-0.181818 -20971.7 -110.185
-0.191919 -20971.1 -116.644
-0.20202 -20970.6 -123.108
-0.212121 -20970.9 -129.594
-0.222222 -20971.4 -136.084
-0.232323 -20972.4 -142.589
-0.242424 -20973.5 -149.097
-0.252525 -20975 -155.614
-0.262626 -20976.6 -162.131
-0.272727 -20978.3 -168.651
-0.282828 -20980.2 -175.169
-0.292929 -20982.1 -181.684
-0.30303 -20984.1 -188.194
-0.313131 -20986.1 -194.696
-0.323232 -20988 -201.192
-0.333333 -20990 -207.675
-0.343434 -20991.9 -214.148
-0.353535 -20993.8 -220.604
-0.363636 -20995.7 -227.049
-0.373737 -20997.5 -233.474
-0.383838 -20999.2 -239.885
-0.393939 -21000.9 -246.273
-0.40404 -21002.5 -252.645
-0.414141 -21004 -258.992
-0.424242 -21005.5 -265.32
-0.434343 -21006.9 -271.622
-0.444444 -21008.3 -277.902
-0.454545 -21009.6 -284.155
-0.464646 -21010.9 -290.385
-0.474747 -21012.1 -296.586
-0.484848 -21013.3 -302.761
-0.494949 -21014.5 -308.906
-0.505051 -21015.7 -315.023
-0.515152 -21016.8 -321.111
-0.525253 -21017.9 -327.166
-0.535354 -21018.9 -333.192
-0.545455 -21020 -339.184
-0.555556 -21021.1 -345.145
-0.565657 -21022.2 -351.069
-0.575758 -21023.2 -356.964
-0.585859 -21024.3 -362.817
-0.59596 -21025.4 -368.642
-0.606061 -21026.5 -374.422
-0.616162 -21027.6 -380.172
-0.626263 -21028.7 -385.876
-0.636364 -21029.9 -391.55
-0.646465 -21031.1 -397.174
-0.656566 -21032.3 -402.769
-0.666667 -21033.5 -408.309
-0.676768 -21034.8 -413.822
-0.686869 -21036.1 -419.277
-0.69697 -21037.4 -424.705
-0.707071 -21038.7 -430.072
-0.717172 -21040.1 -435.412
-0.727273 -21041.6 -440.688
-0.737374 -21043 -445.938
-0.747475 -21044.5 -451.12
-0.757576 -21046 -456.279
-0.767677 -21047.6 -461.366
-0.777778 -21049.2 -466.43
-0.787879 -21050.8 -471.42
-0.79798 -21052.4 -476.389
-0.808081 -21054.1 -481.281
-0.818182 -21055.7 -486.154
-0.828283 -21057.4 -490.947
-0.838384 -21059.1 -495.723
-0.848485 -21060.8 -500.416
-0.858586 -21062.4 -505.095
-0.868687 -21064.1 -509.689
-0.878788 -21065.7 -514.269
-0.888889 -21067.3 -518.764
-0.89899 -21068.8 -523.247
-0.909091 -21070.2 -527.642
-0.919192 -21071.6 -532.028
-0.929293 -21072.8 -536.327
-0.939394 -21074 -540.617
-0.949495 -21075 -544.824
-0.959596 -21076 -549.024
-0.969697 -21076.6 -553.152
-0.979798 -21077.2 -557.278
-0.989899 -21077.5 -561.286
-1 -21077.7 -565.292
