0 23209.1 0.00238414
-0.010101 22868.3 -3.40585
-0.020202 22852.7 -6.82506
-0.030303 22836.9 -10.6751
-0.040404 22821.1 -14.529
-0.0505051 22806.1 -18.4753
-0.0606061 22791.1 -22.4231
-0.0707071 22777.3 -26.3934
-0.0808081 22763.7 -30.3629
-0.0909091 22751.6 -34.3233
-0.10101 22739.7 -38.2815
-0.111111 22729.4 -42.2203
-0.121212 22719.3 -46.1561
-0.131313 22710.9 -50.0704
-0.141414 22702.7 -53.9812
-0.151515 22696 -57.8703
-0.161616 22689.5 -61.755
-0.171717 22684.4 -65.6172
-0.181818 22679.6 -69.4742
-0.191919 22675.9 -73.3071
-0.20202 22672.5 -77.1337
-0.212121 22670.1 -80.9349
-0.222222 22667.9 -84.7287
-0.232323 22666.4 -88.4965
-0.242424 22665.2 -92.2561
-0.252525 22664.6 -95.9897
-0.262626 22664.2 -99.7146
-0.272727 22664.3 -103.415
-0.282828 22664.5 -107.105
-0.292929 22665.1 -110.773
-0.30303 22665.8 -114.431
-0.313131 22666.7 -118.067
-0.323232 22667.8 -121.694
-0.333333 22669 -125.301
-0.343434 22670.2 -128.899
-0.353535 22671.6 -132.479
-0.363636 22673 -136.05
-0.373737 22674.5 -139.604
-0.383838 22676 -143.148
-0.393939 22677.5 -146.677
-0.40404 22679 -150.197
-0.414141 22680.5 -153.702
-0.424242 22682 -157.197
-0.434343 22683.6 -160.679
-0.444444 22685 -164.15
-0.454545 22686.5 -167.608
-0.464646 22688 -171.055
-0.474747 22689.4 -174.488
-0.484848 22690.9 -177.91
-0.494949 22692.3 -181.319
-0.505051 22693.7 -184.715
-0.515152 22695 -188.098
-0.525253 22696.4 -191.467
-0.535354 22697.7 -194.823
-0.545455 22699.1 -198.163
-0.555556 22700.4 -201.49
-0.565657 22701.8 -204.8
-0.575758 22703.1 -208.096
-0.585859 22704.4 -211.374
-0.59596 22705.8 -214.638
-0.606061 22707.1 -217.881
-0.616162 22708.4 -221.111
-0.626263 22709.8 -224.317
-0.636364 22711.2 -227.509
-0.646465 22712.6 -230.676
-0.656566 22714 -233.828
-0.666667 22715.4 -236.952
-0.676768 22716.8 -240.061
-0.686869 22718.3 -243.139
-0.69697 22719.7 -246.203
-0.707071 22721.2 -249.231
-0.717172 22722.7 -252.245
-0.727273 22724.2 -255.22
-0.737374 22725.8 -258.181
-0.747475 22727.3 -261.099
-0.757576 22728.9 -264.001
-0.767677 22730.4 -266.857
-0.777778 22732 -269.698
-0.787879 22733.6 -272.487
-0.79798 22735.1 -275.261
-0.808081 22736.7 -277.979
-0.818182 22738.2 -280.682
-0.828283 22739.8 -283.323
-0.838384 22741.3 -285.951
-0.848485 22742.7 -288.511
-0.858586 22744.1 -291.058
-0.868687 22745.5 -293.532
-0.878788 22746.8 -295.995
-0.888889 22748 -298.379
-0.89899 22749.2 -300.754
-0.909091 22750.3 -303.046
-0.919192 22751.3 -305.329
-0.929293 22752.2 -307.527
-0.939394 22753 -309.717
-0.949495 22753.6 -311.819
-0.959596 22754.3 -313.916
-0.969697 22754.6 -315.926
-0.979798 22755 -317.932
-0.989899 22755.1 -319.902
-1 22755.3 -321.872
