0 -17278.7 -0.00192778
-0.010101 -18230.7 -8.16185
-0.020202 -18204.7 -16.3292
-0.030303 -18183.3 -24.9544
-0.040404 -18162.1 -33.5836
-0.0505051 -18145.1 -42.309
-0.0606061 -18128.4 -51.0435
-0.0707071 -18115.4 -59.9197
-0.0808081 -18102.7 -68.8067
-0.0909091 -18093.3 -77.8177
-0.10101 -18084.1 -86.8393
-0.111111 -18077.6 -95.9556
-0.121212 -18071.3 -105.081
-0.131313 -18067.2 -114.277
-0.141414 -18063.4 -123.481
-0.151515 -18061.2 -132.736
-0.161616 -18059.3 -141.999
-0.171717 -18058.7 -151.3
-0.181818 -18058.2 -160.607
-0.191919 -18058.6 -169.941
-0.20202 -18059.2 -179.28
-0.212121 -18060.5 -188.638
-0.222222 -18061.8 -197.999
-0.232323 -18063.5 -207.369
-0.242424 -18065.4 -216.74
-0.252525 -18067.4 -226.113
-0.262626 -18069.5 -235.484
-0.272727 -18071.7 -244.85
-0.282828 -18073.8 -254.21
-0.292929 -18076 -263.558
-0.30303 -18078.2 -272.898
-0.313131 -18080.3 -282.219
-0.323232 -18082.4 -291.53
-0.333333 -18084.5 -300.817
-0.343434 -18086.4 -310.09
-0.353535 -18088.3 -319.335
-0.363636 -18090.1 -328.563
-0.373737 -18091.8 -337.76
-0.383838 -18093.4 -346.936
-0.393939 -18094.9 -356.079
-0.40404 -18096.4 -365.199
-0.414141 -18097.8 -374.282
-0.424242 -18099.1 -383.339
-0.434343 -18100.3 -392.359
-0.444444 -18101.5 -401.348
-0.454545 -18102.6 -410.299
-0.464646 -18103.7 -419.216
-0.474747 -18104.7 -428.094
-0.484848 -18105.7 -436.934
-0.494949 -18106.7 -445.735
-0.505051 -18107.6 -454.494
-0.515152 -18108.5 -463.214
-0.525253 -18109.4 -471.888
-0.535354 -18110.2 -480.522
-0.545455 -18111.1 -489.107
-0.555556 -18112 -497.65
-0.565657 -18112.8 -506.141
-0.575758 -18113.7 -514.591
-0.585859 -18114.6 -522.983
-0.59596 -18115.4 -531.334
-0.606061 -18116.3 -539.623
-0.616162 -18117.2 -547.871
-0.626263 -18118.2 -556.052
-0.636364 -18119.1 -564.193
-0.646465 -18120.1 -572.261
-0.656566 -18121.1 -580.29
-0.666667 -18122.1 -588.241
-0.676768 -18123.2 -596.152
-0.686869 -18124.3 -603.981
-0.69697 -18125.4 -611.772
-0.707071 -18126.6 -619.474
-0.717172 -18127.8 -627.138
-0.727273 -18129 -634.709
-0.737374 -18130.3 -642.243
-0.747475 -18131.6 -649.679
-0.757576 -18133 -657.079
-0.767677 -18134.3 -664.375
-0.777778 -18135.8 -671.637
-0.787879 -18137.2 -678.79
-0.79798 -18138.7 -685.911
-0.808081 -18140.2 -692.917
-0.818182 -18141.7 -699.895
-0.828283 -18143.3 -706.752
-0.838384 -18144.8 -713.582
-0.848485 -18146.4 -720.288
-0.858586 -18148 -726.97
-0.868687 -18149.5 -733.523
-0.878788 -18151.1 -740.054
-0.888889 -18152.5 -746.453
-0.89899 -18154 -752.833
-0.909091 -18155.4 -759.077
-0.919192 -18156.8 -765.306
-0.929293 -18158 -771.396
-0.939394 -18159.2 -777.475
-0.949495 -18160.2 -783.418
-0.959596 -18161.2 -789.353
-0.969697 -18161.8 -795.167
-0.979798 -18162.5 -800.977
-0.989899 -18162.7 -806.63
-1 -18163 -812.28
