0 -14904.2 -0.00158657
-0.010101 -16000.5 -9.48366
-0.020202 -15974.8 -18.9758
-0.030303 -15954.1 -29.0396
-0.040404 -15933.6 -39.1083
-0.0505051 -15917.7 -49.2966
-0.0606061 -15902 -59.4949
-0.0707071 -15890.2 -69.8505
-0.0808081 -15878.7 -80.2177
-0.0909091 -15870.4 -90.7176
-0.10101 -15862.4 -101.228
-0.111111 -15857.1 -111.838
-0.121212 -15852 -122.458
-0.131313 -15849 -133.15
-0.141414 -15846.2 -143.849
-0.151515 -15845 -154.601
-0.161616 -15844 -165.359
-0.171717 -15844.1 -176.155
-0.181818 -15844.4 -186.956
-0.191919 -15845.5 -197.783
-0.20202 -15846.8 -208.614
-0.212121 -15848.5 -219.46
-0.222222 -15850.4 -230.308
-0.232323 -15852.5 -241.163
-0.242424 -15854.7 -252.016
-0.252525 -15857 -262.867
-0.262626 -15859.4 -273.714
-0.272727 -15861.7 -284.55
-0.282828 -15864.1 -295.379
-0.292929 -15866.4 -306.191
-0.30303 -15868.6 -316.992
-0.313131 -15870.8 -327.77
-0.323232 -15872.9 -338.534
-0.333333 -15874.9 -349.269
-0.343434 -15876.8 -359.987
-0.353535 -15878.6 -370.672
-0.363636 -15880.4 -381.336
-0.373737 -15881.9 -391.964
-0.383838 -15883.5 -402.568
-0.393939 -15884.9 -413.133
-0.40404 -15886.2 -423.67
-0.414141 -15887.5 -434.166
-0.424242 -15888.7 -444.632
-0.434343 -15889.7 -455.054
-0.444444 -15890.8 -465.442
-0.454545 -15891.8 -475.785
-0.464646 -15892.7 -486.09
-0.474747 -15893.6 -496.35
-0.484848 -15894.4 -506.568
-0.494949 -15895.2 -516.74
-0.505051 -15896 -526.865
-0.515152 -15896.7 -536.943
-0.525253 -15897.4 -546.971
-0.535354 -15898.2 -556.952
-0.545455 -15898.9 -566.877
-0.555556 -15899.6 -576.755
-0.565657 -15900.3 -586.573
-0.575758 -15901 -596.343
-0.585859 -15901.7 -606.048
-0.59596 -15902.5 -615.706
-0.606061 -15903.2 -625.292
-0.616162 -15904 -634.832
-0.626263 -15904.7 -644.295
-0.636364 -15905.5 -653.71
-0.646465 -15906.4 -663.044
-0.656566 -15907.2 -672.33
-0.666667 -15908.1 -681.528
-0.676768 -15909 -690.681
-0.686869 -15910 -699.738
-0.69697 -15911 -708.75
-0.707071 -15912 -717.66
-0.717172 -15913 -726.527
-0.727273 -15914.1 -735.285
-0.737374 -15915.3 -744.001
-0.747475 -15916.4 -752.601
-0.757576 -15917.6 -761.161
-0.767677 -15918.9 -769.599
-0.777778 -15920.1 -777.998
-0.787879 -15921.5 -786.268
-0.79798 -15922.8 -794.502
-0.808081 -15924.2 -802.601
-0.818182 -15925.6 -810.665
-0.828283 -15927 -818.588
-0.838384 -15928.5 -826.48
-0.848485 -15929.9 -834.224
-0.858586 -15931.4 -841.94
-0.868687 -15932.8 -849.503
-0.878788 -15934.3 -857.04
-0.888889 -15935.7 -864.419
-0.89899 -15937.1 -871.777
-0.909091 -15938.5 -878.971
-0.919192 -15939.8 -886.148
-0.929293 -15941 -893.159
-0.939394 -15942.2 -900.156
-0.949495 -15943.1 -906.99
-0.959596 -15944.1 -913.814
-0.969697 -15944.7 -920.492
-0.979798 -15945.4 -927.164
-0.989899 -15945.6 -933.659
-1 -15945.9 -940.15
