0 18167.1 0.00214069
-0.010101 17178.7 -9.06848
-0.020202 17175.1 -18.1574
-0.030303 17168.5 -28.0492
-0.040404 17161.8 -37.9481
-0.0505051 17153.5 -48.0178
-0.0606061 17145.1 -58.0946
-0.0707071 17135.9 -68.2834
-0.0808081 17126.8 -78.4776
-0.0909091 17117.6 -88.7345
-0.10101 17108.4 -98.9949
-0.111111 17099.7 -109.288
-0.121212 17091.1 -119.582
-0.131313 17083.1 -129.892
-0.141414 17075.3 -140.203
-0.151515 17068.4 -150.517
-0.161616 17061.6 -160.83
-0.171717 17055.8 -171.138
-0.181818 17050.1 -181.443
-0.191919 17045.3 -191.735
-0.20202 17040.8 -202.022
-0.212121 17037 -212.289
-0.222222 17033.5 -222.548
-0.232323 17030.7 -232.781
-0.242424 17028.2 -243.005
-0.252525 17026.2 -253.197
-0.262626 17024.5 -263.378
-0.272727 17023.3 -273.524
-0.282828 17022.2 -283.657
-0.292929 17021.6 -293.753
-0.30303 17021.2 -303.832
-0.313131 17021.1 -313.874
-0.323232 17021.1 -323.899
-0.333333 17021.3 -333.884
-0.343434 17021.7 -343.85
-0.353535 17022.3 -353.777
-0.363636 17022.9 -363.683
-0.373737 17023.7 -373.549
-0.383838 17024.6 -383.392
-0.393939 17025.5 -393.196
-0.40404 17026.5 -402.974
-0.414141 17027.6 -412.713
-0.424242 17028.6 -422.424
-0.434343 17029.7 -432.095
-0.444444 17030.9 -441.736
-0.454545 17032 -451.337
-0.464646 17033.2 -460.905
-0.474747 17034.3 -470.433
-0.484848 17035.5 -479.925
-0.494949 17036.7 -489.376
-0.505051 17037.8 -498.787
-0.515152 17039 -508.159
-0.525253 17040.1 -517.486
-0.535354 17041.2 -526.772
-0.545455 17042.4 -536.01
-0.555556 17043.5 -545.208
-0.565657 17044.6 -554.353
-0.575758 17045.8 -563.457
-0.585859 17046.9 -572.503
-0.59596 17048 -581.508
-0.606061 17049.1 -590.45
-0.616162 17050.2 -599.35
-0.626263 17051.3 -608.183
-0.636364 17052.4 -616.973
-0.646465 17053.6 -625.69
-0.656566 17054.7 -634.364
-0.666667 17055.8 -642.958
-0.676768 17056.9 -651.51
-0.686869 17058 -659.974
-0.69697 17059.2 -668.396
-0.707071 17060.3 -676.724
-0.717172 17061.4 -685.01
-0.727273 17062.6 -693.194
-0.737374 17063.7 -701.337
-0.747475 17064.8 -709.368
-0.757576 17065.9 -717.361
-0.767677 17067 -725.232
-0.777778 17068.1 -733.066
-0.787879 17069.1 -740.77
-0.79798 17070.2 -748.438
-0.808081 17071.2 -755.967
-0.818182 17072.2 -763.461
-0.828283 17073.1 -770.806
-0.838384 17074 -778.119
-0.848485 17074.9 -785.275
-0.858586 17075.7 -792.4
-0.868687 17076.4 -799.359
-0.878788 17077.1 -806.29
-0.888889 17077.7 -813.047
-0.89899 17078.3 -819.779
-0.909091 17078.8 -826.329
-0.919192 17079.2 -832.858
-0.929293 17079.5 -839.2
-0.939394 17079.8 -845.526
-0.949495 17080 -851.663
-0.959596 17080.2 -857.788
-0.969697 17080.3 -863.734
-0.979798 17080.3 -869.672
-0.989899 17080.3 -875.473
-1 17080.3 -881.27
