0 2574.37 0.000298315
-0.010101 4024.69 12.8292
-0.020202 4005.19 25.6763
-0.030303 3991.54 39.4354
-0.040404 3978.09 53.2025
-0.0505051 3969.34 67.1616
-0.0606061 3960.81 81.1328
-0.0707071 3955.93 95.2957
-0.0808081 3951.28 109.471
-0.0909091 3949.37 123.791
-0.10101 3947.67 138.122
-0.111111 3947.93 152.553
-0.121212 3948.38 166.993
-0.131313 3950.16 181.501
-0.141414 3952.07 196.016
-0.151515 3954.82 210.576
-0.161616 3957.66 225.141
-0.171717 3960.96 239.735
-0.181818 3964.3 254.331
-0.191919 3967.81 268.942
-0.20202 3971.31 283.553
-0.212121 3974.8 298.166
-0.222222 3978.24 312.776
-0.232323 3981.54 327.377
-0.242424 3984.76 341.972
-0.252525 3987.75 356.548
-0.262626 3990.65 371.114
-0.272727 3993.28 385.653
-0.282828 3995.81 400.178
-0.292929 3998.06 414.668
-0.30303 4000.19 429.142
-0.313131 4002.06 443.574
-0.323232 4003.82 457.986
-0.333333 4005.33 472.353
-0.343434 4006.73 486.694
-0.353535 4007.92 500.987
-0.363636 4009 515.251
-0.373737 4009.91 529.464
-0.383838 4010.72 543.643
-0.393939 4011.39 557.769
-0.40404 4011.97 571.858
-0.414141 4012.44 585.891
-0.424242 4012.84 599.883
-0.434343 4013.15 613.818
-0.444444 4013.41 627.707
-0.454545 4013.59 641.538
-0.464646 4013.74 655.319
-0.474747 4013.84 669.041
-0.484848 4013.91 682.707
-0.494949 4013.95 696.313
-0.505051 4013.97 709.859
-0.515152 4013.97 723.344
-0.525253 4013.96 736.763
-0.535354 4013.94 750.12
-0.545455 4013.92 763.406
-0.555556 4013.9 776.629
-0.565657 4013.88 789.774
-0.575758 4013.86 802.857
-0.585859 4013.86 815.854
-0.59596 4013.86 828.789
-0.606061 4013.88 841.631
-0.616162 4013.91 854.411
-0.626263 4013.96 867.09
-0.636364 4014.03 879.708
-0.646465 4014.12 892.216
-0.656566 4014.22 904.663
-0.666667 4014.36 916.991
-0.676768 4014.51 929.26
-0.686869 4014.69 941.401
-0.69697 4014.9 953.482
-0.707071 4015.14 965.426
-0.717172 4015.4 977.312
-0.727273 4015.7 989.052
-0.737374 4016.03 1000.73
-0.747475 4016.41 1012.26
-0.757576 4016.8 1023.73
-0.767677 4017.25 1035.03
-0.777778 4017.72 1046.28
-0.787879 4018.25 1057.36
-0.79798 4018.8 1068.38
-0.808081 4019.41 1079.21
-0.818182 4020.04 1090
-0.828283 4020.73 1100.59
-0.838384 4021.43 1111.13
-0.848485 4022.2 1121.47
-0.858586 4022.97 1131.77
-0.868687 4023.8 1141.84
-0.878788 4024.63 1151.89
-0.888889 4025.49 1161.7
-0.89899 4026.35 1171.49
-0.909091 4027.21 1181.04
-0.919192 4028.08 1190.56
-0.929293 4028.89 1199.84
-0.939394 4029.71 1209.11
-0.949495 4030.41 1218.13
-0.959596 4031.11 1227.14
-0.969697 4031.63 1235.93
-0.979798 4032.13 1244.71
-0.989899 4032.33 1253.27
-1 4032.52 1261.83
