0 -18508.9 -0.00183349
-0.010101 -17545.6 8.86167
-0.020202 -17541.3 17.7428
-0.030303 -17534.2 27.4099
-0.040404 -17527.1 37.0838
-0.0505051 -17518.3 46.9208
-0.0606061 -17509.5 56.7644
-0.0707071 -17500.1 66.7121
-0.0808081 -17490.7 76.6647
-0.0909091 -17481.2 86.6733
-0.10101 -17471.9 96.6848
-0.111111 -17463 106.723
-0.121212 -17454.2 116.763
-0.131313 -17446.2 126.814
-0.141414 -17438.3 136.865
-0.151515 -17431.3 146.917
-0.161616 -17424.5 156.967
-0.171717 -17418.7 167.009
-0.181818 -17413 177.048
-0.191919 -17408.2 187.073
-0.20202 -17403.7 197.092
-0.212121 -17400 207.09
-0.222222 -17396.5 217.08
-0.232323 -17393.7 227.044
-0.242424 -17391.2 236.997
-0.252525 -17389.3 246.92
-0.262626 -17387.6 256.831
-0.272727 -17386.4 266.708
-0.282828 -17385.4 276.571
-0.292929 -17384.9 286.398
-0.30303 -17384.5 296.209
-0.313131 -17384.4 305.984
-0.323232 -17384.5 315.74
-0.333333 -17384.8 325.46
-0.343434 -17385.2 335.16
-0.353535 -17385.8 344.822
-0.363636 -17386.5 354.463
-0.373737 -17387.3 364.066
-0.383838 -17388.2 373.647
-0.393939 -17389.2 383.189
-0.40404 -17390.2 392.707
-0.414141 -17391.3 402.187
-0.424242 -17392.4 411.639
-0.434343 -17393.6 421.054
-0.444444 -17394.8 430.439
-0.454545 -17395.9 439.786
-0.464646 -17397.1 449.1
-0.474747 -17398.3 458.377
-0.484848 -17399.5 467.618
-0.494949 -17400.7 476.82
-0.505051 -17401.9 485.984
-0.515152 -17403.1 495.109
-0.525253 -17404.3 504.192
-0.535354 -17405.4 513.235
-0.545455 -17406.6 522.232
-0.555556 -17407.8 531.19
-0.565657 -17408.9 540.098
-0.575758 -17410.1 548.965
-0.585859 -17411.2 557.778
-0.59596 -17412.4 566.55
-0.606061 -17413.5 575.262
-0.616162 -17414.7 583.934
-0.626263 -17415.8 592.541
-0.636364 -17417 601.107
-0.646465 -17418.1 609.601
-0.656566 -17419.3 618.055
-0.666667 -17420.5 626.431
-0.676768 -17421.6 634.767
-0.686869 -17422.8 643.019
-0.69697 -17424 651.23
-0.707071 -17425.1 659.349
-0.717172 -17426.3 667.429
-0.727273 -17427.5 675.409
-0.737374 -17428.6 683.35
-0.747475 -17429.8 691.182
-0.757576 -17430.9 698.977
-0.767677 -17432.1 706.655
-0.777778 -17433.2 714.297
-0.787879 -17434.3 721.812
-0.79798 -17435.4 729.292
-0.808081 -17436.4 736.637
-0.818182 -17437.5 743.948
-0.828283 -17438.4 751.115
-0.838384 -17439.4 758.251
-0.848485 -17440.3 765.233
-0.858586 -17441.2 772.185
-0.868687 -17441.9 778.975
-0.878788 -17442.7 785.739
-0.888889 -17443.3 792.331
-0.89899 -17444 798.901
-0.909091 -17444.5 805.292
-0.919192 -17444.9 811.663
-0.929293 -17445.3 817.85
-0.939394 -17445.6 824.022
-0.949495 -17445.8 830.009
-0.959596 -17446 835.984
-0.969697 -17446.1 841.784
-0.979798 -17446.2 847.577
-0.989899 -17446.2 853.234
-1 -17446.2 858.888
