0 -16521.4 -0.00168523
-0.010101 -17523.7 -8.62298
-0.020202 -17497.7 -17.2527
-0.030303 -17476.5 -26.3788
-0.040404 -17455.5 -35.5092
-0.0505051 -17438.8 -44.743
-0.0606061 -17422.4 -53.9862
-0.0707071 -17409.8 -63.3759
-0.0808081 -17397.5 -72.7767
-0.0909091 -17388.4 -82.3039
-0.10101 -17379.6 -91.8418
-0.111111 -17373.4 -101.476
-0.121212 -17367.6 -111.119
-0.131313 -17363.8 -120.832
-0.141414 -17360.4 -130.553
-0.151515 -17358.5 -140.326
-0.161616 -17356.9 -150.106
-0.171717 -17356.5 -159.923
-0.181818 -17356.3 -169.746
-0.191919 -17357 -179.596
-0.20202 -17357.8 -189.45
-0.212121 -17359.2 -199.322
-0.222222 -17360.7 -209.196
-0.232323 -17362.6 -219.078
-0.242424 -17364.5 -228.96
-0.252525 -17366.7 -238.843
-0.262626 -17368.8 -248.723
-0.272727 -17371.1 -258.595
-0.282828 -17373.3 -268.462
-0.292929 -17375.6 -278.314
-0.30303 -17377.8 -288.158
-0.313131 -17379.9 -297.982
-0.323232 -17382 -307.793
-0.333333 -17384.1 -317.579
-0.343434 -17386 -327.35
-0.353535 -17387.8 -337.091
-0.363636 -17389.6 -346.814
-0.373737 -17391.3 -356.505
-0.383838 -17392.9 -366.173
-0.393939 -17394.4 -375.806
-0.40404 -17395.8 -385.414
-0.414141 -17397.1 -394.985
-0.424242 -17398.4 -404.527
-0.434343 -17399.6 -414.03
-0.444444 -17400.8 -423.502
-0.454545 -17401.8 -432.933
-0.464646 -17402.9 -442.328
-0.474747 -17403.8 -451.683
-0.484848 -17404.8 -460.998
-0.494949 -17405.7 -470.271
-0.505051 -17406.6 -479.502
-0.515152 -17407.4 -488.69
-0.525253 -17408.2 -497.831
-0.535354 -17409.1 -506.93
-0.545455 -17409.9 -515.977
-0.555556 -17410.7 -524.981
-0.565657 -17411.5 -533.929
-0.575758 -17412.3 -542.835
-0.585859 -17413.1 -551.68
-0.59596 -17414 -560.481
-0.606061 -17414.8 -569.218
-0.616162 -17415.7 -577.912
-0.626263 -17416.6 -586.535
-0.636364 -17417.5 -595.115
-0.646465 -17418.4 -603.62
-0.656566 -17419.3 -612.083
-0.666667 -17420.3 -620.464
-0.676768 -17421.3 -628.804
-0.686869 -17422.4 -637.056
-0.69697 -17423.5 -645.268
-0.707071 -17424.6 -653.387
-0.717172 -17425.7 -661.466
-0.727273 -17426.9 -669.447
-0.737374 -17428.2 -677.389
-0.747475 -17429.4 -685.226
-0.757576 -17430.7 -693.026
-0.767677 -17432.1 -700.716
-0.777778 -17433.4 -708.371
-0.787879 -17434.8 -715.909
-0.79798 -17436.3 -723.414
-0.808081 -17437.7 -730.797
-0.818182 -17439.2 -738.149
-0.828283 -17440.7 -745.374
-0.838384 -17442.3 -752.571
-0.848485 -17443.8 -759.634
-0.858586 -17445.3 -766.673
-0.868687 -17446.9 -773.574
-0.878788 -17448.4 -780.452
-0.888889 -17449.9 -787.189
-0.89899 -17451.3 -793.906
-0.909091 -17452.7 -800.477
-0.919192 -17454.1 -807.032
-0.929293 -17455.3 -813.44
-0.939394 -17456.5 -819.835
-0.949495 -17457.4 -826.085
-0.959596 -17458.4 -832.326
-0.969697 -17459.1 -838.438
-0.979798 -17459.7 -844.545
-0.989899 -17460 -850.487
-1 -17460.2 -856.426
