0 -21009.1 -0.00188335
-0.010101 -21621.9 -5.0888
-0.020202 -21596.7 -10.1781
-0.030303 -21575.1 -15.4723
-0.040404 -21553.5 -20.7682
-0.0505051 -21535.5 -26.1065
-0.0606061 -21517.7 -31.4512
-0.0707071 -21503.2 -36.8965
-0.0808081 -21488.9 -42.3503
-0.0909091 -21477.6 -47.9018
-0.10101 -21466.5 -53.4621
-0.111111 -21458.1 -59.1013
-0.121212 -21450 -64.7487
-0.131313 -21444 -70.4565
-0.141414 -21438.3 -76.1719
-0.151515 -21434.4 -81.9338
-0.161616 -21430.8 -87.7028
-0.171717 -21428.5 -93.5084
-0.181818 -21426.6 -99.3204
-0.191919 -21425.7 -105.162
-0.20202 -21425 -111.009
-0.212121 -21425.1 -116.878
-0.222222 -21425.4 -122.753
-0.232323 -21426.2 -128.643
-0.242424 -21427.2 -134.537
-0.252525 -21428.6 -140.442
-0.262626 -21430 -146.347
-0.272727 -21431.7 -152.257
-0.282828 -21433.5 -158.166
-0.292929 -21435.3 -164.073
-0.30303 -21437.2 -169.978
-0.313131 -21439.2 -175.875
-0.323232 -21441.1 -181.768
-0.333333 -21443.1 -187.649
-0.343434 -21445 -193.523
-0.353535 -21446.9 -199.382
-0.363636 -21448.7 -205.23
-0.373737 -21450.5 -211.061
-0.383838 -21452.2 -216.879
-0.393939 -21453.9 -222.677
-0.40404 -21455.5 -228.46
-0.414141 -21457.1 -234.221
-0.424242 -21458.6 -239.964
-0.434343 -21460.1 -245.684
-0.444444 -21461.5 -251.384
-0.454545 -21462.8 -257.06
-0.464646 -21464.1 -262.713
-0.474747 -21465.4 -268.341
-0.484848 -21466.7 -273.944
-0.494949 -21467.9 -279.521
-0.505051 -21469 -285.071
-0.515152 -21470.2 -290.595
-0.525253 -21471.3 -296.089
-0.535354 -21472.4 -301.557
-0.545455 -21473.5 -306.992
-0.555556 -21474.6 -312.401
-0.565657 -21475.7 -317.775
-0.575758 -21476.8 -323.122
-0.585859 -21478 -328.431
-0.59596 -21479.1 -333.714
-0.606061 -21480.2 -338.956
-0.616162 -21481.4 -344.172
-0.626263 -21482.5 -349.344
-0.636364 -21483.7 -354.49
-0.646465 -21484.9 -359.59
-0.656566 -21486.2 -364.663
-0.666667 -21487.4 -369.688
-0.676768 -21488.7 -374.687
-0.686869 -21490 -379.633
-0.69697 -21491.4 -384.555
-0.707071 -21492.8 -389.421
-0.717172 -21494.2 -394.264
-0.727273 -21495.7 -399.047
-0.737374 -21497.2 -403.808
-0.747475 -21498.7 -408.508
-0.757576 -21500.2 -413.186
-0.767677 -21501.8 -417.8
-0.777778 -21503.4 -422.394
-0.787879 -21505.1 -426.921
-0.79798 -21506.7 -431.429
-0.808081 -21508.4 -435.868
-0.818182 -21510.1 -440.29
-0.828283 -21511.8 -444.641
-0.838384 -21513.4 -448.977
-0.848485 -21515.1 -453.24
-0.858586 -21516.8 -457.489
-0.868687 -21518.4 -461.664
-0.878788 -21520.1 -465.826
-0.888889 -21521.6 -469.914
-0.89899 -21523.2 -473.99
-0.909091 -21524.6 -477.99
-0.919192 -21526 -481.982
-0.929293 -21527.2 -485.897
-0.939394 -21528.4 -489.805
-0.949495 -21529.4 -493.64
-0.959596 -21530.3 -497.469
-0.969697 -21530.9 -501.237
-0.979798 -21531.6 -505.002
-0.989899 -21531.8 -508.659
-1 -21532 -512.314
