0 -23305.1 -0.00239501
-0.010101 -22997.1 3.11664
-0.020202 -22981 6.24626
-0.030303 -22964.8 9.78636
-0.040404 -22948.7 13.3301
-0.0505051 -22933.4 16.962
-0.0606061 -22918.2 20.5951
-0.0707071 -22904.3 24.2462
-0.0808081 -22890.6 27.8962
-0.0909091 -22878.4 31.5336
-0.10101 -22866.4 35.1686
-0.111111 -22856.2 38.7818
-0.121212 -22846.1 42.3918
-0.131313 -22837.7 45.9786
-0.141414 -22829.5 49.5618
-0.151515 -22822.8 53.122
-0.161616 -22816.4 56.6779
-0.171717 -22811.4 60.2104
-0.181818 -22806.6 63.7375
-0.191919 -22803.1 67.2403
-0.20202 -22799.7 70.7366
-0.212121 -22797.3 74.2074
-0.222222 -22795.2 77.6709
-0.232323 -22793.9 81.1085
-0.242424 -22792.7 84.5379
-0.252525 -22792.2 87.9418
-0.262626 -22791.9 91.3371
-0.272727 -22792 94.708
-0.282828 -22792.3 98.07
-0.292929 -22792.9 101.409
-0.30303 -22793.7 104.74
-0.313131 -22794.6 108.049
-0.323232 -22795.7 111.35
-0.333333 -22797 114.632
-0.343434 -22798.3 117.905
-0.353535 -22799.7 121.161
-0.363636 -22801.1 124.408
-0.373737 -22802.6 127.64
-0.383838 -22804.1 130.863
-0.393939 -22805.6 134.072
-0.40404 -22807.1 137.272
-0.414141 -22808.7 140.459
-0.424242 -22810.2 143.638
-0.434343 -22811.7 146.803
-0.444444 -22813.2 149.959
-0.454545 -22814.7 153.103
-0.464646 -22816.2 156.238
-0.474747 -22817.6 159.36
-0.484848 -22819.1 162.472
-0.494949 -22820.5 165.572
-0.505051 -22821.9 168.661
-0.515152 -22823.3 171.738
-0.525253 -22824.6 174.802
-0.535354 -22826 177.855
-0.545455 -22827.3 180.893
-0.555556 -22828.7 183.92
-0.565657 -22830 186.932
-0.575758 -22831.3 189.932
-0.585859 -22832.7 192.914
-0.59596 -22834 195.885
-0.606061 -22835.3 198.836
-0.616162 -22836.7 201.775
-0.626263 -22838 204.694
-0.636364 -22839.4 207.599
-0.646465 -22840.8 210.482
-0.656566 -22842.2 213.351
-0.666667 -22843.6 216.195
-0.676768 -22845.1 219.026
-0.686869 -22846.5 221.828
-0.69697 -22848 224.617
-0.707071 -22849.5 227.374
-0.717172 -22851 230.118
-0.727273 -22852.5 232.826
-0.737374 -22854.1 235.521
-0.747475 -22855.6 238.177
-0.757576 -22857.2 240.819
-0.767677 -22858.8 243.417
-0.777778 -22860.4 246.002
-0.787879 -22862 248.539
-0.79798 -22863.5 251.063
-0.808081 -22865.1 253.534
-0.818182 -22866.7 255.992
-0.828283 -22868.2 258.392
-0.838384 -22869.7 260.779
-0.848485 -22871.2 263.104
-0.858586 -22872.6 265.416
-0.868687 -22874 267.661
-0.878788 -22875.4 269.895
-0.888889 -22876.6 272.056
-0.89899 -22877.8 274.207
-0.909091 -22878.9 276.281
-0.919192 -22880 278.347
-0.929293 -22880.8 280.333
-0.939394 -22881.7 282.311
-0.949495 -22882.3 284.208
-0.959596 -22883 286.099
-0.969697 -22883.3 287.907
-0.979798 -22883.7 289.713
-0.989899 -22883.9 291.488
-1 -22884 293.262
