0 -21364.2 -0.00240433
-0.010101 -20677.9 6.44399
-0.020202 -20667.9 12.9056
-0.030303 -20656.4 20.0037
-0.040404 -20644.8 27.1074
-0.0505051 -20632.7 34.3462
-0.0606061 -20620.6 41.5894
-0.0707071 -20608.8 48.9012
-0.0808081 -20597 56.2155
-0.0909091 -20586 63.5566
-0.10101 -20575.1 70.8983
-0.111111 -20565.3 78.2461
-0.121212 -20555.7 85.5933
-0.131313 -20547.2 92.9366
-0.141414 -20538.9 100.278
-0.151515 -20531.9 107.61
-0.161616 -20525.1 114.939
-0.171717 -20519.4 122.253
-0.181818 -20514 129.563
-0.191919 -20509.6 136.853
-0.20202 -20505.5 144.138
-0.212121 -20502.3 151.398
-0.222222 -20499.4 158.651
-0.232323 -20497.2 165.876
-0.242424 -20495.2 173.092
-0.252525 -20493.9 180.278
-0.262626 -20492.8 187.454
-0.272727 -20492.2 194.599
-0.282828 -20491.8 201.731
-0.292929 -20491.8 208.833
-0.30303 -20491.9 215.921
-0.313131 -20492.3 222.979
-0.323232 -20492.9 230.022
-0.333333 -20493.6 237.035
-0.343434 -20494.5 244.033
-0.353535 -20495.5 251.002
-0.363636 -20496.5 257.954
-0.373737 -20497.7 264.878
-0.383838 -20498.9 271.785
-0.393939 -20500.2 278.664
-0.40404 -20501.5 285.524
-0.414141 -20502.8 292.357
-0.424242 -20504.1 299.17
-0.434343 -20505.5 305.955
-0.444444 -20506.8 312.72
-0.454545 -20508.2 319.457
-0.464646 -20509.5 326.171
-0.474747 -20510.9 332.858
-0.484848 -20512.2 339.519
-0.494949 -20513.5 346.154
-0.505051 -20514.8 352.761
-0.515152 -20516.1 359.341
-0.525253 -20517.4 365.89
-0.535354 -20518.7 372.412
-0.545455 -20520 378.901
-0.555556 -20521.3 385.362
-0.565657 -20522.5 391.788
-0.575758 -20523.8 398.185
-0.585859 -20525.1 404.543
-0.59596 -20526.3 410.872
-0.606061 -20527.6 417.158
-0.616162 -20528.9 423.416
-0.626263 -20530.1 429.626
-0.636364 -20531.4 435.808
-0.646465 -20532.7 441.938
-0.656566 -20534 448.039
-0.666667 -20535.3 454.084
-0.676768 -20536.6 460.099
-0.686869 -20538 466.054
-0.69697 -20539.3 471.979
-0.707071 -20540.7 477.837
-0.717172 -20542 483.667
-0.727273 -20543.4 489.423
-0.737374 -20544.8 495.151
-0.747475 -20546.1 500.799
-0.757576 -20547.5 506.419
-0.767677 -20548.9 511.952
-0.777778 -20550.3 517.459
-0.787879 -20551.6 522.871
-0.79798 -20553 528.258
-0.808081 -20554.3 533.543
-0.818182 -20555.6 538.802
-0.828283 -20556.8 543.953
-0.838384 -20558.1 549.08
-0.848485 -20559.3 554.091
-0.858586 -20560.4 559.08
-0.868687 -20561.5 563.945
-0.878788 -20562.6 568.789
-0.888889 -20563.5 573.503
-0.89899 -20564.4 578.2
-0.909091 -20565.2 582.759
-0.919192 -20566 587.304
-0.929293 -20566.6 591.707
-0.939394 -20567.2 596.097
-0.949495 -20567.6 600.345
-0.959596 -20568 604.584
-0.969697 -20568.2 608.686
-0.979798 -20568.4 612.781
-0.989899 -20568.5 616.787
-1 -20568.6 620.791
