0 22379.5 0.00230568
-0.010101 21846.2 -5.09964
-0.020202 21833.5 -10.2149
-0.030303 21819.9 -15.8778
-0.040404 21806.3 -21.5457
-0.0505051 21792.8 -27.331
-0.0606061 21779.3 -33.1194
-0.0707071 21766.5 -38.9567
-0.0808081 21753.8 -44.7949
-0.0909091 21742.2 -50.6444
-0.10101 21730.8 -56.4934
-0.111111 21720.6 -62.3373
-0.121212 21710.7 -68.1798
-0.131313 21702.2 -74.0107
-0.141414 21693.9 -79.8393
-0.151515 21687 -85.6531
-0.161616 21680.3 -91.4634
-0.171717 21674.8 -97.2558
-0.181818 21669.6 -103.043
-0.191919 21665.5 -108.81
-0.20202 21661.7 -114.57
-0.212121 21658.8 -120.306
-0.222222 21656.2 -126.034
-0.232323 21654.4 -131.736
-0.242424 21652.7 -137.429
-0.252525 21651.8 -143.094
-0.262626 21651 -148.749
-0.272727 21650.7 -154.376
-0.282828 21650.5 -159.992
-0.292929 21650.8 -165.581
-0.30303 21651.2 -171.158
-0.313131 21651.9 -176.709
-0.323232 21652.6 -182.248
-0.333333 21653.6 -187.761
-0.343434 21654.6 -193.261
-0.353535 21655.8 -198.737
-0.363636 21657 -204.2
-0.373737 21658.4 -209.64
-0.383838 21659.7 -215.066
-0.393939 21661.1 -220.47
-0.40404 21662.5 -225.859
-0.414141 21663.9 -231.227
-0.424242 21665.4 -236.579
-0.434343 21666.8 -241.91
-0.444444 21668.2 -247.224
-0.454545 21669.7 -252.517
-0.464646 21671.1 -257.793
-0.474747 21672.5 -263.048
-0.484848 21673.9 -268.283
-0.494949 21675.2 -273.497
-0.505051 21676.6 -278.691
-0.515152 21677.9 -283.863
-0.525253 21679.3 -289.012
-0.535354 21680.6 -294.14
-0.545455 21681.9 -299.243
-0.555556 21683.2 -304.325
-0.565657 21684.5 -309.378
-0.575758 21685.9 -314.411
-0.585859 21687.2 -319.412
-0.59596 21688.5 -324.392
-0.606061 21689.8 -329.339
-0.616162 21691.1 -334.263
-0.626263 21692.4 -339.151
-0.636364 21693.8 -344.017
-0.646465 21695.1 -348.843
-0.656566 21696.5 -353.646
-0.666667 21697.8 -358.405
-0.676768 21699.2 -363.141
-0.686869 21700.6 -367.83
-0.69697 21702 -372.495
-0.707071 21703.4 -377.108
-0.717172 21704.9 -381.698
-0.727273 21706.3 -386.23
-0.737374 21707.8 -390.74
-0.747475 21709.2 -395.187
-0.757576 21710.7 -399.611
-0.767677 21712.2 -403.966
-0.777778 21713.7 -408.299
-0.787879 21715.1 -412.557
-0.79798 21716.6 -416.794
-0.808081 21718 -420.949
-0.818182 21719.4 -425.084
-0.828283 21720.8 -429.13
-0.838384 21722.2 -433.157
-0.848485 21723.5 -437.09
-0.858586 21724.8 -441.004
-0.868687 21726 -444.817
-0.878788 21727.2 -448.614
-0.888889 21728.3 -452.303
-0.89899 21729.3 -455.977
-0.909091 21730.3 -459.539
-0.919192 21731.2 -463.089
-0.929293 21731.9 -466.521
-0.939394 21732.6 -469.944
-0.949495 21733.1 -473.248
-0.959596 21733.6 -476.545
-0.969697 21733.9 -479.726
-0.979798 21734.2 -482.902
-0.989899 21734.3 -486.013
-1 21734.4 -489.122
