0 4438.8 0.000561618
-0.010101 2986.29 -12.963
-0.020202 2999.86 -25.9469
-0.030303 3007.93 -39.908
-0.040404 3015.82 -53.8778
-0.0505051 3019.55 -68.0538
-0.0606061 3023.08 -82.2417
-0.0707071 3023.58 -96.6149
-0.0808081 3023.89 -111
-0.0909091 3022.11 -125.516
-0.10101 3020.18 -140.043
-0.111111 3016.91 -154.657
-0.121212 3013.53 -169.279
-0.131313 3009.38 -183.957
-0.141414 3005.17 -198.641
-0.151515 3000.63 -213.361
-0.161616 2996.09 -228.085
-0.171717 2991.51 -242.828
-0.181818 2986.98 -257.572
-0.191919 2982.63 -272.323
-0.20202 2978.35 -287.072
-0.212121 2974.38 -301.815
-0.222222 2970.52 -316.554
-0.232323 2967.03 -331.277
-0.242424 2963.67 -345.991
-0.252525 2960.71 -360.681
-0.262626 2957.89 -375.358
-0.272727 2955.46 -390.003
-0.282828 2953.17 -404.632
-0.292929 2951.24 -419.222
-0.30303 2949.45 -433.794
-0.313131 2947.99 -448.321
-0.323232 2946.66 -462.826
-0.333333 2945.6 -477.283
-0.343434 2944.67 -491.714
-0.353535 2943.96 -506.094
-0.363636 2943.36 -520.445
-0.373737 2942.95 -534.742
-0.383838 2942.63 -549.007
-0.393939 2942.46 -563.216
-0.40404 2942.36 -577.389
-0.414141 2942.38 -591.505
-0.424242 2942.45 -605.58
-0.434343 2942.6 -619.598
-0.444444 2942.81 -633.57
-0.454545 2943.07 -647.484
-0.464646 2943.36 -661.348
-0.474747 2943.69 -675.153
-0.484848 2944.05 -688.903
-0.494949 2944.43 -702.593
-0.505051 2944.82 -716.223
-0.515152 2945.22 -729.792
-0.525253 2945.64 -743.296
-0.535354 2946.05 -756.738
-0.545455 2946.47 -770.109
-0.555556 2946.88 -783.418
-0.565657 2947.29 -796.649
-0.575758 2947.7 -809.818
-0.585859 2948.1 -822.902
-0.59596 2948.49 -835.924
-0.606061 2948.86 -848.853
-0.616162 2949.23 -861.72
-0.626263 2949.58 -874.486
-0.636364 2949.93 -887.191
-0.646465 2950.25 -899.786
-0.656566 2950.57 -912.319
-0.666667 2950.86 -924.735
-0.676768 2951.14 -937.089
-0.686869 2951.4 -949.316
-0.69697 2951.64 -961.483
-0.707071 2951.85 -973.512
-0.717172 2952.05 -985.482
-0.727273 2952.22 -997.305
-0.737374 2952.36 -1009.07
-0.747475 2952.47 -1020.68
-0.757576 2952.56 -1032.23
-0.767677 2952.6 -1043.61
-0.777778 2952.63 -1054.93
-0.787879 2952.59 -1066.08
-0.79798 2952.54 -1077.17
-0.808081 2952.43 -1088.08
-0.818182 2952.3 -1098.93
-0.828283 2952.1 -1109.58
-0.838384 2951.89 -1120.19
-0.848485 2951.6 -1130.58
-0.858586 2951.3 -1140.93
-0.868687 2950.93 -1151.06
-0.878788 2950.55 -1161.14
-0.888889 2950.11 -1171
-0.89899 2949.66 -1180.82
-0.909091 2949.16 -1190.4
-0.919192 2948.66 -1199.95
-0.929293 2948.15 -1209.26
-0.939394 2947.64 -1218.54
-0.949495 2947.17 -1227.57
-0.959596 2946.7 -1236.59
-0.969697 2946.33 -1245.38
-0.979798 2945.97 -1254.16
-0.989899 2945.82 -1262.72
-1 2945.68 -1271.28
