0 18840.9 0.001865
-0.010101 17903.3 -8.62878
-0.020202 17898.5 -17.2769
-0.030303 17890.9 -26.7014
-0.040404 17883.3 -36.1327
-0.0505051 17874.3 -45.7294
-0.0606061 17865.1 -55.3328
-0.0707071 17855.5 -65.0411
-0.0808081 17845.8 -74.7544
-0.0909091 17836.2 -84.5244
-0.10101 17826.7 -94.2975
-0.111111 17817.8 -104.099
-0.121212 17808.9 -113.901
-0.131313 17800.8 -123.716
-0.141414 17792.9 -133.531
-0.151515 17785.9 -143.348
-0.161616 17779.1 -153.163
-0.171717 17773.3 -162.972
-0.181818 17767.6 -172.777
-0.191919 17762.9 -182.569
-0.20202 17758.4 -192.355
-0.212121 17754.8 -202.121
-0.222222 17751.3 -211.879
-0.232323 17748.6 -221.61
-0.242424 17746.2 -231.333
-0.252525 17744.3 -241.024
-0.262626 17742.7 -250.704
-0.272727 17741.6 -260.35
-0.282828 17740.7 -269.982
-0.292929 17740.2 -279.579
-0.30303 17739.8 -289.16
-0.313131 17739.8 -298.705
-0.323232 17739.9 -308.232
-0.333333 17740.3 -317.723
-0.343434 17740.7 -327.194
-0.353535 17741.4 -336.628
-0.363636 17742.1 -346.042
-0.373737 17743 -355.418
-0.383838 17743.9 -364.771
-0.393939 17744.9 -374.088
-0.40404 17746 -383.38
-0.414141 17747.1 -392.635
-0.424242 17748.2 -401.863
-0.434343 17749.4 -411.053
-0.444444 17750.5 -420.215
-0.454545 17751.7 -429.339
-0.464646 17752.9 -438.432
-0.474747 17754.1 -447.486
-0.484848 17755.3 -456.506
-0.494949 17756.5 -465.489
-0.505051 17757.7 -474.433
-0.515152 17758.9 -483.339
-0.525253 17760.1 -492.203
-0.535354 17761.2 -501.029
-0.545455 17762.4 -509.81
-0.555556 17763.6 -518.551
-0.565657 17764.7 -527.243
-0.575758 17765.9 -535.896
-0.585859 17767 -544.495
-0.59596 17768.2 -553.054
-0.606061 17769.3 -561.554
-0.616162 17770.5 -570.014
-0.626263 17771.6 -578.41
-0.636364 17772.8 -586.766
-0.646465 17773.9 -595.051
-0.656566 17775.1 -603.297
-0.666667 17776.3 -611.466
-0.676768 17777.4 -619.596
-0.686869 17778.6 -627.642
-0.69697 17779.8 -635.649
-0.707071 17780.9 -643.565
-0.717172 17782.1 -651.443
-0.727273 17783.3 -659.222
-0.737374 17784.5 -666.963
-0.747475 17785.6 -674.598
-0.757576 17786.8 -682.195
-0.767677 17787.9 -689.678
-0.777778 17789.1 -697.124
-0.787879 17790.2 -704.447
-0.79798 17791.3 -711.734
-0.808081 17792.4 -718.89
-0.818182 17793.4 -726.012
-0.828283 17794.4 -732.992
-0.838384 17795.4 -739.941
-0.848485 17796.3 -746.74
-0.858586 17797.2 -753.509
-0.868687 17798 -760.12
-0.878788 17798.8 -766.704
-0.888889 17799.4 -773.12
-0.89899 17800.1 -779.514
-0.909091 17800.6 -785.732
-0.919192 17801.1 -791.931
-0.929293 17801.5 -797.951
-0.939394 17801.9 -803.954
-0.949495 17802.1 -809.777
-0.959596 17802.3 -815.588
-0.969697 17802.4 -821.226
-0.979798 17802.5 -826.858
-0.989899 17802.5 -832.36
-1 17802.5 -837.859
