0 -3905.42 -0.00049628
-0.010101 -2448.46 12.994
-0.020202 -2462.53 26.0087
-0.030303 -2471.06 39.9988
-0.040404 -2479.41 53.9973
-0.0505051 -2483.54 68.2017
-0.0606061 -2487.48 82.418
-0.0707071 -2488.32 96.8206
-0.0808081 -2488.97 111.235
-0.0909091 -2487.48 125.783
-0.10101 -2485.83 140.34
-0.111111 -2482.78 154.986
-0.121212 -2479.61 169.64
-0.131313 -2475.64 184.352
-0.141414 -2471.6 199.07
-0.151515 -2467.18 213.824
-0.161616 -2462.75 228.582
-0.171717 -2458.27 243.361
-0.181818 -2453.81 258.14
-0.191919 -2449.51 272.927
-0.20202 -2445.28 287.712
-0.212121 -2441.33 302.492
-0.222222 -2437.49 317.268
-0.232323 -2434.01 332.027
-0.242424 -2430.65 346.779
-0.252525 -2427.68 361.506
-0.262626 -2424.84 376.222
-0.272727 -2422.39 390.904
-0.282828 -2420.07 405.572
-0.292929 -2418.11 420.201
-0.30303 -2416.29 434.81
-0.313131 -2414.79 449.376
-0.323232 -2413.42 463.92
-0.333333 -2412.33 478.415
-0.343434 -2411.35 492.885
-0.353535 -2410.61 507.304
-0.363636 -2409.97 521.693
-0.373737 -2409.52 536.029
-0.383838 -2409.16 550.332
-0.393939 -2408.95 564.58
-0.40404 -2408.81 578.79
-0.414141 -2408.79 592.945
-0.424242 -2408.83 607.058
-0.434343 -2408.95 621.113
-0.444444 -2409.11 635.123
-0.454545 -2409.34 649.074
-0.464646 -2409.6 662.975
-0.474747 -2409.9 676.817
-0.484848 -2410.22 690.604
-0.494949 -2410.57 704.33
-0.505051 -2410.93 717.996
-0.515152 -2411.3 731.602
-0.525253 -2411.69 745.141
-0.535354 -2412.07 758.619
-0.545455 -2412.46 772.025
-0.555556 -2412.84 785.37
-0.565657 -2413.23 798.635
-0.575758 -2413.6 811.839
-0.585859 -2413.97 824.957
-0.59596 -2414.33 838.013
-0.606061 -2414.68 850.976
-0.616162 -2415.02 863.876
-0.626263 -2415.34 876.675
-0.636364 -2415.65 889.413
-0.646465 -2415.95 902.04
-0.656566 -2416.23 914.606
-0.666667 -2416.49 927.054
-0.676768 -2416.74 939.44
-0.686869 -2416.96 951.699
-0.69697 -2417.17 963.897
-0.707071 -2417.35 975.957
-0.717172 -2417.51 987.958
-0.727273 -2417.64 999.81
-0.737374 -2417.75 1011.6
-0.747475 -2417.82 1023.24
-0.757576 -2417.87 1034.82
-0.767677 -2417.87 1046.23
-0.777778 -2417.86 1057.59
-0.787879 -2417.79 1068.76
-0.79798 -2417.7 1079.88
-0.808081 -2417.55 1090.82
-0.818182 -2417.38 1101.7
-0.828283 -2417.14 1112.38
-0.838384 -2416.89 1123.01
-0.848485 -2416.56 1133.43
-0.858586 -2416.22 1143.81
-0.868687 -2415.82 1153.96
-0.878788 -2415.4 1164.08
-0.888889 -2414.92 1173.96
-0.89899 -2414.44 1183.81
-0.909091 -2413.91 1193.42
-0.919192 -2413.39 1203
-0.929293 -2412.85 1212.33
-0.939394 -2412.31 1221.64
-0.949495 -2411.82 1230.7
-0.959596 -2411.33 1239.74
-0.969697 -2410.95 1248.56
-0.979798 -2410.57 1257.37
-0.989899 -2410.42 1265.95
-1 -2410.27 1274.54
