0 22980.7 0.00181614
-0.010101 22574.8 -3.98147
-0.020202 22560.2 -7.97601
-0.030303 22545.1 -12.441
-0.040404 22530 -16.9102
-0.0505051 22515.4 -21.48
-0.0606061 22500.9 -26.0519
-0.0707071 22487.4 -30.6549
-0.0808081 22474.1 -35.2576
-0.0909091 22462.1 -39.8579
-0.10101 22450.3 -44.4566
-0.111111 22440.1 -49.0404
-0.121212 22430.1 -53.6217
-0.131313 22421.6 -58.1848
-0.141414 22413.3 -62.7447
-0.151515 22406.5 -67.2851
-0.161616 22400 -71.8214
-0.171717 22394.7 -76.3365
-0.181818 22389.8 -80.8465
-0.191919 22386 -85.3333
-0.20202 22382.4 -89.8138
-0.212121 22379.8 -94.2692
-0.222222 22377.5 -98.717
-0.232323 22375.9 -103.139
-0.242424 22374.5 -107.552
-0.252525 22373.8 -111.938
-0.262626 22373.3 -116.315
-0.272727 22373.2 -120.666
-0.282828 22373.3 -125.008
-0.292929 22373.8 -129.324
-0.30303 22374.4 -133.631
-0.313131 22375.3 -137.914
-0.323232 22376.2 -142.187
-0.333333 22377.3 -146.438
-0.343434 22378.5 -150.678
-0.353535 22379.8 -154.898
-0.363636 22381.2 -159.108
-0.373737 22382.6 -163.299
-0.383838 22384 -167.479
-0.393939 22385.5 -171.641
-0.40404 22387 -175.792
-0.414141 22388.5 -179.927
-0.424242 22390 -184.049
-0.434343 22391.5 -188.155
-0.444444 22392.9 -192.249
-0.454545 22394.4 -196.326
-0.464646 22395.9 -200.391
-0.474747 22397.3 -204.439
-0.484848 22398.7 -208.474
-0.494949 22400.1 -212.492
-0.505051 22401.5 -216.495
-0.515152 22402.9 -220.482
-0.525253 22404.2 -224.453
-0.535354 22405.6 -228.407
-0.545455 22406.9 -232.342
-0.555556 22408.2 -236.262
-0.565657 22409.6 -240.161
-0.575758 22410.9 -244.044
-0.585859 22412.2 -247.904
-0.59596 22413.5 -251.747
-0.606061 22414.9 -255.566
-0.616162 22416.2 -259.368
-0.626263 22417.6 -263.142
-0.636364 22418.9 -266.9
-0.646465 22420.3 -270.627
-0.656566 22421.7 -274.337
-0.666667 22423.1 -278.013
-0.676768 22424.5 -281.672
-0.686869 22426 -285.294
-0.69697 22427.4 -288.899
-0.707071 22428.9 -292.462
-0.717172 22430.4 -296.009
-0.727273 22431.9 -299.51
-0.737374 22433.4 -302.993
-0.747475 22434.9 -306.428
-0.757576 22436.4 -309.844
-0.767677 22437.9 -313.206
-0.777778 22439.5 -316.551
-0.787879 22441 -319.837
-0.79798 22442.6 -323.105
-0.808081 22444.1 -326.308
-0.818182 22445.6 -329.495
-0.828283 22447.1 -332.61
-0.838384 22448.5 -335.71
-0.848485 22449.9 -338.734
-0.858586 22451.3 -341.742
-0.868687 22452.6 -344.669
-0.878788 22453.9 -347.582
-0.888889 22455.1 -350.407
-0.89899 22456.2 -353.22
-0.909091 22457.2 -355.94
-0.919192 22458.2 -358.651
-0.929293 22459.1 -361.265
-0.939394 22459.8 -363.871
-0.949495 22460.4 -366.379
-0.959596 22461 -368.88
-0.969697 22461.4 -371.285
-0.979798 22461.7 -373.686
-0.989899 22461.8 -376.04
-1 22461.9 -378.394
