0 23427.4 0.00201476
-0.010101 23554.5 0.743309
-0.020202 23533.1 1.48005
-0.030303 23513.3 2.08573
-0.040404 23493.7 2.69017
-0.0505051 23476.3 3.26499
-0.0606061 23459 3.84225
-0.0707071 23444 4.45794
-0.0808081 23429.3 5.07834
-0.0909091 23416.9 5.75305
-0.10101 23404.7 6.43335
-0.111111 23394.8 7.16397
-0.121212 23385.1 7.90032
-0.131313 23377.5 8.6787
-0.141414 23370.1 9.46279
-0.151515 23364.4 10.282
-0.161616 23359 11.1071
-0.171717 23355.1 11.9627
-0.181818 23351.5 12.8244
-0.191919 23349 13.7138
-0.20202 23346.8 14.6095
-0.212121 23345.5 15.5302
-0.222222 23344.5 16.4572
-0.232323 23344.1 17.4066
-0.242424 23344 18.3619
-0.252525 23344.4 19.3364
-0.262626 23344.9 20.3163
-0.272727 23345.8 21.3116
-0.282828 23346.8 22.3116
-0.292929 23348.1 23.3233
-0.30303 23349.4 24.3386
-0.313131 23350.9 25.3621
-0.323232 23352.5 26.388
-0.333333 23354.1 27.4188
-0.343434 23355.8 28.4508
-0.353535 23357.5 29.4849
-0.363636 23359.2 30.5189
-0.373737 23361 31.5527
-0.383838 23362.7 32.5852
-0.393939 23364.4 33.6157
-0.40404 23366 34.6437
-0.414141 23367.7 35.6683
-0.424242 23369.3 36.6894
-0.434343 23370.8 37.7059
-0.444444 23372.4 38.7181
-0.454545 23373.9 39.7248
-0.464646 23375.3 40.7264
-0.474747 23376.8 41.722
-0.484848 23378.2 42.7117
-0.494949 23379.6 43.695
-0.505051 23380.9 44.6718
-0.515152 23382.3 45.642
-0.525253 23383.6 46.6051
-0.535354 23384.9 47.5615
-0.545455 23386.2 48.5101
-0.555556 23387.5 49.4522
-0.565657 23388.8 50.386
-0.575758 23390.1 51.3133
-0.585859 23391.4 52.2318
-0.59596 23392.7 53.1441
-0.606061 23394 54.0472
-0.616162 23395.3 54.9443
-0.626263 23396.7 55.8319
-0.636364 23398 56.7137
-0.646465 23399.4 57.5859
-0.656566 23400.8 58.4526
-0.666667 23402.2 59.3096
-0.676768 23403.7 60.1616
-0.686869 23405.2 61.0039
-0.69697 23406.6 61.8416
-0.707071 23408.2 62.67
-0.717172 23409.7 63.4943
-0.727273 23411.3 64.3097
-0.737374 23412.9 65.1217
-0.747475 23414.5 65.9255
-0.757576 23416.2 66.7265
-0.767677 23417.8 67.5204
-0.777778 23419.5 68.312
-0.787879 23421.2 69.0979
-0.79798 23422.9 69.8822
-0.808081 23424.6 70.6623
-0.818182 23426.3 71.4414
-0.828283 23428 72.2182
-0.838384 23429.7 72.9944
-0.848485 23431.3 73.7704
-0.858586 23433 74.5462
-0.868687 23434.6 75.3238
-0.878788 23436.1 76.1016
-0.888889 23437.6 76.8832
-0.89899 23439 77.6652
-0.909091 23440.3 78.4528
-0.919192 23441.6 79.241
-0.929293 23442.7 80.0366
-0.939394 23443.8 80.8329
-0.949495 23444.6 81.639
-0.959596 23445.4 82.4457
-0.969697 23446 83.268
-0.979798 23446.5 84.0909
-0.989899 23446.7 84.8787
-1 23446.8 85.6657
