0 -10091.3 -0.00125276
-0.010101 -8737.34 12.1896
-0.020202 -8744.91 24.4011
-0.030303 -8747.65 37.5744
-0.040404 -8750.25 50.7559
-0.0505051 -8749.41 64.1373
-0.0606061 -8748.43 77.5292
-0.0707071 -8745.15 91.0844
-0.0808081 -8741.74 104.649
-0.0909091 -8736.92 118.323
-0.10101 -8732.02 132.004
-0.111111 -8726.38 145.753
-0.121212 -8720.72 159.508
-0.131313 -8714.82 173.304
-0.141414 -8708.94 187.104
-0.151515 -8703.18 200.927
-0.161616 -8697.48 214.752
-0.171717 -8692.12 228.587
-0.181818 -8686.86 242.421
-0.191919 -8682.08 256.253
-0.20202 -8677.42 270.081
-0.212121 -8673.31 283.898
-0.222222 -8669.34 297.708
-0.232323 -8665.92 311.497
-0.242424 -8662.67 325.277
-0.252525 -8659.93 339.027
-0.262626 -8657.36 352.765
-0.272727 -8655.26 366.468
-0.282828 -8653.32 380.155
-0.292929 -8651.8 393.802
-0.30303 -8650.43 407.43
-0.313131 -8649.41 421.014
-0.323232 -8648.52 434.576
-0.333333 -8647.93 448.092
-0.343434 -8647.46 461.583
-0.353535 -8647.22 475.025
-0.363636 -8647.08 488.439
-0.373737 -8647.12 501.802
-0.383838 -8647.25 515.135
-0.393939 -8647.51 528.416
-0.40404 -8647.84 541.662
-0.414141 -8648.27 554.856
-0.424242 -8648.75 568.012
-0.434343 -8649.3 581.115
-0.444444 -8649.89 594.175
-0.454545 -8650.52 607.182
-0.464646 -8651.19 620.143
-0.474747 -8651.88 633.049
-0.484848 -8652.58 645.904
-0.494949 -8653.3 658.705
-0.505051 -8654.03 671.45
-0.515152 -8654.77 684.139
-0.525253 -8655.51 696.768
-0.535354 -8656.25 709.34
-0.545455 -8656.99 721.847
-0.555556 -8657.73 734.296
-0.565657 -8658.46 746.674
-0.575758 -8659.19 758.995
-0.585859 -8659.91 771.237
-0.59596 -8660.62 783.422
-0.606061 -8661.33 795.522
-0.616162 -8662.03 807.564
-0.626263 -8662.72 819.513
-0.636364 -8663.41 831.405
-0.646465 -8664.08 843.196
-0.656566 -8664.75 854.93
-0.666667 -8665.4 866.554
-0.676768 -8666.05 878.122
-0.686869 -8666.68 889.571
-0.69697 -8667.3 900.965
-0.707071 -8667.9 912.23
-0.717172 -8668.49 923.441
-0.727273 -8669.06 934.513
-0.737374 -8669.62 945.532
-0.747475 -8670.14 956.402
-0.757576 -8670.65 967.219
-0.767677 -8671.12 977.878
-0.777778 -8671.58 988.486
-0.787879 -8671.99 998.924
-0.79798 -8672.38 1009.31
-0.808081 -8672.71 1019.52
-0.818182 -8673.02 1029.68
-0.828283 -8673.27 1039.65
-0.838384 -8673.5 1049.58
-0.848485 -8673.65 1059.31
-0.858586 -8673.78 1068.99
-0.868687 -8673.83 1078.46
-0.878788 -8673.87 1087.9
-0.888889 -8673.82 1097.11
-0.89899 -8673.76 1106.29
-0.909091 -8673.62 1115.23
-0.919192 -8673.47 1124.16
-0.929293 -8673.26 1132.84
-0.939394 -8673.04 1141.5
-0.949495 -8672.8 1149.93
-0.959596 -8672.56 1158.33
-0.969697 -8672.35 1166.52
-0.979798 -8672.13 1174.7
-0.989899 -8672.04 1182.67
-1 -8671.95 1190.64
