0 22008 0.00198738
-0.010101 21412.5 -5.64745
-0.020202 21400.9 -11.3106
-0.030303 21388.1 -17.5578
-0.040404 21375.3 -23.8102
-0.0505051 21362.3 -30.1872
-0.0606061 21349.4 -36.5678
-0.0707071 21336.9 -43.0052
-0.0808081 21324.6 -49.4441
-0.0909091 21313.2 -55.9007
-0.10101 21302 -62.3571
-0.111111 21292 -68.813
-0.121212 21282.1 -75.2678
-0.131313 21273.6 -81.7141
-0.141414 21265.3 -88.1583
-0.151515 21258.3 -94.5897
-0.161616 21251.6 -101.018
-0.171717 21246 -107.429
-0.181818 21240.7 -113.836
-0.191919 21236.5 -120.223
-0.20202 21232.6 -126.603
-0.212121 21229.6 -132.959
-0.222222 21226.8 -139.307
-0.232323 21224.8 -145.629
-0.242424 21223.1 -151.941
-0.252525 21222 -158.225
-0.262626 21221 -164.498
-0.272727 21220.6 -170.743
-0.282828 21220.4 -176.976
-0.292929 21220.5 -183.18
-0.30303 21220.8 -189.371
-0.313131 21221.4 -195.535
-0.323232 21222.1 -201.685
-0.333333 21223 -207.808
-0.343434 21223.9 -213.918
-0.353535 21225 -220.001
-0.363636 21226.2 -226.07
-0.373737 21227.4 -232.113
-0.383838 21228.7 -238.141
-0.393939 21230.1 -244.144
-0.40404 21231.4 -250.132
-0.414141 21232.8 -256.095
-0.424242 21234.2 -262.041
-0.434343 21235.6 -267.964
-0.444444 21237 -273.867
-0.454545 21238.4 -279.748
-0.464646 21239.8 -285.608
-0.474747 21241.2 -291.445
-0.484848 21242.6 -297.261
-0.494949 21243.9 -303.053
-0.505051 21245.3 -308.821
-0.515152 21246.6 -314.565
-0.525253 21247.9 -320.284
-0.535354 21249.2 -325.979
-0.545455 21250.5 -331.646
-0.555556 21251.8 -337.288
-0.565657 21253.1 -342.9
-0.575758 21254.4 -348.487
-0.585859 21255.7 -354.04
-0.59596 21257 -359.569
-0.606061 21258.3 -365.061
-0.616162 21259.6 -370.527
-0.626263 21260.9 -375.953
-0.636364 21262.2 -381.354
-0.646465 21263.6 -386.711
-0.656566 21264.9 -392.042
-0.666667 21266.2 -397.324
-0.676768 21267.6 -402.581
-0.686869 21269 -407.784
-0.69697 21270.4 -412.962
-0.707071 21271.8 -418.082
-0.717172 21273.2 -423.176
-0.727273 21274.6 -428.206
-0.737374 21276 -433.212
-0.747475 21277.4 -438.147
-0.757576 21278.9 -443.058
-0.767677 21280.3 -447.892
-0.777778 21281.7 -452.703
-0.787879 21283.2 -457.431
-0.79798 21284.6 -462.135
-0.808081 21286 -466.75
-0.818182 21287.3 -471.343
-0.828283 21288.7 -475.839
-0.838384 21290 -480.314
-0.848485 21291.3 -484.685
-0.858586 21292.5 -489.036
-0.868687 21293.7 -493.277
-0.878788 21294.8 -497.5
-0.888889 21295.8 -501.607
-0.89899 21296.8 -505.697
-0.909091 21297.7 -509.665
-0.919192 21298.5 -513.619
-0.929293 21299.2 -517.447
-0.939394 21299.9 -521.263
-0.949495 21300.4 -524.951
-0.959596 21300.8 -528.631
-0.969697 21301.1 -532.187
-0.979798 21301.4 -535.738
-0.989899 21301.5 -539.212
-1 21301.5 -542.685
