0 -2035.05 -0.00023197
-0.010101 -3490.16 -12.88
-0.020202 -3471.06 -25.7781
-0.030303 -3457.8 -39.5963
-0.040404 -3444.75 -53.4225
-0.0505051 -3436.35 -67.4425
-0.0606061 -3428.19 -81.4748
-0.0707071 -3423.64 -95.6989
-0.0808081 -3419.31 -109.936
-0.0909091 -3417.68 -124.316
-0.10101 -3416.26 -138.708
-0.111111 -3416.76 -153.199
-0.121212 -3417.43 -167.699
-0.131313 -3419.4 -182.266
-0.141414 -3421.5 -196.841
-0.151515 -3424.4 -211.46
-0.161616 -3427.39 -226.084
-0.171717 -3430.79 -240.735
-0.181818 -3434.23 -255.39
-0.191919 -3437.82 -270.058
-0.20202 -3441.4 -284.727
-0.212121 -3444.93 -299.396
-0.222222 -3448.42 -314.063
-0.232323 -3451.74 -328.721
-0.242424 -3454.98 -343.372
-0.252525 -3457.98 -358.003
-0.262626 -3460.88 -372.625
-0.272727 -3463.51 -387.219
-0.282828 -3466.02 -401.799
-0.292929 -3468.25 -416.344
-0.30303 -3470.37 -430.871
-0.313131 -3472.21 -445.358
-0.323232 -3473.94 -459.823
-0.333333 -3475.42 -474.243
-0.343434 -3476.79 -488.638
-0.353535 -3477.94 -502.984
-0.363636 -3478.99 -517.301
-0.373737 -3479.86 -531.566
-0.383838 -3480.64 -545.798
-0.393939 -3481.27 -559.976
-0.40404 -3481.82 -574.117
-0.414141 -3482.25 -588.202
-0.424242 -3482.61 -602.246
-0.434343 -3482.89 -616.233
-0.444444 -3483.11 -630.173
-0.454545 -3483.26 -644.056
-0.464646 -3483.38 -657.888
-0.474747 -3483.44 -671.661
-0.484848 -3483.48 -685.378
-0.494949 -3483.48 -699.035
-0.505051 -3483.47 -712.632
-0.515152 -3483.44 -726.167
-0.525253 -3483.4 -739.637
-0.535354 -3483.35 -753.044
-0.545455 -3483.3 -766.38
-0.555556 -3483.24 -779.653
-0.565657 -3483.19 -792.848
-0.575758 -3483.15 -805.98
-0.585859 -3483.11 -819.026
-0.59596 -3483.09 -832.011
-0.606061 -3483.07 -844.901
-0.616162 -3483.07 -857.73
-0.626263 -3483.09 -870.458
-0.636364 -3483.13 -883.123
-0.646465 -3483.18 -895.679
-0.656566 -3483.25 -908.173
-0.666667 -3483.36 -920.549
-0.676768 -3483.47 -932.865
-0.686869 -3483.62 -945.052
-0.69697 -3483.79 -957.18
-0.707071 -3484 -969.17
-0.717172 -3484.23 -981.102
-0.727273 -3484.5 -992.887
-0.737374 -3484.78 -1004.61
-0.747475 -3485.12 -1016.18
-0.757576 -3485.48 -1027.7
-0.767677 -3485.9 -1039.04
-0.777778 -3486.33 -1050.34
-0.787879 -3486.82 -1061.45
-0.79798 -3487.33 -1072.52
-0.808081 -3487.91 -1083.39
-0.818182 -3488.5 -1094.22
-0.828283 -3489.15 -1104.85
-0.838384 -3489.82 -1115.43
-0.848485 -3490.55 -1125.81
-0.858586 -3491.29 -1136.14
-0.868687 -3492.08 -1146.26
-0.878788 -3492.88 -1156.34
-0.888889 -3493.71 -1166.19
-0.89899 -3494.54 -1176.01
-0.909091 -3495.38 -1185.59
-0.919192 -3496.22 -1195.15
-0.929293 -3497.01 -1204.47
-0.939394 -3497.8 -1213.76
-0.949495 -3498.5 -1222.82
-0.959596 -3499.18 -1231.86
-0.969697 -3499.68 -1240.68
-0.979798 -3500.18 -1249.49
-0.989899 -3500.37 -1258.08
-1 -3500.56 -1266.66
