0 -15729.3 -0.00160238
-0.010101 -16779.7 -9.06146
-0.020202 -16753.8 -18.1306
-0.030303 -16732.9 -27.7346
-0.040404 -16712.1 -37.3431
-0.0505051 -16695.8 -47.0637
-0.0606061 -16679.7 -56.7939
-0.0707071 -16667.5 -66.6766
-0.0808081 -16655.6 -76.5705
-0.0909091 -16646.9 -86.5945
-0.10101 -16638.5 -96.6294
-0.111111 -16632.7 -106.762
-0.121212 -16627.3 -116.904
-0.131313 -16623.9 -127.118
-0.141414 -16620.7 -137.34
-0.151515 -16619.2 -147.613
-0.161616 -16617.9 -157.894
-0.171717 -16617.8 -168.212
-0.181818 -16617.8 -178.536
-0.191919 -16618.7 -188.887
-0.20202 -16619.7 -199.241
-0.212121 -16621.3 -209.612
-0.222222 -16623 -219.986
-0.232323 -16625 -230.366
-0.242424 -16627.1 -240.747
-0.252525 -16629.3 -251.126
-0.262626 -16631.6 -261.502
-0.272727 -16633.9 -271.869
-0.282828 -16636.2 -282.23
-0.292929 -16638.4 -292.575
-0.30303 -16640.7 -302.911
-0.313131 -16642.8 -313.224
-0.323232 -16645 -323.525
-0.333333 -16647 -333.798
-0.343434 -16648.9 -344.056
-0.353535 -16650.7 -354.282
-0.363636 -16652.5 -364.488
-0.373737 -16654.1 -374.661
-0.383838 -16655.7 -384.81
-0.393939 -16657.1 -394.922
-0.40404 -16658.5 -405.008
-0.414141 -16659.8 -415.054
-0.424242 -16661 -425.071
-0.434343 -16662.2 -435.046
-0.444444 -16663.3 -444.989
-0.454545 -16664.3 -454.889
-0.464646 -16665.3 -464.752
-0.474747 -16666.2 -474.572
-0.484848 -16667.1 -484.351
-0.494949 -16667.9 -494.086
-0.505051 -16668.7 -503.777
-0.515152 -16669.5 -513.423
-0.525253 -16670.3 -523.02
-0.535354 -16671.1 -532.571
-0.545455 -16671.9 -542.07
-0.555556 -16672.6 -551.523
-0.565657 -16673.4 -560.919
-0.575758 -16674.1 -570.269
-0.585859 -16674.9 -579.556
-0.59596 -16675.7 -588.797
-0.606061 -16676.5 -597.971
-0.616162 -16677.3 -607.099
-0.626263 -16678.1 -616.154
-0.636364 -16679 -625.163
-0.646465 -16679.9 -634.094
-0.656566 -16680.8 -642.98
-0.666667 -16681.7 -651.781
-0.676768 -16682.7 -660.538
-0.686869 -16683.7 -669.204
-0.69697 -16684.7 -677.827
-0.707071 -16685.8 -686.353
-0.717172 -16686.9 -694.837
-0.727273 -16688 -703.217
-0.737374 -16689.2 -711.556
-0.747475 -16690.4 -719.786
-0.757576 -16691.7 -727.976
-0.767677 -16693 -736.05
-0.777778 -16694.3 -744.088
-0.787879 -16695.7 -752.002
-0.79798 -16697 -759.882
-0.808081 -16698.5 -767.633
-0.818182 -16699.9 -775.351
-0.828283 -16701.4 -782.935
-0.838384 -16702.9 -790.489
-0.848485 -16704.4 -797.902
-0.858586 -16705.9 -805.289
-0.868687 -16707.4 -812.531
-0.878788 -16708.9 -819.748
-0.888889 -16710.3 -826.815
-0.89899 -16711.7 -833.862
-0.909091 -16713.1 -840.754
-0.919192 -16714.4 -847.629
-0.929293 -16715.6 -854.348
-0.939394 -16716.8 -861.053
-0.949495 -16717.8 -867.604
-0.959596 -16718.8 -874.145
-0.969697 -16719.4 -880.549
-0.979798 -16720.1 -886.947
-0.989899 -16720.3 -893.175
-1 -16720.6 -899.399
