0 23631.4 0.0026529
-0.010101 23557.2 -1.03237
-0.020202 23538.5 -2.07571
-0.030303 23520.8 -3.40698
-0.040404 23503 -4.74163
-0.0505051 23486.8 -6.15737
-0.0606061 23470.8 -7.57343
-0.0707071 23456.5 -8.99449
-0.0808081 23442.4 -10.4134
-0.0909091 23430.3 -11.808
-0.10101 23418.4 -13.1989
-0.111111 23408.5 -14.5578
-0.121212 23398.7 -15.9123
-0.131313 23390.8 -17.2346
-0.141414 23383.1 -18.5519
-0.151515 23377 -19.8387
-0.161616 23371.1 -21.1199
-0.171717 23366.6 -22.3719
-0.181818 23362.4 -23.6177
-0.191919 23359.3 -24.8353
-0.20202 23356.4 -26.0462
-0.212121 23354.5 -27.2301
-0.222222 23352.8 -28.4068
-0.232323 23351.7 -29.5583
-0.242424 23350.9 -30.7023
-0.252525 23350.6 -31.8232
-0.262626 23350.5 -32.9367
-0.272727 23350.8 -34.0293
-0.282828 23351.2 -35.1149
-0.292929 23351.9 -36.1821
-0.30303 23352.7 -37.2426
-0.313131 23353.7 -38.2873
-0.323232 23354.7 -39.3257
-0.333333 23355.9 -40.3506
-0.343434 23357.2 -41.3697
-0.353535 23358.5 -42.3774
-0.363636 23359.8 -43.3798
-0.373737 23361.2 -44.3726
-0.383838 23362.6 -45.3606
-0.393939 23364 -46.3406
-0.40404 23365.4 -47.3161
-0.414141 23366.9 -48.2849
-0.424242 23368.3 -49.2495
-0.434343 23369.7 -50.2083
-0.444444 23371.1 -51.1632
-0.454545 23372.5 -52.1132
-0.464646 23373.9 -53.0593
-0.474747 23375.3 -54.0011
-0.484848 23376.7 -54.9391
-0.494949 23378 -55.873
-0.505051 23379.4 -56.8032
-0.515152 23380.7 -57.7296
-0.525253 23382.1 -58.6519
-0.535354 23383.4 -59.5707
-0.545455 23384.8 -60.4851
-0.555556 23386.1 -61.3959
-0.565657 23387.5 -62.302
-0.575758 23388.9 -63.2043
-0.585859 23390.2 -64.1015
-0.59596 23391.6 -64.9948
-0.606061 23393 -65.8821
-0.616162 23394.4 -66.7654
-0.626263 23395.8 -67.6419
-0.636364 23397.2 -68.5141
-0.646465 23398.7 -69.3784
-0.656566 23400.1 -70.2383
-0.666667 23401.6 -71.0888
-0.676768 23403.1 -71.9347
-0.686869 23404.6 -72.7697
-0.69697 23406.2 -73.5997
-0.707071 23407.7 -74.4171
-0.717172 23409.3 -75.2291
-0.727273 23410.9 -76.0265
-0.737374 23412.5 -76.8182
-0.747475 23414.1 -77.5928
-0.757576 23415.8 -78.3615
-0.767677 23417.4 -79.1104
-0.777778 23419 -79.8531
-0.787879 23420.7 -80.5731
-0.79798 23422.3 -81.2867
-0.808081 23424 -81.9744
-0.818182 23425.6 -82.6555
-0.828283 23427.2 -83.3074
-0.838384 23428.8 -83.9527
-0.848485 23430.4 -84.5653
-0.858586 23431.9 -85.1716
-0.868687 23433.4 -85.7417
-0.878788 23434.9 -86.3058
-0.888889 23436.2 -86.8305
-0.89899 23437.5 -87.3498
-0.909091 23438.7 -87.8268
-0.919192 23439.9 -88.299
-0.929293 23440.9 -88.7265
-0.939394 23441.8 -89.1502
-0.949495 23442.6 -89.5266
-0.959596 23443.3 -89.9001
-0.969697 23443.7 -90.2219
-0.979798 23444.2 -90.5416
-0.989899 23444.4 -90.8768
-1 23444.5 -91.2123
