0 -7065.15 -0.000882687
-0.010101 -5646.27 12.7079
-0.020202 -5657.21 25.4373
-0.030303 -5662.91 39.1461
-0.040404 -5668.45 52.8636
-0.0505051 -5670.13 66.788
-0.0606061 -5671.63 80.7237
-0.0707071 -5670.41 94.8379
-0.0808081 -5669.03 108.963
-0.0909091 -5665.86 123.212
-0.10101 -5662.56 137.47
-0.111111 -5658.19 151.808
-0.121212 -5653.75 166.154
-0.131313 -5648.77 180.55
-0.141414 -5643.78 194.952
-0.151515 -5638.65 209.384
-0.161616 -5633.54 223.82
-0.171717 -5628.58 238.271
-0.181818 -5623.69 252.723
-0.191919 -5619.11 267.177
-0.20202 -5614.63 281.63
-0.212121 -5610.57 296.074
-0.222222 -5606.64 310.512
-0.232323 -5603.16 324.932
-0.242424 -5599.82 339.344
-0.252525 -5596.95 353.728
-0.262626 -5594.22 368.1
-0.272727 -5591.92 382.437
-0.282828 -5589.78 396.759
-0.292929 -5588.03 411.041
-0.30303 -5586.42 425.304
-0.313131 -5585.14 439.523
-0.323232 -5584.01 453.719
-0.333333 -5583.16 467.867
-0.343434 -5582.42 481.99
-0.353535 -5581.93 496.062
-0.363636 -5581.53 510.104
-0.373737 -5581.32 524.095
-0.383838 -5581.2 538.053
-0.393939 -5581.22 551.957
-0.40404 -5581.32 565.824
-0.414141 -5581.52 579.637
-0.424242 -5581.78 593.409
-0.434343 -5582.11 607.125
-0.444444 -5582.48 620.797
-0.454545 -5582.91 634.412
-0.464646 -5583.37 647.978
-0.474747 -5583.86 661.486
-0.484848 -5584.38 674.941
-0.494949 -5584.91 688.337
-0.505051 -5585.45 701.675
-0.515152 -5586.01 714.954
-0.525253 -5586.56 728.169
-0.535354 -5587.12 741.324
-0.545455 -5587.68 754.409
-0.555556 -5588.24 767.435
-0.565657 -5588.79 780.383
-0.575758 -5589.34 793.272
-0.585859 -5589.88 806.077
-0.59596 -5590.42 818.822
-0.606061 -5590.94 831.477
-0.616162 -5591.46 844.071
-0.626263 -5591.96 856.566
-0.636364 -5592.45 869.001
-0.646465 -5592.93 881.33
-0.656566 -5593.4 893.598
-0.666667 -5593.85 905.751
-0.676768 -5594.3 917.844
-0.686869 -5594.72 929.813
-0.69697 -5595.13 941.722
-0.707071 -5595.51 953.497
-0.717172 -5595.89 965.214
-0.727273 -5596.23 976.786
-0.737374 -5596.56 988.302
-0.747475 -5596.85 999.662
-0.757576 -5597.13 1010.97
-0.767677 -5597.36 1022.11
-0.777778 -5597.57 1033.19
-0.787879 -5597.74 1044.1
-0.79798 -5597.88 1054.96
-0.808081 -5597.97 1065.62
-0.818182 -5598.03 1076.25
-0.828283 -5598.03 1086.67
-0.838384 -5598.01 1097.04
-0.848485 -5597.92 1107.21
-0.858586 -5597.81 1117.33
-0.868687 -5597.63 1127.23
-0.878788 -5597.43 1137.1
-0.888889 -5597.16 1146.73
-0.89899 -5596.88 1156.34
-0.909091 -5596.54 1165.7
-0.919192 -5596.2 1175.03
-0.929293 -5595.82 1184.12
-0.939394 -5595.44 1193.19
-0.949495 -5595.06 1202.01
-0.959596 -5594.69 1210.82
-0.969697 -5594.39 1219.39
-0.979798 -5594.09 1227.96
-0.989899 -5593.97 1236.32
-1 -5593.85 1244.67
