0 -6295.88 -0.000754661
-0.010101 -7691.55 -12.2827
-0.020202 -7669.55 -24.5809
-0.030303 -7653.37 -37.7221
-0.040404 -7637.39 -50.8707
-0.0505051 -7626.22 -64.1965
-0.0606061 -7615.29 -77.5343
-0.0707071 -7608.2 -91.0602
-0.0808081 -7601.37 -104.599
-0.0909091 -7597.52 -118.283
-0.10101 -7593.91 -131.98
-0.111111 -7592.52 -145.779
-0.121212 -7591.35 -159.588
-0.131313 -7591.77 -173.468
-0.141414 -7592.37 -187.356
-0.151515 -7594.05 -201.292
-0.161616 -7595.86 -215.235
-0.171717 -7598.34 -229.209
-0.181818 -7600.9 -243.187
-0.191919 -7603.82 -257.184
-0.20202 -7606.78 -271.182
-0.212121 -7609.87 -285.185
-0.222222 -7612.96 -299.188
-0.232323 -7616.03 -313.185
-0.242424 -7619.05 -327.177
-0.252525 -7621.95 -341.155
-0.262626 -7624.79 -355.125
-0.272727 -7627.43 -369.071
-0.282828 -7629.99 -383.005
-0.292929 -7632.33 -396.908
-0.30303 -7634.58 -410.796
-0.313131 -7636.6 -424.646
-0.323232 -7638.52 -438.477
-0.333333 -7640.22 -452.266
-0.343434 -7641.83 -466.032
-0.353535 -7643.23 -479.752
-0.363636 -7644.55 -493.444
-0.373737 -7645.69 -507.088
-0.383838 -7646.74 -520.7
-0.393939 -7647.64 -534.261
-0.40404 -7648.47 -547.786
-0.414141 -7649.18 -561.259
-0.424242 -7649.83 -574.691
-0.434343 -7650.38 -588.069
-0.444444 -7650.88 -601.403
-0.454545 -7651.3 -614.681
-0.464646 -7651.68 -627.911
-0.474747 -7652.01 -641.083
-0.484848 -7652.31 -654.202
-0.494949 -7652.58 -667.263
-0.505051 -7652.82 -680.266
-0.515152 -7653.04 -693.21
-0.525253 -7653.25 -706.09
-0.535354 -7653.45 -718.911
-0.545455 -7653.64 -731.662
-0.555556 -7653.83 -744.353
-0.565657 -7654.03 -756.969
-0.575758 -7654.22 -769.525
-0.585859 -7654.43 -781.998
-0.59596 -7654.65 -794.411
-0.606061 -7654.89 -806.735
-0.616162 -7655.13 -818.999
-0.626263 -7655.4 -831.165
-0.636364 -7655.68 -843.273
-0.646465 -7656 -855.275
-0.656566 -7656.33 -867.218
-0.666667 -7656.69 -879.047
-0.676768 -7657.07 -890.818
-0.686869 -7657.48 -902.468
-0.69697 -7657.92 -914.059
-0.707071 -7658.4 -925.52
-0.717172 -7658.9 -936.925
-0.727273 -7659.45 -948.189
-0.737374 -7660.02 -959.398
-0.747475 -7660.65 -970.458
-0.757576 -7661.29 -981.465
-0.767677 -7661.99 -992.312
-0.777778 -7662.72 -1003.11
-0.787879 -7663.5 -1013.74
-0.79798 -7664.3 -1024.32
-0.808081 -7665.16 -1034.72
-0.818182 -7666.03 -1045.07
-0.828283 -7666.96 -1055.24
-0.838384 -7667.91 -1065.36
-0.848485 -7668.91 -1075.29
-0.858586 -7669.91 -1085.18
-0.868687 -7670.95 -1094.86
-0.878788 -7672 -1104.51
-0.888889 -7673.05 -1113.95
-0.89899 -7674.11 -1123.35
-0.909091 -7675.14 -1132.54
-0.919192 -7676.17 -1141.7
-0.929293 -7677.12 -1150.63
-0.939394 -7678.07 -1159.54
-0.949495 -7678.88 -1168.23
-0.959596 -7679.67 -1176.91
-0.969697 -7680.25 -1185.38
-0.979798 -7680.81 -1193.84
-0.989899 -7681.03 -1202.09
-1 -7681.24 -1210.33
