0 -23101 -0.00227393
-0.010101 -22727.6 3.69571
-0.020202 -22712.4 7.40496
-0.030303 -22697 11.5649
-0.040404 -22681.5 15.7288
-0.0505051 -22666.7 19.989
-0.0606061 -22651.9 24.2509
-0.0707071 -22638.3 28.5393
-0.0808081 -22624.8 32.8272
-0.0909091 -22612.8 37.1089
-0.10101 -22600.9 41.3888
-0.111111 -22590.7 45.6512
-0.121212 -22580.6 49.9108
-0.131313 -22572.1 54.1503
-0.141414 -22563.9 58.3864
-0.151515 -22557.1 62.6016
-0.161616 -22550.7 66.8126
-0.171717 -22545.5 71.0014
-0.181818 -22540.6 75.1851
-0.191919 -22536.9 79.3448
-0.20202 -22533.4 83.4982
-0.212121 -22530.8 87.6262
-0.222222 -22528.6 91.7466
-0.232323 -22527.1 95.8407
-0.242424 -22525.8 99.9264
-0.252525 -22525.1 103.986
-0.262626 -22524.7 108.036
-0.272727 -22524.7 112.06
-0.282828 -22524.8 116.075
-0.292929 -22525.4 120.066
-0.30303 -22526 124.047
-0.313131 -22526.9 128.005
-0.323232 -22527.9 131.954
-0.333333 -22529 135.881
-0.343434 -22530.3 139.799
-0.353535 -22531.6 143.697
-0.363636 -22533 147.586
-0.373737 -22534.4 151.456
-0.383838 -22535.9 155.317
-0.393939 -22537.4 159.161
-0.40404 -22538.9 162.994
-0.414141 -22540.4 166.812
-0.424242 -22541.9 170.618
-0.434343 -22543.4 174.41
-0.444444 -22544.9 178.19
-0.454545 -22546.4 181.956
-0.464646 -22547.8 185.709
-0.474747 -22549.2 189.448
-0.484848 -22550.7 193.174
-0.494949 -22552.1 196.886
-0.505051 -22553.5 200.583
-0.515152 -22554.8 204.266
-0.525253 -22556.2 207.933
-0.535354 -22557.5 211.586
-0.545455 -22558.9 215.221
-0.555556 -22560.2 218.842
-0.565657 -22561.5 222.445
-0.575758 -22562.9 226.032
-0.585859 -22564.2 229.598
-0.59596 -22565.5 233.15
-0.606061 -22566.9 236.679
-0.616162 -22568.2 240.192
-0.626263 -22569.6 243.68
-0.636364 -22570.9 247.152
-0.646465 -22572.3 250.597
-0.656566 -22573.7 254.026
-0.666667 -22575.1 257.423
-0.676768 -22576.5 260.805
-0.686869 -22578 264.153
-0.69697 -22579.4 267.485
-0.707071 -22580.9 270.779
-0.717172 -22582.4 274.056
-0.727273 -22583.9 277.292
-0.737374 -22585.4 280.512
-0.747475 -22587 283.685
-0.757576 -22588.5 286.843
-0.767677 -22590.1 289.949
-0.777778 -22591.6 293.04
-0.787879 -22593.2 296.075
-0.79798 -22594.7 299.094
-0.808081 -22596.3 302.052
-0.818182 -22597.8 304.994
-0.828283 -22599.3 307.87
-0.838384 -22600.8 310.731
-0.848485 -22602.2 313.52
-0.858586 -22603.6 316.296
-0.868687 -22604.9 318.994
-0.878788 -22606.2 321.679
-0.888889 -22607.4 324.281
-0.89899 -22608.6 326.872
-0.909091 -22609.6 329.376
-0.919192 -22610.7 331.87
-0.929293 -22611.5 334.273
-0.939394 -22612.3 336.668
-0.949495 -22612.9 338.97
-0.959596 -22613.5 341.266
-0.969697 -22613.9 343.47
-0.979798 -22614.2 345.67
-0.989899 -22614.4 347.83
-1 -22614.5 349.989
