0 -17815.8 -0.00210047
-0.010101 -16802.8 9.28247
-0.020202 -16799.7 18.5855
-0.030303 -16793.6 28.7041
-0.040404 -16787.4 38.8298
-0.0505051 -16779.4 49.1286
-0.0606061 -16771.4 59.4348
-0.0707071 -16762.5 69.8563
-0.0808081 -16753.6 80.2835
-0.0909091 -16744.6 90.776
-0.10101 -16735.7 101.272
-0.111111 -16727.1 111.803
-0.121212 -16718.6 122.336
-0.131313 -16710.7 132.885
-0.141414 -16703 143.436
-0.151515 -16696.1 153.99
-0.161616 -16689.3 164.544
-0.171717 -16683.5 175.094
-0.181818 -16677.8 185.641
-0.191919 -16673 196.175
-0.20202 -16668.4 206.704
-0.212121 -16664.7 217.213
-0.222222 -16661.1 227.714
-0.232323 -16658.3 238.19
-0.242424 -16655.6 248.656
-0.252525 -16653.6 259.09
-0.262626 -16651.8 269.513
-0.272727 -16650.6 279.901
-0.282828 -16649.5 290.274
-0.292929 -16648.8 300.611
-0.30303 -16648.3 310.932
-0.313131 -16648.2 321.214
-0.323232 -16648.1 331.478
-0.333333 -16648.3 341.702
-0.343434 -16648.7 351.907
-0.353535 -16649.2 362.072
-0.363636 -16649.8 372.214
-0.373737 -16650.6 382.317
-0.383838 -16651.4 392.396
-0.393939 -16652.3 402.434
-0.40404 -16653.2 412.446
-0.414141 -16654.3 422.419
-0.424242 -16655.3 432.362
-0.434343 -16656.4 442.265
-0.444444 -16657.5 452.136
-0.454545 -16658.6 461.967
-0.464646 -16659.7 471.764
-0.474747 -16660.9 481.52
-0.484848 -16662 491.238
-0.494949 -16663.2 500.915
-0.505051 -16664.3 510.551
-0.515152 -16665.4 520.146
-0.525253 -16666.6 529.695
-0.535354 -16667.7 539.203
-0.545455 -16668.8 548.661
-0.555556 -16669.9 558.078
-0.565657 -16671 567.44
-0.575758 -16672.1 576.761
-0.585859 -16673.2 586.022
-0.59596 -16674.3 595.241
-0.606061 -16675.4 604.395
-0.616162 -16676.5 613.507
-0.626263 -16677.6 622.549
-0.636364 -16678.7 631.548
-0.646465 -16679.8 640.471
-0.656566 -16680.9 649.352
-0.666667 -16682 658.149
-0.676768 -16683.1 666.903
-0.686869 -16684.2 675.568
-0.69697 -16685.3 684.19
-0.707071 -16686.4 692.715
-0.717172 -16687.5 701.198
-0.727273 -16688.6 709.575
-0.737374 -16689.7 717.911
-0.747475 -16690.8 726.133
-0.757576 -16691.9 734.314
-0.767677 -16692.9 742.373
-0.777778 -16694 750.392
-0.787879 -16695 758.279
-0.79798 -16696 766.129
-0.808081 -16697 773.837
-0.818182 -16698 781.509
-0.828283 -16698.9 789.03
-0.838384 -16699.7 796.517
-0.848485 -16700.5 803.844
-0.858586 -16701.3 811.139
-0.868687 -16702 818.265
-0.878788 -16702.7 825.363
-0.888889 -16703.3 832.282
-0.89899 -16703.8 839.177
-0.909091 -16704.3 845.885
-0.919192 -16704.7 852.573
-0.929293 -16705 859.069
-0.939394 -16705.2 865.549
-0.949495 -16705.4 871.836
-0.959596 -16705.6 878.111
-0.969697 -16705.6 884.204
-0.979798 -16705.7 890.289
-0.989899 -16705.7 896.233
-1 -16705.7 902.174
