0 21127 0.00237801
-0.010101 20411.1 -6.69824
-0.020202 20401.7 -13.4143
-0.030303 20390.6 -20.7846
-0.040404 20379.4 -28.1607
-0.0505051 20367.6 -35.6765
-0.0606061 20355.8 -43.197
-0.0707071 20344.2 -50.7914
-0.0808081 20332.7 -58.3884
-0.0909091 20321.8 -66.0165
-0.10101 20311.1 -73.6457
-0.111111 20301.3 -81.2841
-0.121212 20291.8 -88.9223
-0.131313 20283.3 -96.559
-0.141414 20275.1 -104.194
-0.151515 20268 -111.822
-0.161616 20261.2 -119.447
-0.171717 20255.5 -127.058
-0.181818 20250 -134.666
-0.191919 20245.6 -142.255
-0.20202 20241.5 -149.838
-0.212121 20238.2 -157.398
-0.222222 20235.2 -164.951
-0.232323 20233 -172.476
-0.242424 20231 -179.993
-0.252525 20229.6 -187.479
-0.262626 20228.4 -194.955
-0.272727 20227.8 -202.401
-0.282828 20227.3 -209.834
-0.292929 20227.2 -217.235
-0.30303 20227.3 -224.623
-0.313131 20227.7 -231.98
-0.323232 20228.2 -239.322
-0.333333 20228.9 -246.634
-0.343434 20229.7 -253.93
-0.353535 20230.7 -261.196
-0.363636 20231.7 -268.445
-0.373737 20232.8 -275.664
-0.383838 20234 -282.866
-0.393939 20235.2 -290.039
-0.40404 20236.5 -297.192
-0.414141 20237.8 -304.317
-0.424242 20239.1 -311.422
-0.434343 20240.5 -318.498
-0.444444 20241.8 -325.551
-0.454545 20243.2 -332.577
-0.464646 20244.5 -339.578
-0.474747 20245.8 -346.551
-0.484848 20247.1 -353.497
-0.494949 20248.5 -360.415
-0.505051 20249.8 -367.305
-0.515152 20251.1 -374.165
-0.525253 20252.3 -380.994
-0.535354 20253.6 -387.795
-0.545455 20254.9 -394.56
-0.555556 20256.2 -401.297
-0.565657 20257.4 -407.996
-0.575758 20258.7 -414.666
-0.585859 20259.9 -421.294
-0.59596 20261.2 -427.893
-0.606061 20262.4 -434.446
-0.616162 20263.7 -440.97
-0.626263 20265 -447.445
-0.636364 20266.2 -453.889
-0.646465 20267.5 -460.279
-0.656566 20268.8 -466.64
-0.666667 20270.1 -472.941
-0.676768 20271.4 -479.212
-0.686869 20272.7 -485.419
-0.69697 20274 -491.596
-0.707071 20275.4 -497.703
-0.717172 20276.7 -503.78
-0.727273 20278.1 -509.781
-0.737374 20279.4 -515.752
-0.747475 20280.8 -521.641
-0.757576 20282.1 -527.5
-0.767677 20283.5 -533.27
-0.777778 20284.8 -539.011
-0.787879 20286.2 -544.654
-0.79798 20287.5 -550.271
-0.808081 20288.8 -555.783
-0.818182 20290.1 -561.268
-0.828283 20291.3 -566.641
-0.838384 20292.5 -571.989
-0.848485 20293.7 -577.216
-0.858586 20294.8 -582.421
-0.868687 20295.8 -587.498
-0.878788 20296.9 -592.554
-0.888889 20297.8 -597.475
-0.89899 20298.7 -602.378
-0.909091 20299.4 -607.139
-0.919192 20300.2 -611.885
-0.929293 20300.8 -616.485
-0.939394 20301.3 -621.072
-0.949495 20301.7 -625.512
-0.959596 20302.1 -629.943
-0.969697 20302.3 -634.233
-0.979798 20302.5 -638.516
-0.989899 20302.6 -642.705
-1 20302.7 -646.892
