0 19633.3 0.00168035
-0.010101 20394.6 6.43293
-0.020202 20368.8 12.8689
-0.030303 20347.1 19.6176
-0.040404 20325.5 26.369
-0.0505051 20307.8 33.1848
-0.0606061 20290.2 40.0082
-0.0707071 20276.2 46.9495
-0.0808081 20262.5 53.9003
-0.0909091 20251.9 60.9599
-0.10101 20241.5 68.029
-0.111111 20233.8 75.1835
-0.121212 20226.4 82.3468
-0.131313 20221.1 89.5742
-0.141414 20216.2 96.8094
-0.151515 20213 104.093
-0.161616 20210 111.384
-0.171717 20208.5 118.711
-0.181818 20207.1 126.045
-0.191919 20206.8 133.408
-0.20202 20206.6 140.775
-0.212121 20207.2 148.163
-0.222222 20207.9 155.555
-0.232323 20209.2 162.961
-0.242424 20210.5 170.368
-0.252525 20212.2 177.782
-0.262626 20213.9 185.196
-0.272727 20215.8 192.61
-0.282828 20217.8 200.021
-0.292929 20219.8 207.425
-0.30303 20221.8 214.825
-0.313131 20223.9 222.213
-0.323232 20225.9 229.593
-0.333333 20227.9 236.956
-0.343434 20229.9 244.309
-0.353535 20231.7 251.641
-0.363636 20233.6 258.96
-0.373737 20235.4 266.256
-0.383838 20237.1 273.535
-0.393939 20238.7 280.788
-0.40404 20240.3 288.023
-0.414141 20241.8 295.229
-0.424242 20243.2 302.414
-0.434343 20244.6 309.57
-0.444444 20245.9 316.701
-0.454545 20247.2 323.801
-0.464646 20248.4 330.874
-0.474747 20249.6 337.916
-0.484848 20250.8 344.928
-0.494949 20251.9 351.907
-0.505051 20252.9 358.854
-0.515152 20254 365.768
-0.525253 20255 372.645
-0.535354 20256.1 379.49
-0.545455 20257.1 386.296
-0.555556 20258.1 393.068
-0.565657 20259.1 399.798
-0.575758 20260.1 406.494
-0.585859 20261.1 413.145
-0.59596 20262.2 419.762
-0.606061 20263.2 426.33
-0.616162 20264.3 432.864
-0.626263 20265.3 439.345
-0.636364 20266.4 445.794
-0.646465 20267.6 452.185
-0.656566 20268.7 458.543
-0.666667 20269.9 464.84
-0.676768 20271.1 471.106
-0.686869 20272.4 477.306
-0.69697 20273.6 483.475
-0.707071 20274.9 489.575
-0.717172 20276.3 495.644
-0.727273 20277.7 501.64
-0.737374 20279.1 507.607
-0.747475 20280.5 513.496
-0.757576 20282 519.358
-0.767677 20283.5 525.138
-0.777778 20285 530.892
-0.787879 20286.6 536.56
-0.79798 20288.2 542.205
-0.808081 20289.8 547.76
-0.818182 20291.5 553.293
-0.828283 20293.1 558.734
-0.838384 20294.8 564.154
-0.848485 20296.4 569.479
-0.858586 20298.1 574.786
-0.868687 20299.7 579.994
-0.878788 20301.3 585.187
-0.888889 20302.8 590.279
-0.89899 20304.4 595.357
-0.909091 20305.8 600.332
-0.919192 20307.2 605.296
-0.929293 20308.4 610.157
-0.939394 20309.6 615.009
-0.949495 20310.6 619.76
-0.959596 20311.6 624.505
-0.969697 20312.2 629.162
-0.979798 20312.9 633.815
-0.989899 20313.1 638.34
-1 20313.3 642.862
