0 -19326.5 -0.00206595
-0.010101 -20116.4 -6.69209
-0.020202 -20090.6 -13.3869
-0.030303 -20068.8 -20.4155
-0.040404 -20047.3 -27.4469
-0.0505051 -20029.6 -34.5474
-0.0606061 -20012.2 -41.6555
-0.0707071 -19998.3 -48.8851
-0.0808081 -19984.7 -56.1243
-0.0909091 -19974.2 -63.4748
-0.10101 -19964 -70.8348
-0.111111 -19956.5 -78.2818
-0.121212 -19949.2 -85.7376
-0.131313 -19944.1 -93.2584
-0.141414 -19939.3 -100.787
-0.151515 -19936.3 -108.365
-0.161616 -19933.5 -115.95
-0.171717 -19932 -123.572
-0.181818 -19930.8 -131.2
-0.191919 -19930.6 -138.857
-0.20202 -19930.5 -146.518
-0.212121 -19931.2 -154.201
-0.222222 -19932 -161.886
-0.232323 -19933.3 -169.585
-0.242424 -19934.7 -177.286
-0.252525 -19936.5 -184.993
-0.262626 -19938.2 -192.699
-0.272727 -19940.2 -200.404
-0.282828 -19942.2 -208.106
-0.292929 -19944.2 -215.801
-0.30303 -19946.3 -223.491
-0.313131 -19948.4 -231.168
-0.323232 -19950.4 -238.836
-0.333333 -19952.4 -246.487
-0.343434 -19954.4 -254.127
-0.353535 -19956.2 -261.746
-0.363636 -19958.1 -269.35
-0.373737 -19959.8 -276.93
-0.383838 -19961.5 -284.494
-0.393939 -19963.2 -292.03
-0.40404 -19964.7 -299.547
-0.414141 -19966.2 -307.034
-0.424242 -19967.6 -314.499
-0.434343 -19969 -321.934
-0.444444 -19970.3 -329.343
-0.454545 -19971.6 -336.721
-0.464646 -19972.8 -344.07
-0.474747 -19973.9 -351.387
-0.484848 -19975.1 -358.673
-0.494949 -19976.1 -365.925
-0.505051 -19977.2 -373.144
-0.515152 -19978.2 -380.328
-0.525253 -19979.3 -387.475
-0.535354 -19980.3 -394.588
-0.545455 -19981.3 -401.66
-0.555556 -19982.2 -408.698
-0.565657 -19983.2 -415.692
-0.575758 -19984.2 -422.651
-0.585859 -19985.2 -429.563
-0.59596 -19986.2 -436.44
-0.606061 -19987.3 -443.266
-0.616162 -19988.3 -450.058
-0.626263 -19989.4 -456.794
-0.636364 -19990.4 -463.496
-0.646465 -19991.5 -470.138
-0.656566 -19992.7 -476.748
-0.666667 -19993.8 -483.293
-0.676768 -19995 -489.805
-0.686869 -19996.2 -496.25
-0.69697 -19997.5 -502.662
-0.707071 -19998.8 -509.002
-0.717172 -20000.1 -515.311
-0.727273 -20001.5 -521.543
-0.737374 -20002.9 -527.746
-0.747475 -20004.3 -533.867
-0.757576 -20005.7 -539.959
-0.767677 -20007.3 -545.967
-0.777778 -20008.8 -551.948
-0.787879 -20010.3 -557.839
-0.79798 -20011.9 -563.705
-0.808081 -20013.5 -569.478
-0.818182 -20015.1 -575.228
-0.828283 -20016.8 -580.882
-0.838384 -20018.4 -586.514
-0.848485 -20020 -592.047
-0.858586 -20021.7 -597.56
-0.868687 -20023.3 -602.971
-0.878788 -20024.9 -608.365
-0.888889 -20026.4 -613.653
-0.89899 -20028 -618.927
-0.909091 -20029.4 -624.094
-0.919192 -20030.8 -629.248
-0.929293 -20032 -634.294
-0.939394 -20033.2 -639.331
-0.949495 -20034.2 -644.261
-0.959596 -20035.2 -649.185
-0.969697 -20035.8 -654.017
-0.979798 -20036.5 -658.846
-0.989899 -20036.7 -663.54
-1 -20036.9 -668.232
