0 20068.3 0.00226152
-0.010101 19238 -7.6963
-0.020202 19230.9 -15.4115
-0.030303 19221.5 -23.8449
-0.040404 19212.1 -32.2847
-0.0505051 19201.7 -40.8775
-0.0606061 19191.2 -49.476
-0.0707071 19180.5 -58.1641
-0.0808081 19169.8 -66.856
-0.0909091 19159.6 -75.5919
-0.10101 19149.4 -84.3297
-0.111111 19140 -93.0862
-0.121212 19130.7 -101.843
-0.131313 19122.5 -110.605
-0.141414 19114.3 -119.367
-0.151515 19107.3 -128.125
-0.161616 19100.4 -136.882
-0.171717 19094.6 -145.628
-0.181818 19089.1 -154.37
-0.191919 19084.5 -163.096
-0.20202 19080.1 -171.817
-0.212121 19076.7 -180.515
-0.222222 19073.4 -189.206
-0.232323 19071 -197.87
-0.242424 19068.7 -206.524
-0.252525 19067.1 -215.149
-0.262626 19065.7 -223.761
-0.272727 19064.8 -232.342
-0.282828 19064.1 -240.909
-0.292929 19063.8 -249.443
-0.30303 19063.7 -257.962
-0.313131 19063.9 -266.447
-0.323232 19064.2 -274.916
-0.333333 19064.7 -283.351
-0.343434 19065.3 -291.768
-0.353535 19066.2 -300.152
-0.363636 19067 -308.517
-0.373737 19068 -316.848
-0.383838 19069.1 -325.159
-0.393939 19070.2 -333.437
-0.40404 19071.4 -341.693
-0.414141 19072.6 -349.916
-0.424242 19073.8 -358.115
-0.434343 19075.1 -366.281
-0.444444 19076.3 -374.422
-0.454545 19077.6 -382.529
-0.464646 19078.9 -390.608
-0.474747 19080.2 -398.655
-0.484848 19081.4 -406.67
-0.494949 19082.7 -414.652
-0.505051 19083.9 -422.601
-0.515152 19085.2 -430.516
-0.525253 19086.4 -438.395
-0.535354 19087.6 -446.239
-0.545455 19088.9 -454.044
-0.555556 19090.1 -461.814
-0.565657 19091.3 -469.541
-0.575758 19092.5 -477.233
-0.585859 19093.7 -484.877
-0.59596 19094.9 -492.487
-0.606061 19096.1 -500.044
-0.616162 19097.3 -507.566
-0.626263 19098.6 -515.032
-0.636364 19099.8 -522.462
-0.646465 19101 -529.829
-0.656566 19102.2 -537.162
-0.666667 19103.5 -544.427
-0.676768 19104.7 -551.656
-0.686869 19105.9 -558.812
-0.69697 19107.2 -565.932
-0.707071 19108.5 -572.972
-0.717172 19109.7 -579.978
-0.727273 19111 -586.896
-0.737374 19112.3 -593.779
-0.747475 19113.5 -600.568
-0.757576 19114.8 -607.324
-0.767677 19116 -613.977
-0.777778 19117.3 -620.597
-0.787879 19118.5 -627.106
-0.79798 19119.7 -633.584
-0.808081 19120.9 -639.943
-0.818182 19122.1 -646.272
-0.828283 19123.2 -652.474
-0.838384 19124.3 -658.647
-0.848485 19125.4 -664.684
-0.858586 19126.4 -670.695
-0.868687 19127.3 -676.562
-0.878788 19128.2 -682.405
-0.888889 19129 -688.097
-0.89899 19129.8 -693.767
-0.909091 19130.4 -699.279
-0.919192 19131 -704.773
-0.929293 19131.5 -710.104
-0.939394 19132 -715.42
-0.949495 19132.3 -720.571
-0.959596 19132.6 -725.712
-0.969697 19132.8 -730.696
-0.979798 19132.9 -735.673
-0.989899 19132.9 -740.537
-1 19133 -745.399
