0 -8355.78 -0.00100683
-0.010101 -9703.98 -11.8276
-0.020202 -9680.79 -23.6694
-0.030303 -9663.35 -36.3047
-0.040404 -9646.11 -48.9469
-0.0505051 -9633.68 -61.7558
-0.0606061 -9621.5 -74.5765
-0.0707071 -9613.23 -87.5811
-0.0808081 -9605.23 -100.598
-0.0909091 -9600.31 -113.761
-0.10101 -9595.64 -126.934
-0.111111 -9593.33 -140.212
-0.121212 -9591.25 -153.5
-0.131313 -9590.89 -166.859
-0.141414 -9590.73 -180.227
-0.151515 -9591.77 -193.645
-0.161616 -9592.96 -207.069
-0.171717 -9594.94 -220.527
-0.181818 -9597.03 -233.989
-0.191919 -9599.58 -247.471
-0.20202 -9602.19 -260.956
-0.212121 -9605.03 -274.448
-0.222222 -9607.88 -287.94
-0.232323 -9610.78 -301.429
-0.242424 -9613.66 -314.914
-0.252525 -9616.47 -328.387
-0.262626 -9619.23 -341.853
-0.272727 -9621.85 -355.298
-0.282828 -9624.4 -368.731
-0.292929 -9626.77 -382.137
-0.30303 -9629.05 -395.528
-0.313131 -9631.14 -408.884
-0.323232 -9633.13 -422.222
-0.333333 -9634.93 -435.52
-0.343434 -9636.63 -448.795
-0.353535 -9638.14 -462.028
-0.363636 -9639.57 -475.234
-0.373737 -9640.83 -488.393
-0.383838 -9642.01 -501.522
-0.393939 -9643.04 -514.602
-0.40404 -9644 -527.648
-0.414141 -9644.84 -540.642
-0.424242 -9645.62 -553.598
-0.434343 -9646.3 -566.502
-0.444444 -9646.93 -579.363
-0.454545 -9647.49 -592.169
-0.464646 -9648 -604.929
-0.474747 -9648.46 -617.634
-0.484848 -9648.89 -630.286
-0.494949 -9649.28 -642.883
-0.505051 -9649.64 -655.424
-0.515152 -9649.99 -667.907
-0.525253 -9650.32 -680.329
-0.535354 -9650.64 -692.693
-0.545455 -9650.95 -704.99
-0.555556 -9651.27 -717.229
-0.565657 -9651.58 -729.395
-0.575758 -9651.9 -741.502
-0.585859 -9652.23 -753.53
-0.59596 -9652.57 -765.5
-0.606061 -9652.92 -777.383
-0.616162 -9653.29 -789.209
-0.626263 -9653.68 -800.94
-0.636364 -9654.09 -812.614
-0.646465 -9654.52 -824.186
-0.656566 -9654.97 -835.701
-0.666667 -9655.46 -847.107
-0.676768 -9655.97 -858.457
-0.686869 -9656.52 -869.688
-0.69697 -9657.08 -880.865
-0.707071 -9657.7 -891.915
-0.717172 -9658.33 -902.911
-0.727273 -9659.01 -913.771
-0.737374 -9659.72 -924.579
-0.747475 -9660.48 -935.243
-0.757576 -9661.25 -945.856
-0.767677 -9662.09 -956.315
-0.777778 -9662.95 -966.726
-0.787879 -9663.87 -976.974
-0.79798 -9664.8 -987.176
-0.808081 -9665.79 -997.207
-0.818182 -9666.8 -1007.19
-0.828283 -9667.86 -1017
-0.838384 -9668.93 -1026.77
-0.848485 -9670.05 -1036.35
-0.858586 -9671.18 -1045.89
-0.868687 -9672.33 -1055.23
-0.878788 -9673.48 -1064.54
-0.888889 -9674.64 -1073.65
-0.89899 -9675.79 -1082.73
-0.909091 -9676.91 -1091.6
-0.919192 -9678.02 -1100.44
-0.929293 -9679.04 -1109.07
-0.939394 -9680.05 -1117.68
-0.949495 -9680.91 -1126.07
-0.959596 -9681.76 -1134.46
-0.969697 -9682.36 -1142.64
-0.979798 -9682.95 -1150.82
-0.989899 -9683.18 -1158.79
-1 -9683.4 -1166.76
