0 -12248.1 -0.00142137
-0.010101 -13467.8 -10.6176
-0.020202 -13442.9 -21.2461
-0.030303 -13423.3 -32.5522
-0.040404 -13404 -43.8642
-0.0505051 -13389.3 -55.3206
-0.0606061 -13375 -66.7881
-0.0707071 -13364.5 -78.4288
-0.0808081 -13354.4 -90.082
-0.0909091 -13347.4 -101.877
-0.10101 -13340.8 -113.684
-0.111111 -13336.7 -125.595
-0.121212 -13332.8 -137.516
-0.131313 -13330.9 -149.512
-0.141414 -13329.2 -161.516
-0.151515 -13328.9 -173.573
-0.161616 -13328.9 -185.637
-0.171717 -13329.8 -197.739
-0.181818 -13330.9 -209.845
-0.191919 -13332.6 -221.976
-0.20202 -13334.5 -234.111
-0.212121 -13336.7 -246.258
-0.222222 -13339 -258.406
-0.232323 -13341.5 -270.557
-0.242424 -13344 -282.706
-0.252525 -13346.6 -294.848
-0.262626 -13349.1 -306.984
-0.272727 -13351.6 -319.106
-0.282828 -13354.1 -331.218
-0.292929 -13356.4 -343.308
-0.30303 -13358.7 -355.386
-0.313131 -13360.9 -367.435
-0.323232 -13363 -379.468
-0.333333 -13364.9 -391.466
-0.343434 -13366.7 -403.445
-0.353535 -13368.4 -415.386
-0.363636 -13370.1 -427.303
-0.373737 -13371.5 -439.179
-0.383838 -13372.9 -451.027
-0.393939 -13374.2 -462.831
-0.40404 -13375.4 -474.605
-0.414141 -13376.5 -486.331
-0.424242 -13377.5 -498.024
-0.434343 -13378.4 -509.668
-0.444444 -13379.3 -521.273
-0.454545 -13380.1 -532.83
-0.464646 -13380.9 -544.343
-0.474747 -13381.6 -555.806
-0.484848 -13382.3 -567.222
-0.494949 -13382.9 -578.587
-0.505051 -13383.5 -589.9
-0.515152 -13384.1 -601.161
-0.525253 -13384.7 -612.366
-0.535354 -13385.3 -623.518
-0.545455 -13385.8 -634.609
-0.555556 -13386.4 -645.647
-0.565657 -13386.9 -656.618
-0.575758 -13387.5 -667.536
-0.585859 -13388.1 -678.381
-0.59596 -13388.6 -689.174
-0.606061 -13389.2 -699.887
-0.616162 -13389.8 -710.548
-0.626263 -13390.5 -721.123
-0.636364 -13391.1 -731.646
-0.646465 -13391.8 -742.077
-0.656566 -13392.5 -752.456
-0.666667 -13393.2 -762.736
-0.676768 -13394 -772.964
-0.686869 -13394.8 -783.086
-0.69697 -13395.6 -793.157
-0.707071 -13396.5 -803.115
-0.717172 -13397.4 -813.023
-0.727273 -13398.3 -822.81
-0.737374 -13399.3 -832.549
-0.747475 -13400.3 -842.158
-0.757576 -13401.3 -851.722
-0.767677 -13402.4 -861.147
-0.777778 -13403.5 -870.529
-0.787879 -13404.7 -879.766
-0.79798 -13405.9 -888.962
-0.808081 -13407.1 -898.004
-0.818182 -13408.4 -907.008
-0.828283 -13409.7 -915.85
-0.838384 -13411 -924.658
-0.848485 -13412.3 -933.298
-0.858586 -13413.7 -941.905
-0.868687 -13415 -950.338
-0.878788 -13416.4 -958.742
-0.888889 -13417.7 -966.965
-0.89899 -13419 -975.163
-0.909091 -13420.3 -983.175
-0.919192 -13421.6 -991.167
-0.929293 -13422.7 -998.969
-0.939394 -13423.8 -1006.75
-0.949495 -13424.7 -1014.35
-0.959596 -13425.7 -1021.94
-0.969697 -13426.3 -1029.36
-0.979798 -13426.9 -1036.77
-0.989899 -13427.2 -1043.99
-1 -13427.4 -1051.2
