0 -953.5 -0.000106006
-0.010101 -2415.87 -12.962
-0.020202 -2397.61 -25.9426
-0.030303 -2385.16 -39.8579
-0.040404 -2372.9 -53.7813
-0.0505051 -2365.25 -67.9017
-0.0606061 -2357.83 -82.0344
-0.0707071 -2353.93 -96.3589
-0.0808081 -2350.26 -110.696
-0.0909091 -2349.2 -125.175
-0.10101 -2348.33 -139.666
-0.111111 -2349.3 -154.255
-0.121212 -2350.44 -168.852
-0.131313 -2352.79 -183.515
-0.141414 -2355.25 -198.185
-0.151515 -2358.44 -212.899
-0.161616 -2361.71 -227.617
-0.171717 -2365.33 -242.362
-0.181818 -2368.97 -257.11
-0.191919 -2372.71 -271.869
-0.20202 -2376.42 -286.629
-0.212121 -2380.05 -301.39
-0.222222 -2383.61 -316.147
-0.232323 -2386.98 -330.893
-0.242424 -2390.26 -345.632
-0.252525 -2393.27 -360.351
-0.262626 -2396.17 -375.06
-0.272727 -2398.78 -389.74
-0.282828 -2401.27 -404.406
-0.292929 -2403.46 -419.036
-0.30303 -2405.53 -433.648
-0.313131 -2407.32 -448.219
-0.323232 -2408.99 -462.768
-0.333333 -2410.4 -477.271
-0.343434 -2411.71 -491.749
-0.353535 -2412.79 -506.177
-0.363636 -2413.77 -520.576
-0.373737 -2414.57 -534.922
-0.383838 -2415.27 -549.236
-0.393939 -2415.83 -563.495
-0.40404 -2416.3 -577.716
-0.414141 -2416.66 -591.882
-0.424242 -2416.95 -606.006
-0.434343 -2417.15 -620.072
-0.444444 -2417.31 -634.093
-0.454545 -2417.39 -648.055
-0.464646 -2417.44 -661.966
-0.474747 -2417.43 -675.818
-0.484848 -2417.41 -689.614
-0.494949 -2417.35 -703.349
-0.505051 -2417.27 -717.024
-0.515152 -2417.17 -730.637
-0.525253 -2417.07 -744.184
-0.535354 -2416.96 -757.67
-0.545455 -2416.84 -771.082
-0.555556 -2416.73 -784.432
-0.565657 -2416.62 -797.703
-0.575758 -2416.51 -810.912
-0.585859 -2416.41 -824.035
-0.59596 -2416.33 -837.094
-0.606061 -2416.25 -850.061
-0.616162 -2416.19 -862.964
-0.626263 -2416.15 -875.766
-0.636364 -2416.12 -888.506
-0.646465 -2416.11 -901.136
-0.656566 -2416.12 -913.703
-0.666667 -2416.15 -926.152
-0.676768 -2416.2 -938.54
-0.686869 -2416.28 -950.799
-0.69697 -2416.38 -962.998
-0.707071 -2416.52 -975.059
-0.717172 -2416.68 -987.061
-0.727273 -2416.88 -998.915
-0.737374 -2417.09 -1010.71
-0.747475 -2417.36 -1022.35
-0.757576 -2417.64 -1033.93
-0.767677 -2417.98 -1045.34
-0.777778 -2418.34 -1056.7
-0.787879 -2418.76 -1067.88
-0.79798 -2419.19 -1079.01
-0.808081 -2419.69 -1089.95
-0.818182 -2420.21 -1100.84
-0.828283 -2420.79 -1111.53
-0.838384 -2421.38 -1122.17
-0.848485 -2422.04 -1132.61
-0.858586 -2422.71 -1143
-0.868687 -2423.44 -1153.17
-0.878788 -2424.17 -1163.31
-0.888889 -2424.94 -1173.21
-0.89899 -2425.71 -1183.08
-0.909091 -2426.5 -1192.72
-0.919192 -2427.28 -1202.33
-0.929293 -2428.03 -1211.69
-0.939394 -2428.78 -1221.03
-0.949495 -2429.44 -1230.13
-0.959596 -2430.09 -1239.22
-0.969697 -2430.57 -1248.08
-0.979798 -2431.05 -1256.93
-0.989899 -2431.24 -1265.56
-1 -2431.42 -1274.19
