0 10578.7 0.00136926
-0.010101 9238.03 -12.0704
-0.020202 9245.05 -24.163
-0.030303 9247.33 -37.2166
-0.040404 9249.46 -50.2786
-0.0505051 9248.24 -63.544
-0.0606061 9246.87 -76.8199
-0.0707071 9243.28 -90.2607
-0.0808081 9239.56 -103.711
-0.0909091 9234.51 -117.272
-0.10101 9229.37 -130.84
-0.111111 9223.57 -144.477
-0.121212 9217.73 -158.12
-0.131313 9211.72 -171.806
-0.141414 9205.72 -185.495
-0.151515 9199.89 -199.208
-0.161616 9194.12 -212.923
-0.171717 9188.72 -226.649
-0.181818 9183.43 -240.373
-0.191919 9178.64 -254.097
-0.20202 9173.99 -267.816
-0.212121 9169.88 -281.524
-0.222222 9165.94 -295.226
-0.232323 9162.55 -308.906
-0.242424 9159.32 -322.577
-0.252525 9156.62 -336.218
-0.262626 9154.09 -349.847
-0.272727 9152.03 -363.441
-0.282828 9150.14 -377.019
-0.292929 9148.67 -390.556
-0.30303 9147.34 -404.075
-0.313131 9146.37 -417.55
-0.323232 9145.53 -431.003
-0.333333 9144.98 -444.409
-0.343434 9144.55 -457.79
-0.353535 9144.35 -471.123
-0.363636 9144.25 -484.428
-0.373737 9144.32 -497.682
-0.383838 9144.49 -510.905
-0.393939 9144.78 -524.077
-0.40404 9145.14 -537.215
-0.414141 9145.6 -550.3
-0.424242 9146.11 -563.347
-0.434343 9146.68 -576.342
-0.444444 9147.29 -589.294
-0.454545 9147.94 -602.192
-0.464646 9148.62 -615.045
-0.474747 9149.33 -627.843
-0.484848 9150.05 -640.591
-0.494949 9150.78 -653.284
-0.505051 9151.53 -665.922
-0.515152 9152.27 -678.504
-0.525253 9153.02 -691.026
-0.535354 9153.78 -703.492
-0.545455 9154.52 -715.892
-0.555556 9155.27 -728.236
-0.565657 9156.01 -740.508
-0.575758 9156.74 -752.723
-0.585859 9157.47 -764.859
-0.59596 9158.2 -776.939
-0.606061 9158.91 -788.933
-0.616162 9159.62 -800.87
-0.626263 9160.32 -812.715
-0.636364 9161.01 -824.502
-0.646465 9161.7 -836.189
-0.656566 9162.38 -847.819
-0.666667 9163.04 -859.339
-0.676768 9163.7 -870.804
-0.686869 9164.34 -882.15
-0.69697 9164.98 -893.44
-0.707071 9165.6 -904.603
-0.717172 9166.2 -915.711
-0.727273 9166.79 -926.681
-0.737374 9167.36 -937.598
-0.747475 9167.91 -948.367
-0.757576 9168.44 -959.084
-0.767677 9168.93 -969.641
-0.777778 9169.41 -980.149
-0.787879 9169.84 -990.487
-0.79798 9170.26 -1000.78
-0.808081 9170.61 -1010.89
-0.818182 9170.95 -1020.95
-0.828283 9171.23 -1030.82
-0.838384 9171.48 -1040.65
-0.848485 9171.66 -1050.28
-0.858586 9171.82 -1059.87
-0.868687 9171.9 -1069.24
-0.878788 9171.97 -1078.58
-0.888889 9171.94 -1087.7
-0.89899 9171.91 -1096.78
-0.909091 9171.8 -1105.64
-0.919192 9171.67 -1114.47
-0.929293 9171.49 -1123.06
-0.939394 9171.3 -1131.63
-0.949495 9171.07 -1139.96
-0.959596 9170.85 -1148.28
-0.969697 9170.65 -1156.38
-0.979798 9170.44 -1164.46
-0.989899 9170.35 -1172.35
-1 9170.27 -1180.24
