0 20068.3 0.00226151
-0.010101 19238.1 -7.69332
-0.020202 19230.9 -15.4056
-0.030303 19221.6 -23.8369
-0.040404 19212.1 -32.2746
-0.0505051 19201.7 -40.8664
-0.0606061 19191.2 -49.464
-0.0707071 19180.5 -58.1522
-0.0808081 19169.9 -66.8443
-0.0909091 19159.6 -75.5811
-0.10101 19149.4 -84.3202
-0.111111 19140 -93.0786
-0.121212 19130.8 -101.838
-0.131313 19122.5 -110.603
-0.141414 19114.4 -119.367
-0.151515 19107.3 -128.129
-0.161616 19100.5 -136.889
-0.171717 19094.7 -145.639
-0.181818 19089.1 -154.386
-0.191919 19084.6 -163.116
-0.20202 19080.2 -171.841
-0.212121 19076.8 -180.545
-0.222222 19073.5 -189.24
-0.232323 19071.1 -197.91
-0.242424 19068.8 -206.569
-0.252525 19067.2 -215.199
-0.262626 19065.8 -223.817
-0.272727 19064.9 -232.403
-0.282828 19064.2 -240.976
-0.292929 19063.9 -249.516
-0.30303 19063.8 -258.04
-0.313131 19064 -266.531
-0.323232 19064.3 -275.006
-0.333333 19064.8 -283.446
-0.343434 19065.4 -291.869
-0.353535 19066.3 -300.258
-0.363636 19067.1 -308.629
-0.373737 19068.1 -316.965
-0.383838 19069.2 -325.282
-0.393939 19070.3 -333.565
-0.40404 19071.5 -341.826
-0.414141 19072.7 -350.054
-0.424242 19073.9 -358.258
-0.434343 19075.2 -366.429
-0.444444 19076.5 -374.574
-0.454545 19077.7 -382.686
-0.464646 19079 -390.77
-0.474747 19080.3 -398.82
-0.484848 19081.5 -406.84
-0.494949 19082.8 -414.827
-0.505051 19084 -422.78
-0.515152 19085.3 -430.699
-0.525253 19086.5 -438.581
-0.535354 19087.7 -446.43
-0.545455 19089 -454.238
-0.555556 19090.2 -462.013
-0.565657 19091.4 -469.743
-0.575758 19092.6 -477.439
-0.585859 19093.8 -485.087
-0.59596 19095 -492.7
-0.606061 19096.2 -500.261
-0.616162 19097.4 -507.787
-0.626263 19098.6 -515.255
-0.636364 19099.9 -522.689
-0.646465 19101.1 -530.06
-0.656566 19102.3 -537.396
-0.666667 19103.5 -544.664
-0.676768 19104.8 -551.897
-0.686869 19106 -559.056
-0.69697 19107.3 -566.179
-0.707071 19108.5 -573.223
-0.717172 19109.8 -580.231
-0.727273 19111.1 -587.152
-0.737374 19112.3 -594.039
-0.747475 19113.6 -600.831
-0.757576 19114.8 -607.59
-0.767677 19116.1 -614.246
-0.777778 19117.3 -620.869
-0.787879 19118.6 -627.381
-0.79798 19119.8 -633.863
-0.808081 19121 -640.224
-0.818182 19122.1 -646.556
-0.828283 19123.3 -652.761
-0.838384 19124.4 -658.937
-0.848485 19125.4 -664.977
-0.858586 19126.4 -670.992
-0.868687 19127.3 -676.861
-0.878788 19128.2 -682.708
-0.888889 19129 -688.402
-0.89899 19129.8 -694.076
-0.909091 19130.4 -699.591
-0.919192 19131.1 -705.088
-0.929293 19131.6 -710.422
-0.939394 19132 -715.741
-0.949495 19132.3 -720.896
-0.959596 19132.6 -726.041
-0.969697 19132.8 -731.028
-0.979798 19132.9 -736.008
-0.989899 19133 -740.876
-1 19133 -745.742
