0 -23101 -0.00227392
-0.010101 -22727.6 3.69486
-0.020202 -22712.4 7.40327
-0.030303 -22697 11.5625
-0.040404 -22681.5 15.7257
-0.0505051 -22666.7 19.9854
-0.0606061 -22651.9 24.2468
-0.0707071 -22638.3 28.535
-0.0808081 -22624.8 32.8226
-0.0909091 -22612.8 37.1043
-0.10101 -22600.9 41.3841
-0.111111 -22590.7 45.6466
-0.121212 -22580.6 49.9064
-0.131313 -22572.1 54.1462
-0.141414 -22563.9 58.3826
-0.151515 -22557.2 62.5983
-0.161616 -22550.7 66.8097
-0.171717 -22545.5 70.9992
-0.181818 -22540.6 75.1835
-0.191919 -22536.9 79.3441
-0.20202 -22533.4 83.4983
-0.212121 -22530.9 87.6271
-0.222222 -22528.6 91.7486
-0.232323 -22527.1 95.8437
-0.242424 -22525.8 99.9304
-0.252525 -22525.1 103.991
-0.262626 -22524.7 108.042
-0.272727 -22524.7 112.068
-0.282828 -22524.8 116.084
-0.292929 -22525.4 120.076
-0.30303 -22526 124.059
-0.313131 -22526.9 128.018
-0.323232 -22527.9 131.968
-0.333333 -22529.1 135.897
-0.343434 -22530.3 139.816
-0.353535 -22531.6 143.716
-0.363636 -22533 147.606
-0.373737 -22534.4 151.478
-0.383838 -22535.9 155.341
-0.393939 -22537.4 159.186
-0.40404 -22538.9 163.021
-0.414141 -22540.4 166.84
-0.424242 -22541.9 170.649
-0.434343 -22543.4 174.442
-0.444444 -22544.9 178.224
-0.454545 -22546.4 181.991
-0.464646 -22547.8 185.746
-0.474747 -22549.3 189.487
-0.484848 -22550.7 193.214
-0.494949 -22552.1 196.927
-0.505051 -22553.5 200.626
-0.515152 -22554.9 204.311
-0.525253 -22556.2 207.979
-0.535354 -22557.6 211.634
-0.545455 -22558.9 215.271
-0.555556 -22560.2 218.893
-0.565657 -22561.6 222.497
-0.575758 -22562.9 226.086
-0.585859 -22564.2 229.654
-0.59596 -22565.6 233.207
-0.606061 -22566.9 236.737
-0.616162 -22568.2 240.252
-0.626263 -22569.6 243.741
-0.636364 -22571 247.215
-0.646465 -22572.3 250.661
-0.656566 -22573.7 254.091
-0.666667 -22575.2 257.49
-0.676768 -22576.6 260.873
-0.686869 -22578 264.222
-0.69697 -22579.5 267.555
-0.707071 -22581 270.851
-0.717172 -22582.5 274.13
-0.727273 -22584 277.367
-0.737374 -22585.5 280.588
-0.747475 -22587 283.762
-0.757576 -22588.6 286.921
-0.767677 -22590.1 290.029
-0.777778 -22591.7 293.121
-0.787879 -22593.2 296.157
-0.79798 -22594.8 299.177
-0.808081 -22596.3 302.136
-0.818182 -22597.8 305.08
-0.828283 -22599.3 307.957
-0.838384 -22600.8 310.819
-0.848485 -22602.2 313.61
-0.858586 -22603.6 316.386
-0.868687 -22605 319.085
-0.878788 -22606.3 321.771
-0.888889 -22607.5 324.375
-0.89899 -22608.7 326.967
-0.909091 -22609.7 329.472
-0.919192 -22610.7 331.967
-0.929293 -22611.5 334.372
-0.939394 -22612.4 336.768
-0.949495 -22613 339.072
-0.959596 -22613.6 341.369
-0.969697 -22613.9 343.574
-0.979798 -22614.3 345.776
-0.989899 -22614.4 347.937
-1 -22614.5 350.097
