0 12469.8 0.00154317
-0.010101 11189.5 -11.5622
-0.020202 11194.2 -23.1464
-0.030303 11194.5 -35.6708
-0.040404 11194.7 -48.2035
-0.0505051 11191.8 -60.9364
-0.0606061 11188.8 -73.6793
-0.0707071 11183.9 -86.5786
-0.0808081 11178.9 -99.4867
-0.0909091 11172.8 -112.497
-0.10101 11166.7 -125.514
-0.111111 11160.2 -138.594
-0.121212 11153.6 -151.679
-0.131313 11147.1 -164.801
-0.141414 11140.6 -177.927
-0.151515 11134.4 -191.073
-0.161616 11128.3 -204.22
-0.171717 11122.7 -217.375
-0.181818 11117.3 -230.529
-0.191919 11112.4 -243.679
-0.20202 11107.7 -256.826
-0.212121 11103.7 -269.958
-0.222222 11099.8 -283.085
-0.232323 11096.5 -296.188
-0.242424 11093.3 -309.283
-0.252525 11090.8 -322.347
-0.262626 11088.4 -335.399
-0.272727 11086.5 -348.416
-0.282828 11084.8 -361.417
-0.292929 11083.5 -374.378
-0.30303 11082.3 -387.32
-0.313131 11081.5 -400.219
-0.323232 11080.9 -413.097
-0.333333 11080.5 -425.93
-0.343434 11080.3 -438.738
-0.353535 11080.2 -451.5
-0.363636 11080.3 -464.234
-0.373737 11080.5 -476.92
-0.383838 11080.9 -489.576
-0.393939 11081.3 -502.182
-0.40404 11081.8 -514.755
-0.414141 11082.4 -527.279
-0.424242 11083.1 -539.766
-0.434343 11083.8 -552.202
-0.444444 11084.5 -564.598
-0.454545 11085.3 -576.943
-0.464646 11086.1 -589.244
-0.474747 11086.9 -601.493
-0.484848 11087.7 -613.693
-0.494949 11088.6 -625.842
-0.505051 11089.4 -637.938
-0.515152 11090.3 -649.981
-0.525253 11091.1 -661.966
-0.535354 11092 -673.898
-0.545455 11092.8 -685.767
-0.555556 11093.7 -697.582
-0.565657 11094.5 -709.328
-0.575758 11095.3 -721.021
-0.585859 11096.2 -732.639
-0.59596 11097 -744.202
-0.606061 11097.8 -755.684
-0.616162 11098.6 -767.111
-0.626263 11099.4 -778.45
-0.636364 11100.2 -789.734
-0.646465 11101 -800.922
-0.656566 11101.8 -812.056
-0.666667 11102.6 -823.085
-0.676768 11103.3 -834.061
-0.686869 11104.1 -844.923
-0.69697 11104.9 -855.732
-0.707071 11105.6 -866.419
-0.717172 11106.3 -877.053
-0.727273 11107.1 -887.556
-0.737374 11107.8 -898.007
-0.747475 11108.4 -908.316
-0.757576 11109.1 -918.575
-0.767677 11109.7 -928.682
-0.777778 11110.4 -938.741
-0.787879 11110.9 -948.636
-0.79798 11111.5 -958.486
-0.808081 11112 -968.161
-0.818182 11112.5 -977.793
-0.828283 11112.9 -987.24
-0.838384 11113.4 -996.646
-0.848485 11113.7 -1005.86
-0.858586 11114 -1015.03
-0.868687 11114.2 -1024
-0.878788 11114.4 -1032.93
-0.888889 11114.6 -1041.65
-0.89899 11114.7 -1050.34
-0.909091 11114.7 -1058.8
-0.919192 11114.7 -1067.24
-0.929293 11114.6 -1075.45
-0.939394 11114.5 -1083.65
-0.949495 11114.4 -1091.61
-0.959596 11114.3 -1099.55
-0.969697 11114.1 -1107.28
-0.979798 11114 -1115.01
-0.989899 11113.9 -1122.54
-1 11113.8 -1130.08
