0 6816.5 0.000818658
-0.010101 8201.4 12.1789
-0.020202 8179.08 24.373
-0.030303 8162.57 37.3984
-0.040404 8146.26 50.431
-0.0505051 8134.77 63.6383
-0.0606061 8123.52 76.8575
-0.0707071 8116.13 90.2639
-0.0808081 8109 103.683
-0.0909091 8104.87 117.248
-0.10101 8101 130.824
-0.111111 8099.38 144.504
-0.121212 8097.98 158.193
-0.131313 8098.2 171.954
-0.141414 8098.61 185.723
-0.151515 8100.13 199.541
-0.161616 8101.79 213.365
-0.171717 8104.15 227.22
-0.181818 8106.59 241.08
-0.191919 8109.42 254.959
-0.20202 8112.3 268.839
-0.212121 8115.33 282.726
-0.222222 8118.36 296.611
-0.232323 8121.39 310.492
-0.242424 8124.38 324.368
-0.252525 8127.26 338.23
-0.262626 8130.08 352.084
-0.272727 8132.72 365.916
-0.282828 8135.28 379.735
-0.292929 8137.63 393.524
-0.30303 8139.88 407.298
-0.313131 8141.92 421.035
-0.323232 8143.86 434.753
-0.333333 8145.59 448.43
-0.343434 8147.22 462.083
-0.353535 8148.66 475.691
-0.363636 8150 489.272
-0.373737 8151.17 502.804
-0.383838 8152.25 516.306
-0.393939 8153.19 529.756
-0.40404 8154.05 543.172
-0.414141 8154.8 556.534
-0.424242 8155.48 569.857
-0.434343 8156.06 583.126
-0.444444 8156.59 596.352
-0.454545 8157.05 609.521
-0.464646 8157.46 622.643
-0.474747 8157.83 635.707
-0.484848 8158.16 648.719
-0.494949 8158.45 661.674
-0.505051 8158.73 674.57
-0.515152 8158.98 687.408
-0.525253 8159.22 700.182
-0.535354 8159.45 712.898
-0.545455 8159.67 725.544
-0.555556 8159.89 738.132
-0.565657 8160.12 750.644
-0.575758 8160.35 763.096
-0.585859 8160.59 775.466
-0.59596 8160.83 787.777
-0.606061 8161.1 799.999
-0.616162 8161.38 812.162
-0.626263 8161.68 824.228
-0.636364 8161.99 836.235
-0.646465 8162.33 848.138
-0.656566 8162.69 859.982
-0.666667 8163.09 871.714
-0.676768 8163.5 883.387
-0.686869 8163.95 894.94
-0.69697 8164.42 906.436
-0.707071 8164.94 917.801
-0.717172 8165.47 929.111
-0.727273 8166.05 940.282
-0.737374 8166.66 951.398
-0.747475 8167.32 962.366
-0.757576 8167.99 973.282
-0.767677 8168.73 984.039
-0.777778 8169.49 994.746
-0.787879 8170.3 1005.29
-0.79798 8171.14 1015.78
-0.808081 8172.03 1026.09
-0.818182 8172.94 1036.36
-0.828283 8173.91 1046.45
-0.838384 8174.88 1056.49
-0.848485 8175.91 1066.33
-0.858586 8176.95 1076.14
-0.868687 8178.02 1085.75
-0.878788 8179.09 1095.32
-0.888889 8180.17 1104.68
-0.89899 8181.25 1114.01
-0.909091 8182.3 1123.12
-0.919192 8183.35 1132.2
-0.929293 8184.33 1141.07
-0.939394 8185.29 1149.91
-0.949495 8186.11 1158.53
-0.959596 8186.92 1167.14
-0.969697 8187.5 1175.54
-0.979798 8188.07 1183.94
-0.989899 8188.29 1192.12
-1 8188.51 1200.3
