0 17455.1 0.0020586
-0.010101 16418 -9.48983
-0.020202 16415.5 -19.0004
-0.030303 16409.9 -29.3388
-0.040404 16404.2 -39.6844
-0.0505051 16396.6 -50.2058
-0.0606061 16388.9 -60.7348
-0.0707071 16380.3 -71.3826
-0.0808081 16371.7 -82.0364
-0.0909091 16362.9 -92.7586
-0.10101 16354.2 -103.485
-0.111111 16345.7 -114.248
-0.121212 16337.3 -125.013
-0.131313 16329.5 -135.797
-0.141414 16321.9 -146.581
-0.151515 16315 -157.372
-0.161616 16308.3 -168.162
-0.171717 16302.4 -178.948
-0.181818 16296.7 -189.731
-0.191919 16291.9 -200.503
-0.20202 16287.3 -211.27
-0.212121 16283.5 -222.017
-0.222222 16279.9 -232.756
-0.232323 16277 -243.47
-0.242424 16274.4 -254.174
-0.252525 16272.3 -264.847
-0.262626 16270.5 -275.508
-0.272727 16269.2 -286.134
-0.282828 16268 -296.746
-0.292929 16267.3 -307.32
-0.30303 16266.7 -317.878
-0.313131 16266.5 -328.397
-0.323232 16266.4 -338.898
-0.333333 16266.6 -349.359
-0.343434 16266.9 -359.799
-0.353535 16267.4 -370.199
-0.363636 16268 -380.576
-0.373737 16268.7 -390.913
-0.383838 16269.4 -401.225
-0.393939 16270.3 -411.496
-0.40404 16271.3 -421.74
-0.414141 16272.2 -431.944
-0.424242 16273.3 -442.117
-0.434343 16274.3 -452.25
-0.444444 16275.4 -462.35
-0.454545 16276.5 -472.409
-0.464646 16277.6 -482.433
-0.474747 16278.7 -492.415
-0.484848 16279.8 -502.358
-0.494949 16281 -512.259
-0.505051 16282.1 -522.118
-0.515152 16283.2 -531.935
-0.525253 16284.3 -541.706
-0.535354 16285.4 -551.433
-0.545455 16286.5 -561.111
-0.555556 16287.6 -570.745
-0.565657 16288.7 -580.324
-0.575758 16289.8 -589.86
-0.585859 16290.9 -599.335
-0.59596 16291.9 -608.767
-0.606061 16293 -618.133
-0.616162 16294.1 -627.456
-0.626263 16295.2 -636.706
-0.636364 16296.2 -645.913
-0.646465 16297.3 -655.042
-0.656566 16298.4 -664.127
-0.666667 16299.5 -673.128
-0.676768 16300.6 -682.084
-0.686869 16301.6 -690.949
-0.69697 16302.7 -699.77
-0.707071 16303.8 -708.492
-0.717172 16304.9 -717.17
-0.727273 16306 -725.741
-0.737374 16307 -734.269
-0.747475 16308.1 -742.681
-0.757576 16309.1 -751.052
-0.767677 16310.2 -759.297
-0.777778 16311.2 -767.502
-0.787879 16312.2 -775.572
-0.79798 16313.2 -783.604
-0.808081 16314.1 -791.491
-0.818182 16315 -799.341
-0.828283 16315.9 -807.037
-0.838384 16316.7 -814.699
-0.848485 16317.5 -822.197
-0.858586 16318.3 -829.664
-0.868687 16318.9 -836.957
-0.878788 16319.6 -844.222
-0.888889 16320.1 -851.304
-0.89899 16320.6 -858.362
-0.909091 16321 -865.23
-0.919192 16321.4 -872.077
-0.929293 16321.7 -878.729
-0.939394 16321.9 -885.364
-0.949495 16322.1 -891.803
-0.959596 16322.2 -898.23
-0.969697 16322.2 -904.471
-0.979798 16322.3 -910.705
-0.989899 16322.3 -916.793
-1 16322.3 -922.877
