0 -22630.5 -0.00221827
-0.010101 -22989.6 -2.81484
-0.020202 -22966.1 -5.6259
-0.030303 -22945.2 -8.46295
-0.040404 -22924.4 -11.3002
-0.0505051 -22906.4 -14.1413
-0.0606061 -22888.6 -16.9868
-0.0707071 -22873.6 -19.9007
-0.0808081 -22858.9 -22.8211
-0.0909091 -22846.8 -25.8171
-0.10101 -22835 -28.8204
-0.111111 -22825.7 -31.8881
-0.121212 -22816.6 -34.9629
-0.131313 -22809.6 -38.0889
-0.141414 -22802.9 -41.2217
-0.151515 -22798 -44.3955
-0.161616 -22793.3 -47.5757
-0.171717 -22790.2 -50.7898
-0.181818 -22787.3 -54.0103
-0.191919 -22785.5 -57.2596
-0.20202 -22784 -60.5149
-0.212121 -22783.3 -63.7946
-0.222222 -22782.9 -67.0799
-0.232323 -22783.1 -70.385
-0.242424 -22783.5 -73.6949
-0.252525 -22784.4 -77.02
-0.262626 -22785.3 -80.3486
-0.272727 -22786.6 -83.6876
-0.282828 -22788 -87.0288
-0.292929 -22789.6 -90.3756
-0.30303 -22791.2 -93.723
-0.313131 -22792.9 -97.0716
-0.323232 -22794.7 -100.419
-0.333333 -22796.5 -103.764
-0.343434 -22798.3 -107.106
-0.353535 -22800.2 -110.442
-0.363636 -22802 -113.773
-0.373737 -22803.7 -117.095
-0.383838 -22805.5 -120.411
-0.393939 -22807.2 -123.716
-0.40404 -22808.9 -127.013
-0.414141 -22810.5 -130.298
-0.424242 -22812.1 -133.572
-0.434343 -22813.6 -136.833
-0.444444 -22815.1 -140.082
-0.454545 -22816.6 -143.316
-0.464646 -22818 -146.537
-0.474747 -22819.4 -149.743
-0.484848 -22820.7 -152.934
-0.494949 -22822 -156.109
-0.505051 -22823.3 -159.268
-0.515152 -22824.6 -162.411
-0.525253 -22825.9 -165.536
-0.535354 -22827.1 -168.645
-0.545455 -22828.3 -171.734
-0.555556 -22829.5 -174.807
-0.565657 -22830.8 -177.86
-0.575758 -22832 -180.896
-0.585859 -22833.2 -183.909
-0.59596 -22834.5 -186.906
-0.606061 -22835.7 -189.88
-0.616162 -22837 -192.837
-0.626263 -22838.2 -195.769
-0.636364 -22839.5 -198.685
-0.646465 -22840.9 -201.574
-0.656566 -22842.2 -204.447
-0.666667 -22843.6 -207.293
-0.676768 -22845 -210.123
-0.686869 -22846.4 -212.923
-0.69697 -22847.8 -215.709
-0.707071 -22849.3 -218.464
-0.717172 -22850.8 -221.205
-0.727273 -22852.4 -223.913
-0.737374 -22853.9 -226.609
-0.747475 -22855.5 -229.272
-0.757576 -22857.2 -231.922
-0.767677 -22858.8 -234.539
-0.777778 -22860.5 -237.144
-0.787879 -22862.2 -239.715
-0.79798 -22863.9 -242.276
-0.808081 -22865.6 -244.803
-0.818182 -22867.3 -247.32
-0.828283 -22869 -249.803
-0.838384 -22870.8 -252.278
-0.848485 -22872.4 -254.718
-0.858586 -22874.1 -257.152
-0.868687 -22875.8 -259.551
-0.878788 -22877.4 -261.945
-0.888889 -22878.9 -264.305
-0.89899 -22880.4 -266.66
-0.909091 -22881.8 -268.982
-0.919192 -22883.1 -271.301
-0.929293 -22884.3 -273.587
-0.939394 -22885.5 -275.87
-0.949495 -22886.4 -278.124
-0.959596 -22887.3 -280.375
-0.969697 -22887.8 -282.606
-0.979798 -22888.4 -284.836
-0.989899 -22888.6 -286.995
-1 -22888.8 -289.153
