0 -9360.44 -0.00108145
-0.010101 -10680.6 -11.5621
-0.020202 -10656.9 -23.1377
-0.030303 -10638.9 -35.4797
-0.040404 -10621.1 -47.8284
-0.0505051 -10608.1 -60.338
-0.0606061 -10595.3 -72.8592
-0.0707071 -10586.5 -85.5617
-0.0808081 -10577.9 -98.2768
-0.0909091 -10572.5 -111.136
-0.10101 -10567.3 -124.007
-0.111111 -10564.5 -136.982
-0.121212 -10562 -149.966
-0.131313 -10561.2 -163.024
-0.141414 -10560.7 -176.089
-0.151515 -10561.4 -189.205
-0.161616 -10562.3 -202.328
-0.171717 -10564 -215.485
-0.181818 -10565.9 -228.646
-0.191919 -10568.2 -241.829
-0.20202 -10570.6 -255.013
-0.212121 -10573.3 -268.208
-0.222222 -10576.1 -281.401
-0.232323 -10578.9 -294.594
-0.242424 -10581.7 -307.783
-0.252525 -10584.4 -320.961
-0.262626 -10587.1 -334.133
-0.272727 -10589.7 -347.284
-0.282828 -10592.3 -360.426
-0.292929 -10594.7 -373.54
-0.30303 -10597 -386.64
-0.313131 -10599.1 -399.707
-0.323232 -10601.1 -412.756
-0.333333 -10602.9 -425.767
-0.343434 -10604.7 -438.756
-0.353535 -10606.2 -451.703
-0.363636 -10607.7 -464.625
-0.373737 -10609 -477.5
-0.383838 -10610.3 -490.347
-0.393939 -10611.4 -503.145
-0.40404 -10612.4 -515.91
-0.414141 -10613.3 -528.625
-0.424242 -10614.1 -541.302
-0.434343 -10614.9 -553.928
-0.444444 -10615.6 -566.511
-0.454545 -10616.2 -579.042
-0.464646 -10616.8 -591.527
-0.474747 -10617.3 -603.958
-0.484848 -10617.8 -616.338
-0.494949 -10618.2 -628.664
-0.505051 -10618.6 -640.933
-0.515152 -10619.1 -653.147
-0.525253 -10619.4 -665.301
-0.535354 -10619.8 -677.398
-0.545455 -10620.2 -689.429
-0.555556 -10620.6 -701.404
-0.565657 -10620.9 -713.306
-0.575758 -10621.3 -725.152
-0.585859 -10621.7 -736.919
-0.59596 -10622.1 -748.63
-0.606061 -10622.5 -760.256
-0.616162 -10622.9 -771.825
-0.626263 -10623.4 -783.302
-0.636364 -10623.9 -794.722
-0.646465 -10624.4 -806.043
-0.656566 -10624.9 -817.309
-0.666667 -10625.4 -828.467
-0.676768 -10626 -839.57
-0.686869 -10626.6 -850.557
-0.69697 -10627.2 -861.491
-0.707071 -10627.9 -872.301
-0.717172 -10628.6 -883.058
-0.727273 -10629.4 -893.682
-0.737374 -10630.1 -904.256
-0.747475 -10630.9 -914.688
-0.757576 -10631.8 -925.07
-0.767677 -10632.7 -935.303
-0.777778 -10633.6 -945.488
-0.787879 -10634.6 -955.515
-0.79798 -10635.6 -965.497
-0.808081 -10636.6 -975.311
-0.818182 -10637.7 -985.083
-0.828283 -10638.8 -994.679
-0.838384 -10640 -1004.24
-0.848485 -10641.1 -1013.61
-0.858586 -10642.3 -1022.95
-0.868687 -10643.5 -1032.09
-0.878788 -10644.7 -1041.2
-0.888889 -10645.9 -1050.12
-0.89899 -10647.1 -1059.01
-0.909091 -10648.3 -1067.69
-0.919192 -10649.4 -1076.34
-0.929293 -10650.5 -1084.79
-0.939394 -10651.5 -1093.22
-0.949495 -10652.4 -1101.45
-0.959596 -10653.3 -1109.66
-0.969697 -10653.9 -1117.68
-0.979798 -10654.5 -1125.69
-0.989899 -10654.7 -1133.5
-1 -10655 -1141.3
