0 -9360.44 -0.00108145
-0.010101 -10680.6 -11.5624
-0.020202 -10656.9 -23.1382
-0.030303 -10638.9 -35.4803
-0.040404 -10621.1 -47.8292
-0.0505051 -10608.1 -60.339
-0.0606061 -10595.3 -72.8604
-0.0707071 -10586.5 -85.5629
-0.0808081 -10577.9 -98.278
-0.0909091 -10572.5 -111.137
-0.10101 -10567.3 -124.008
-0.111111 -10564.5 -136.983
-0.121212 -10562 -149.968
-0.131313 -10561.2 -163.025
-0.141414 -10560.7 -176.09
-0.151515 -10561.4 -189.206
-0.161616 -10562.3 -202.329
-0.171717 -10564 -215.485
-0.181818 -10565.9 -228.647
-0.191919 -10568.2 -241.829
-0.20202 -10570.7 -255.014
-0.212121 -10573.3 -268.208
-0.222222 -10576.1 -281.401
-0.232323 -10578.9 -294.593
-0.242424 -10581.7 -307.782
-0.252525 -10584.4 -320.96
-0.262626 -10587.2 -334.131
-0.272727 -10589.8 -347.283
-0.282828 -10592.3 -360.424
-0.292929 -10594.7 -373.538
-0.30303 -10597 -386.637
-0.313131 -10599.1 -399.704
-0.323232 -10601.1 -412.753
-0.333333 -10602.9 -425.763
-0.343434 -10604.7 -438.752
-0.353535 -10606.2 -451.699
-0.363636 -10607.7 -464.619
-0.373737 -10609 -477.495
-0.383838 -10610.3 -490.341
-0.393939 -10611.4 -503.138
-0.40404 -10612.4 -515.903
-0.414141 -10613.3 -528.617
-0.424242 -10614.1 -541.294
-0.434343 -10614.9 -553.919
-0.444444 -10615.6 -566.503
-0.454545 -10616.2 -579.033
-0.464646 -10616.8 -591.517
-0.474747 -10617.3 -603.948
-0.484848 -10617.8 -616.328
-0.494949 -10618.2 -628.652
-0.505051 -10618.7 -640.922
-0.515152 -10619.1 -653.135
-0.525253 -10619.5 -665.288
-0.535354 -10619.8 -677.385
-0.545455 -10620.2 -689.416
-0.555556 -10620.6 -701.39
-0.565657 -10621 -713.292
-0.575758 -10621.3 -725.137
-0.585859 -10621.7 -736.904
-0.59596 -10622.1 -748.614
-0.606061 -10622.5 -760.239
-0.616162 -10623 -771.808
-0.626263 -10623.4 -783.285
-0.636364 -10623.9 -794.705
-0.646465 -10624.4 -806.025
-0.656566 -10624.9 -817.29
-0.666667 -10625.4 -828.448
-0.676768 -10626 -839.551
-0.686869 -10626.6 -850.538
-0.69697 -10627.2 -861.471
-0.707071 -10627.9 -872.281
-0.717172 -10628.6 -883.037
-0.727273 -10629.4 -893.661
-0.737374 -10630.1 -904.234
-0.747475 -10631 -914.666
-0.757576 -10631.8 -925.048
-0.767677 -10632.7 -935.281
-0.777778 -10633.6 -945.466
-0.787879 -10634.6 -955.492
-0.79798 -10635.6 -965.473
-0.808081 -10636.7 -975.287
-0.818182 -10637.7 -985.059
-0.828283 -10638.9 -994.654
-0.838384 -10640 -1004.21
-0.848485 -10641.2 -1013.58
-0.858586 -10642.3 -1022.92
-0.868687 -10643.5 -1032.07
-0.878788 -10644.8 -1041.18
-0.888889 -10646 -1050.09
-0.89899 -10647.2 -1058.98
-0.909091 -10648.3 -1067.66
-0.919192 -10649.5 -1076.32
-0.929293 -10650.5 -1084.77
-0.939394 -10651.6 -1093.2
-0.949495 -10652.4 -1101.42
-0.959596 -10653.3 -1109.63
-0.969697 -10653.9 -1117.65
-0.979798 -10654.5 -1125.66
-0.989899 -10654.7 -1133.47
-1 -10655 -1141.27
