0 22468.5 0.00230274
-0.010101 22860.2 3.1186
-0.020202 22836.5 6.23359
-0.030303 22815.5 9.3906
-0.040404 22794.7 12.5477
-0.0505051 22776.7 15.7059
-0.0606061 22758.9 18.8684
-0.0707071 22744 22.0968
-0.0808081 22729.4 25.3315
-0.0909091 22717.4 28.6393
-0.10101 22705.8 31.954
-0.111111 22696.5 35.3307
-0.121212 22687.6 38.7141
-0.131313 22680.8 42.1467
-0.141414 22674.2 45.5858
-0.151515 22669.5 49.0642
-0.161616 22665 52.5488
-0.171717 22662 56.0662
-0.181818 22659.2 59.5897
-0.191919 22657.6 63.1411
-0.20202 22656.2 66.6985
-0.212121 22655.7 70.2796
-0.222222 22655.3 73.8661
-0.232323 22655.6 77.4719
-0.242424 22656.1 81.0823
-0.252525 22657 84.7074
-0.262626 22658.1 88.3359
-0.272727 22659.4 91.9741
-0.282828 22660.8 95.6142
-0.292929 22662.5 99.2594
-0.30303 22664.1 102.905
-0.313131 22665.9 106.551
-0.323232 22667.7 110.195
-0.333333 22669.5 113.836
-0.343434 22671.3 117.474
-0.353535 22673.1 121.105
-0.363636 22674.9 124.73
-0.373737 22676.7 128.347
-0.383838 22678.4 131.956
-0.393939 22680.1 135.553
-0.40404 22681.7 139.142
-0.414141 22683.3 142.718
-0.424242 22684.8 146.283
-0.434343 22686.3 149.834
-0.444444 22687.8 153.373
-0.454545 22689.2 156.896
-0.464646 22690.6 160.405
-0.474747 22691.9 163.899
-0.484848 22693.2 167.378
-0.494949 22694.5 170.84
-0.505051 22695.7 174.285
-0.515152 22697 177.714
-0.525253 22698.2 181.124
-0.535354 22699.4 184.518
-0.545455 22700.5 187.891
-0.555556 22701.7 191.248
-0.565657 22702.9 194.583
-0.575758 22704.1 197.902
-0.585859 22705.2 201.198
-0.59596 22706.4 204.476
-0.606061 22707.6 207.731
-0.616162 22708.8 210.968
-0.626263 22710.1 214.18
-0.636364 22711.3 217.375
-0.646465 22712.6 220.541
-0.656566 22713.9 223.693
-0.666667 22715.2 226.814
-0.676768 22716.6 229.92
-0.686869 22718 232.995
-0.69697 22719.4 236.054
-0.707071 22720.9 239.081
-0.717172 22722.3 242.094
-0.727273 22723.8 245.073
-0.737374 22725.4 248.038
-0.747475 22727 250.968
-0.757576 22728.6 253.885
-0.767677 22730.2 256.766
-0.777778 22731.8 259.635
-0.787879 22733.5 262.467
-0.79798 22735.2 265.289
-0.808081 22736.9 268.073
-0.818182 22738.6 270.847
-0.828283 22740.3 273.584
-0.838384 22742 276.312
-0.848485 22743.7 279.002
-0.858586 22745.4 281.685
-0.868687 22747 284.33
-0.878788 22748.6 286.968
-0.888889 22750.1 289.569
-0.89899 22751.6 292.164
-0.909091 22753 294.722
-0.919192 22754.4 297.275
-0.929293 22755.5 299.791
-0.939394 22756.7 302.304
-0.949495 22757.6 304.783
-0.959596 22758.5 307.259
-0.969697 22759.1 309.711
-0.979798 22759.7 312.161
-0.989899 22759.9 314.532
-1 22760.1 316.902
