0 -671.876 -9.74208e-05
-0.010101 795.635 13.0348
-0.020202 778.685 26.0891
-0.030303 767.493 40.096
-0.040404 756.488 54.1113
-0.0505051 749.983 68.3274
-0.0606061 743.695 82.5556
-0.0707071 740.805 96.9747
-0.0808081 738.129 111.406
-0.0909091 737.917 125.977
-0.10101 737.894 140.559
-0.111111 739.567 155.237
-0.121212 741.388 169.923
-0.131313 744.294 184.672
-0.141414 747.299 199.428
-0.151515 750.917 214.225
-0.161616 754.585 229.026
-0.171717 758.515 243.852
-0.181818 762.447 258.681
-0.191919 766.392 273.519
-0.20202 770.297 288.358
-0.212121 774.047 303.194
-0.222222 777.725 318.028
-0.232323 781.145 332.848
-0.242424 784.467 347.661
-0.252525 787.478 362.453
-0.262626 790.373 377.233
-0.272727 792.941 391.983
-0.282828 795.385 406.719
-0.292929 797.508 421.417
-0.30303 799.505 436.098
-0.313131 801.206 450.735
-0.323232 802.783 465.351
-0.333333 804.099 479.92
-0.343434 805.298 494.463
-0.353535 806.273 508.956
-0.363636 807.144 523.419
-0.373737 807.828 537.83
-0.383838 808.42 552.207
-0.393939 808.862 566.529
-0.40404 809.227 580.814
-0.414141 809.474 595.042
-0.424242 809.658 609.228
-0.434343 809.754 623.357
-0.444444 809.799 637.44
-0.454545 809.78 651.464
-0.464646 809.723 665.437
-0.474747 809.622 679.35
-0.484848 809.495 693.207
-0.494949 809.339 707.004
-0.505051 809.166 720.74
-0.515152 808.977 734.414
-0.525253 808.779 748.022
-0.535354 808.574 761.568
-0.545455 808.369 775.041
-0.555556 808.162 788.452
-0.565657 807.961 801.783
-0.575758 807.763 815.051
-0.585859 807.576 828.233
-0.59596 807.396 841.353
-0.606061 807.23 854.378
-0.616162 807.074 867.341
-0.626263 806.937 880.202
-0.636364 806.812 893
-0.646465 806.708 905.688
-0.656566 806.618 918.314
-0.666667 806.555 930.82
-0.676768 806.505 943.265
-0.686869 806.487 955.581
-0.69697 806.483 967.836
-0.707071 806.516 979.953
-0.717172 806.565 992.01
-0.727273 806.655 1003.92
-0.737374 806.763 1015.77
-0.747475 806.918 1027.46
-0.757576 807.09 1039.1
-0.767677 807.317 1050.56
-0.777778 807.561 1061.97
-0.787879 807.865 1073.2
-0.79798 808.186 1084.38
-0.808081 808.571 1095.37
-0.818182 808.973 1106.3
-0.828283 809.442 1117.04
-0.838384 809.926 1127.73
-0.848485 810.475 1138.21
-0.858586 811.037 1148.64
-0.868687 811.658 1158.86
-0.878788 812.288 1169.03
-0.888889 812.963 1178.97
-0.89899 813.644 1188.88
-0.909091 814.344 1198.55
-0.919192 815.046 1208.2
-0.929293 815.729 1217.59
-0.939394 816.41 1226.97
-0.949495 817.016 1236.09
-0.959596 817.617 1245.21
-0.969697 818.067 1254.1
-0.979798 818.511 1262.97
-0.989899 818.689 1271.63
-1 818.86 1280.28
