0 -15517.9 -0.00175574
-0.010101 -14368.8 10.4542
-0.020202 -14369.4 20.9297
-0.030303 -14366.2 32.2872
-0.040404 -14362.9 43.6526
-0.0505051 -14357.2 55.2045
-0.0606061 -14351.4 66.765
-0.0707071 -14344.3 78.4603
-0.0808081 -14337.1 90.1628
-0.0909091 -14329.4 101.948
-0.10101 -14321.6 113.738
-0.111111 -14313.9 125.575
-0.121212 -14306.2 137.416
-0.131313 -14298.9 149.283
-0.141414 -14291.6 161.151
-0.151515 -14285 173.031
-0.161616 -14278.5 184.911
-0.171717 -14272.7 196.791
-0.181818 -14267 208.67
-0.191919 -14262.2 220.539
-0.20202 -14257.5 232.404
-0.212121 -14253.5 244.251
-0.222222 -14249.7 256.091
-0.232323 -14246.7 267.906
-0.242424 -14243.8 279.711
-0.252525 -14241.5 291.485
-0.262626 -14239.4 303.246
-0.272727 -14237.8 314.972
-0.282828 -14236.4 326.682
-0.292929 -14235.5 338.354
-0.30303 -14234.6 350.008
-0.313131 -14234.2 361.621
-0.323232 -14233.8 373.215
-0.333333 -14233.8 384.765
-0.343434 -14233.9 396.293
-0.353535 -14234.1 407.778
-0.363636 -14234.5 419.237
-0.373737 -14235 430.653
-0.383838 -14235.6 442.041
-0.393939 -14236.3 453.385
-0.40404 -14237.1 464.698
-0.414141 -14237.9 475.967
-0.424242 -14238.8 487.203
-0.434343 -14239.7 498.393
-0.444444 -14240.6 509.547
-0.454545 -14241.6 520.656
-0.464646 -14242.6 531.725
-0.474747 -14243.6 542.748
-0.484848 -14244.6 553.728
-0.494949 -14245.6 564.661
-0.505051 -14246.6 575.547
-0.515152 -14247.6 586.386
-0.525253 -14248.7 597.174
-0.535354 -14249.7 607.914
-0.545455 -14250.7 618.598
-0.555556 -14251.7 629.234
-0.565657 -14252.7 639.809
-0.575758 -14253.6 650.335
-0.585859 -14254.6 660.795
-0.59596 -14255.6 671.206
-0.606061 -14256.6 681.544
-0.616162 -14257.6 691.833
-0.626263 -14258.5 702.043
-0.636364 -14259.5 712.205
-0.646465 -14260.5 722.28
-0.656566 -14261.4 732.306
-0.666667 -14262.4 742.239
-0.676768 -14263.4 752.123
-0.686869 -14264.3 761.905
-0.69697 -14265.3 771.64
-0.707071 -14266.2 781.264
-0.717172 -14267.2 790.842
-0.727273 -14268.1 800.3
-0.737374 -14269 809.712
-0.747475 -14269.9 818.995
-0.757576 -14270.8 828.233
-0.767677 -14271.7 837.333
-0.777778 -14272.6 846.39
-0.787879 -14273.4 855.298
-0.79798 -14274.2 864.164
-0.808081 -14275 872.872
-0.818182 -14275.7 881.54
-0.828283 -14276.4 890.039
-0.838384 -14277.1 898.501
-0.848485 -14277.7 906.785
-0.858586 -14278.3 915.034
-0.868687 -14278.7 923.094
-0.878788 -14279.2 931.124
-0.888889 -14279.6 938.955
-0.89899 -14279.9 946.759
-0.909091 -14280.2 954.358
-0.919192 -14280.4 961.934
-0.929293 -14280.5 969.298
-0.939394 -14280.6 976.643
-0.949495 -14280.7 983.777
-0.959596 -14280.7 990.897
-0.969697 -14280.6 997.818
-0.979798 -14280.6 1004.73
-0.989899 -14280.6 1011.48
-1 -14280.5 1018.22
