0 16129.6 0.00164394
-0.010101 17156.2 8.84569
-0.020202 17130.3 17.6986
-0.030303 17109.2 27.0671
-0.040404 17088.3 36.44
-0.0505051 17071.8 45.9205
-0.0606061 17055.6 55.4104
-0.0707071 17043.2 65.0496
-0.0808081 17031 74.7
-0.0909091 17022.1 84.4784
-0.10101 17013.5 94.2676
-0.111111 17007.6 104.153
-0.121212 17001.9 114.049
-0.131313 16998.3 124.015
-0.141414 16995 133.989
-0.151515 16993.3 144.014
-0.161616 16991.9 154.046
-0.171717 16991.6 164.116
-0.181818 16991.5 174.192
-0.191919 16992.3 184.294
-0.20202 16993.2 194.4
-0.212121 16994.7 204.523
-0.222222 16996.3 214.648
-0.232323 16998.3 224.781
-0.242424 17000.3 234.914
-0.252525 17002.5 245.047
-0.262626 17004.7 255.176
-0.272727 17007 265.297
-0.282828 17009.2 275.412
-0.292929 17011.5 285.512
-0.30303 17013.7 295.603
-0.313131 17015.9 305.672
-0.323232 17018 315.729
-0.333333 17020 325.76
-0.343434 17021.9 335.775
-0.353535 17023.8 345.759
-0.363636 17025.5 355.725
-0.373737 17027.2 365.657
-0.383838 17028.8 375.566
-0.393939 17030.3 385.439
-0.40404 17031.7 395.287
-0.414141 17033 405.096
-0.424242 17034.2 414.876
-0.434343 17035.4 424.616
-0.444444 17036.5 434.323
-0.454545 17037.6 443.989
-0.464646 17038.6 453.619
-0.474747 17039.5 463.206
-0.484848 17040.4 472.754
-0.494949 17041.3 482.258
-0.505051 17042.2 491.719
-0.515152 17043 501.136
-0.525253 17043.8 510.505
-0.535354 17044.6 519.83
-0.545455 17045.4 529.104
-0.555556 17046.2 538.332
-0.565657 17047 547.504
-0.575758 17047.7 556.632
-0.585859 17048.5 565.698
-0.59596 17049.3 574.72
-0.606061 17050.2 583.675
-0.616162 17051 592.586
-0.626263 17051.9 601.425
-0.636364 17052.7 610.22
-0.646465 17053.6 618.937
-0.656566 17054.6 627.612
-0.666667 17055.5 636.203
-0.676768 17056.5 644.751
-0.686869 17057.6 653.21
-0.69697 17058.6 661.627
-0.707071 17059.7 669.949
-0.717172 17060.8 678.231
-0.727273 17062 686.411
-0.737374 17063.2 694.551
-0.747475 17064.5 702.584
-0.757576 17065.7 710.579
-0.767677 17067 718.461
-0.777778 17068.4 726.306
-0.787879 17069.8 734.032
-0.79798 17071.2 741.724
-0.808081 17072.6 749.291
-0.818182 17074.1 756.826
-0.828283 17075.6 764.229
-0.838384 17077.1 771.604
-0.848485 17078.6 778.842
-0.858586 17080.1 786.054
-0.868687 17081.6 793.125
-0.878788 17083.1 800.172
-0.888889 17084.6 807.073
-0.89899 17086.1 813.954
-0.909091 17087.4 820.685
-0.919192 17088.8 827.399
-0.929293 17090 833.961
-0.939394 17091.2 840.51
-0.949495 17092.2 846.91
-0.959596 17093.1 853.299
-0.969697 17093.8 859.556
-0.979798 17094.4 865.807
-0.989899 17094.7 871.891
-1 17094.9 877.972
