0 -17085.2 -0.00201554
-0.010101 -16024.6 9.69369
-0.020202 -16022.7 19.4083
-0.030303 -16017.6 29.9624
-0.040404 -16012.3 40.5239
-0.0505051 -16005.1 51.2633
-0.0606061 -15997.8 62.0105
-0.0707071 -15989.5 72.8798
-0.0808081 -15981.2 83.7553
-0.0909091 -15972.6 94.7019
-0.10101 -15964 105.653
-0.111111 -15955.7 116.643
-0.121212 -15947.4 127.635
-0.131313 -15939.7 138.647
-0.141414 -15932.1 149.66
-0.151515 -15925.3 160.68
-0.161616 -15918.6 171.699
-0.171717 -15912.8 182.716
-0.181818 -15907.1 193.73
-0.191919 -15902.3 204.733
-0.20202 -15897.6 215.73
-0.212121 -15893.8 226.709
-0.222222 -15890.2 237.68
-0.232323 -15887.2 248.625
-0.242424 -15884.5 259.56
-0.252525 -15882.4 270.465
-0.262626 -15880.5 281.357
-0.272727 -15879.2 292.214
-0.282828 -15878 303.056
-0.292929 -15877.2 313.861
-0.30303 -15876.6 324.649
-0.313131 -15876.3 335.397
-0.323232 -15876.2 346.127
-0.333333 -15876.3 356.816
-0.343434 -15876.6 367.484
-0.353535 -15877 378.112
-0.363636 -15877.5 388.716
-0.373737 -15878.2 399.279
-0.383838 -15878.9 409.816
-0.393939 -15879.8 420.312
-0.40404 -15880.7 430.78
-0.414141 -15881.6 441.206
-0.424242 -15882.6 451.602
-0.434343 -15883.7 461.956
-0.444444 -15884.7 472.277
-0.454545 -15885.8 482.556
-0.464646 -15886.9 492.798
-0.474747 -15888 502.998
-0.484848 -15889.1 513.158
-0.494949 -15890.2 523.275
-0.505051 -15891.3 533.349
-0.515152 -15892.4 543.38
-0.525253 -15893.4 553.363
-0.535354 -15894.5 563.303
-0.545455 -15895.6 573.191
-0.555556 -15896.7 583.034
-0.565657 -15897.8 592.822
-0.575758 -15898.8 602.564
-0.585859 -15899.9 612.246
-0.59596 -15901 621.882
-0.606061 -15902 631.452
-0.616162 -15903.1 640.976
-0.626263 -15904.1 650.428
-0.636364 -15905.2 659.834
-0.646465 -15906.2 669.161
-0.656566 -15907.3 678.442
-0.666667 -15908.3 687.638
-0.676768 -15909.4 696.788
-0.686869 -15910.5 705.845
-0.69697 -15911.5 714.857
-0.707071 -15912.6 723.767
-0.717172 -15913.6 732.633
-0.727273 -15914.7 741.389
-0.737374 -15915.7 750.102
-0.747475 -15916.7 758.696
-0.757576 -15917.8 767.248
-0.767677 -15918.8 775.672
-0.777778 -15919.8 784.055
-0.787879 -15920.7 792.299
-0.79798 -15921.7 800.505
-0.808081 -15922.6 808.564
-0.818182 -15923.5 816.585
-0.828283 -15924.3 824.448
-0.838384 -15925.1 832.277
-0.848485 -15925.8 839.939
-0.858586 -15926.6 847.569
-0.868687 -15927.2 855.022
-0.878788 -15927.8 862.446
-0.888889 -15928.3 869.685
-0.89899 -15928.8 876.898
-0.909091 -15929.2 883.918
-0.919192 -15929.5 890.917
-0.929293 -15929.7 897.717
-0.939394 -15930 904.5
-0.949495 -15930.1 911.083
-0.959596 -15930.2 917.654
-0.969697 -15930.2 924.036
-0.979798 -15930.2 930.411
-0.989899 -15930.2 936.636
-1 -15930.2 942.858
