0 -2035.05 -0.000231971
-0.010101 -3490.16 -12.8796
-0.020202 -3471.06 -25.7774
-0.030303 -3457.8 -39.5952
-0.040404 -3444.75 -53.4212
-0.0505051 -3436.35 -67.4409
-0.0606061 -3428.19 -81.473
-0.0707071 -3423.63 -95.6969
-0.0808081 -3419.31 -109.933
-0.0909091 -3417.68 -124.314
-0.10101 -3416.26 -138.705
-0.111111 -3416.75 -153.197
-0.121212 -3417.43 -167.697
-0.131313 -3419.4 -182.264
-0.141414 -3421.5 -196.838
-0.151515 -3424.4 -211.457
-0.161616 -3427.38 -226.082
-0.171717 -3430.79 -240.734
-0.181818 -3434.23 -255.388
-0.191919 -3437.81 -270.057
-0.20202 -3441.39 -284.726
-0.212121 -3444.93 -299.396
-0.222222 -3448.41 -314.063
-0.232323 -3451.73 -328.721
-0.242424 -3454.97 -343.372
-0.252525 -3457.97 -358.004
-0.262626 -3460.87 -372.626
-0.272727 -3463.5 -387.22
-0.282828 -3466.01 -401.801
-0.292929 -3468.24 -416.346
-0.30303 -3470.36 -430.874
-0.313131 -3472.2 -445.361
-0.323232 -3473.93 -459.827
-0.333333 -3475.41 -474.248
-0.343434 -3476.78 -488.643
-0.353535 -3477.93 -502.99
-0.363636 -3478.98 -517.307
-0.373737 -3479.85 -531.573
-0.383838 -3480.63 -545.806
-0.393939 -3481.26 -559.984
-0.40404 -3481.81 -574.126
-0.414141 -3482.24 -588.212
-0.424242 -3482.6 -602.256
-0.434343 -3482.87 -616.244
-0.444444 -3483.1 -630.185
-0.454545 -3483.25 -644.069
-0.464646 -3483.36 -657.901
-0.474747 -3483.43 -671.675
-0.484848 -3483.47 -685.393
-0.494949 -3483.47 -699.051
-0.505051 -3483.46 -712.648
-0.515152 -3483.43 -726.184
-0.525253 -3483.38 -739.654
-0.535354 -3483.33 -753.063
-0.545455 -3483.28 -766.399
-0.555556 -3483.23 -779.673
-0.565657 -3483.18 -792.868
-0.575758 -3483.13 -806.001
-0.585859 -3483.1 -819.048
-0.59596 -3483.07 -832.033
-0.606061 -3483.06 -844.925
-0.616162 -3483.06 -857.754
-0.626263 -3483.08 -870.483
-0.636364 -3483.11 -883.149
-0.646465 -3483.17 -895.706
-0.656566 -3483.24 -908.201
-0.666667 -3483.34 -920.577
-0.676768 -3483.46 -932.893
-0.686869 -3483.61 -945.082
-0.69697 -3483.78 -957.21
-0.707071 -3483.98 -969.201
-0.717172 -3484.21 -981.134
-0.727273 -3484.48 -992.919
-0.737374 -3484.77 -1004.65
-0.747475 -3485.11 -1016.22
-0.757576 -3485.46 -1027.73
-0.767677 -3485.88 -1039.08
-0.777778 -3486.31 -1050.37
-0.787879 -3486.8 -1061.49
-0.79798 -3487.31 -1072.56
-0.808081 -3487.89 -1083.43
-0.818182 -3488.48 -1094.26
-0.828283 -3489.13 -1104.89
-0.838384 -3489.8 -1115.47
-0.848485 -3490.53 -1125.85
-0.858586 -3491.27 -1136.19
-0.868687 -3492.06 -1146.3
-0.878788 -3492.86 -1156.38
-0.888889 -3493.69 -1166.23
-0.89899 -3494.53 -1176.05
-0.909091 -3495.36 -1185.64
-0.919192 -3496.2 -1195.2
-0.929293 -3496.99 -1204.51
-0.939394 -3497.79 -1213.81
-0.949495 -3498.48 -1222.87
-0.959596 -3499.16 -1231.91
-0.969697 -3499.66 -1240.73
-0.979798 -3500.16 -1249.54
-0.989899 -3500.36 -1258.13
-1 -3500.54 -1266.71
