0 7580.37 0.000945685
-0.010101 6170.47 -12.6362
-0.020202 6180.87 -25.2941
-0.030303 6186.09 -38.9304
-0.040404 6191.15 -52.5752
-0.0505051 6192.41 -66.4268
-0.0606061 6193.51 -80.2897
-0.0707071 6191.94 -94.3294
-0.0808081 6190.23 -108.38
-0.0909091 6186.78 -122.552
-0.10101 6183.21 -136.734
-0.111111 6178.63 -150.994
-0.121212 6173.98 -165.261
-0.131313 6168.84 -179.579
-0.141414 6163.7 -193.901
-0.151515 6158.46 -208.253
-0.161616 6153.25 -222.608
-0.171717 6148.22 -236.978
-0.181818 6143.26 -251.348
-0.191919 6138.65 -265.721
-0.20202 6134.14 -280.091
-0.212121 6130.06 -294.453
-0.222222 6126.12 -308.808
-0.232323 6122.65 -323.145
-0.242424 6119.33 -337.473
-0.252525 6116.47 -351.774
-0.262626 6113.77 -366.062
-0.272727 6111.5 -380.316
-0.282828 6109.39 -394.554
-0.292929 6107.67 -408.752
-0.30303 6106.1 -422.931
-0.313131 6104.87 -437.066
-0.323232 6103.77 -451.178
-0.333333 6102.96 -465.243
-0.343434 6102.27 -479.281
-0.353535 6101.82 -493.27
-0.363636 6101.47 -507.23
-0.373737 6101.3 -521.137
-0.383838 6101.22 -535.012
-0.393939 6101.28 -548.834
-0.40404 6101.41 -562.619
-0.414141 6101.65 -576.349
-0.424242 6101.94 -590.04
-0.434343 6102.31 -603.675
-0.444444 6102.72 -617.265
-0.454545 6103.18 -630.8
-0.464646 6103.67 -644.285
-0.474747 6104.2 -657.714
-0.484848 6104.74 -671.089
-0.494949 6105.3 -684.406
-0.505051 6105.88 -697.665
-0.515152 6106.46 -710.866
-0.525253 6107.04 -724.003
-0.535354 6107.63 -737.081
-0.545455 6108.22 -750.089
-0.555556 6108.81 -763.038
-0.565657 6109.39 -775.911
-0.575758 6109.96 -788.724
-0.585859 6110.53 -801.455
-0.59596 6111.09 -814.125
-0.606061 6111.64 -826.706
-0.616162 6112.19 -839.226
-0.626263 6112.72 -851.649
-0.636364 6113.24 -864.012
-0.646465 6113.75 -876.268
-0.656566 6114.25 -888.465
-0.666667 6114.74 -900.548
-0.676768 6115.21 -912.571
-0.686869 6115.67 -924.47
-0.69697 6116.11 -936.31
-0.707071 6116.53 -948.017
-0.717172 6116.94 -959.666
-0.727273 6117.31 -971.171
-0.737374 6117.68 -982.62
-0.747475 6118 -993.914
-0.757576 6118.32 -1005.15
-0.767677 6118.59 -1016.23
-0.777778 6118.84 -1027.25
-0.787879 6119.04 -1038.09
-0.79798 6119.23 -1048.89
-0.808081 6119.35 -1059.49
-0.818182 6119.46 -1070.05
-0.828283 6119.5 -1080.41
-0.838384 6119.52 -1090.73
-0.848485 6119.46 -1100.83
-0.858586 6119.39 -1110.9
-0.868687 6119.25 -1120.74
-0.878788 6119.09 -1130.55
-0.888889 6118.85 -1140.12
-0.89899 6118.61 -1149.67
-0.909091 6118.3 -1158.97
-0.919192 6117.99 -1168.25
-0.929293 6117.63 -1177.28
-0.939394 6117.28 -1186.29
-0.949495 6116.93 -1195.06
-0.959596 6116.58 -1203.81
-0.969697 6116.29 -1212.34
-0.979798 6116 -1220.85
-0.989899 6115.88 -1229.15
-1 6115.77 -1237.45
