0 19009.6 0.00203177
-0.010101 19827.7 6.94784
-0.020202 19801.8 13.8989
-0.030303 19780.1 21.2047
-0.040404 19758.5 28.5136
-0.0505051 19741 35.8958
-0.0606061 19723.6 43.2859
-0.0707071 19709.9 50.8006
-0.0808081 19696.4 58.3252
-0.0909091 19686.1 65.9631
-0.10101 19676 73.6106
-0.111111 19668.6 81.3463
-0.121212 19661.5 89.0909
-0.131313 19656.6 96.9012
-0.141414 19652 104.719
-0.151515 19649.1 112.587
-0.161616 19646.4 120.461
-0.171717 19645.1 128.373
-0.181818 19644 136.291
-0.191919 19643.9 144.237
-0.20202 19643.9 152.188
-0.212121 19644.7 160.16
-0.222222 19645.6 168.134
-0.232323 19647 176.121
-0.242424 19648.5 184.11
-0.252525 19650.3 192.103
-0.262626 19652.1 200.096
-0.272727 19654.1 208.087
-0.282828 19656.1 216.075
-0.292929 19658.2 224.055
-0.30303 19660.3 232.029
-0.313131 19662.4 239.989
-0.323232 19664.4 247.94
-0.333333 19666.4 255.872
-0.343434 19668.4 263.793
-0.353535 19670.3 271.692
-0.363636 19672.1 279.576
-0.373737 19673.9 287.434
-0.383838 19675.5 295.275
-0.393939 19677.2 303.087
-0.40404 19678.7 310.879
-0.414141 19680.2 318.641
-0.424242 19681.6 326.38
-0.434343 19682.9 334.087
-0.444444 19684.2 341.768
-0.454545 19685.5 349.416
-0.464646 19686.6 357.035
-0.474747 19687.8 364.62
-0.484848 19688.9 372.173
-0.494949 19689.9 379.692
-0.505051 19691 387.175
-0.515152 19692 394.623
-0.525253 19693 402.032
-0.535354 19694 409.406
-0.545455 19695 416.738
-0.555556 19695.9 424.035
-0.565657 19696.9 431.286
-0.575758 19697.9 438.501
-0.585859 19698.8 445.667
-0.59596 19699.8 452.797
-0.606061 19700.8 459.875
-0.616162 19701.9 466.916
-0.626263 19702.9 473.9
-0.636364 19703.9 480.849
-0.646465 19705 487.737
-0.656566 19706.1 494.589
-0.666667 19707.3 501.376
-0.676768 19708.5 508.128
-0.686869 19709.7 514.81
-0.69697 19710.9 521.459
-0.707071 19712.2 528.033
-0.717172 19713.5 534.574
-0.727273 19714.8 541.036
-0.737374 19716.2 547.467
-0.747475 19717.6 553.813
-0.757576 19719 560.13
-0.767677 19720.5 566.358
-0.777778 19722 572.559
-0.787879 19723.6 578.666
-0.79798 19725.1 584.747
-0.808081 19726.7 590.732
-0.818182 19728.3 596.692
-0.828283 19730 602.552
-0.838384 19731.6 608.389
-0.848485 19733.2 614.123
-0.858586 19734.8 619.836
-0.868687 19736.4 625.442
-0.878788 19738 631.031
-0.888889 19739.6 636.51
-0.89899 19741.1 641.973
-0.909091 19742.5 647.324
-0.919192 19743.9 652.662
-0.929293 19745.1 657.886
-0.939394 19746.4 663.101
-0.949495 19747.3 668.205
-0.959596 19748.3 673.301
-0.969697 19749 678.301
-0.979798 19749.6 683.296
-0.989899 19749.8 688.155
-1 19750.1 693.01
