0 -4969.85 -0.000626666
-0.010101 -3522.55 12.9258
-0.020202 -3535.61 25.8727
-0.030303 -3543.21 39.7983
-0.040404 -3550.64 53.7325
-0.0505051 -3553.96 67.8733
-0.0606061 -3557.09 82.0258
-0.0707071 -3557.24 96.3624
-0.0808081 -3557.22 110.71
-0.0909091 -3555.16 125.189
-0.10101 -3552.95 139.677
-0.111111 -3549.45 154.251
-0.121212 -3545.86 168.833
-0.131313 -3541.54 183.471
-0.141414 -3537.17 198.114
-0.151515 -3532.51 212.791
-0.161616 -3527.84 227.473
-0.171717 -3523.19 242.173
-0.181818 -3518.58 256.874
-0.191919 -3514.17 271.581
-0.20202 -3509.85 286.286
-0.212121 -3505.86 300.985
-0.222222 -3501.98 315.679
-0.232323 -3498.49 330.356
-0.242424 -3495.13 345.025
-0.252525 -3492.18 359.668
-0.262626 -3489.38 374.3
-0.272727 -3486.97 388.898
-0.282828 -3484.71 403.481
-0.292929 -3482.81 418.024
-0.30303 -3481.06 432.549
-0.313131 -3479.63 447.029
-0.323232 -3478.34 461.487
-0.333333 -3477.32 475.897
-0.343434 -3476.43 490.281
-0.353535 -3475.76 504.614
-0.363636 -3475.21 518.918
-0.373737 -3474.84 533.169
-0.383838 -3474.55 547.386
-0.393939 -3474.42 561.549
-0.40404 -3474.36 575.674
-0.414141 -3474.41 589.744
-0.424242 -3474.52 603.773
-0.434343 -3474.71 617.744
-0.444444 -3474.95 631.67
-0.454545 -3475.25 645.539
-0.464646 -3475.57 659.357
-0.474747 -3475.94 673.116
-0.484848 -3476.32 686.821
-0.494949 -3476.73 700.466
-0.505051 -3477.16 714.051
-0.515152 -3477.59 727.576
-0.525253 -3478.03 741.035
-0.535354 -3478.48 754.433
-0.545455 -3478.92 767.76
-0.555556 -3479.37 781.026
-0.565657 -3479.81 794.213
-0.575758 -3480.24 807.339
-0.585859 -3480.67 820.38
-0.59596 -3481.09 833.359
-0.606061 -3481.49 846.246
-0.616162 -3481.89 859.071
-0.626263 -3482.28 871.795
-0.636364 -3482.65 884.458
-0.646465 -3483.01 897.013
-0.656566 -3483.35 909.505
-0.666667 -3483.68 921.88
-0.676768 -3483.99 934.195
-0.686869 -3484.28 946.382
-0.69697 -3484.56 958.509
-0.707071 -3484.8 970.499
-0.717172 -3485.04 982.43
-0.727273 -3485.24 994.213
-0.737374 -3485.42 1005.94
-0.747475 -3485.57 1017.51
-0.757576 -3485.69 1029.02
-0.767677 -3485.77 1040.36
-0.777778 -3485.83 1051.65
-0.787879 -3485.84 1062.76
-0.79798 -3485.83 1073.82
-0.808081 -3485.76 1084.68
-0.818182 -3485.67 1095.5
-0.828283 -3485.51 1106.12
-0.838384 -3485.33 1116.69
-0.848485 -3485.08 1127.04
-0.858586 -3484.82 1137.36
-0.868687 -3484.49 1147.45
-0.878788 -3484.14 1157.5
-0.888889 -3483.74 1167.32
-0.89899 -3483.32 1177.11
-0.909091 -3482.86 1186.65
-0.919192 -3482.39 1196.17
-0.929293 -3481.9 1205.44
-0.939394 -3481.42 1214.69
-0.949495 -3480.96 1223.69
-0.959596 -3480.51 1232.67
-0.969697 -3480.16 1241.43
-0.979798 -3479.81 1250.17
-0.989899 -3479.66 1258.7
-1 -3479.52 1267.23
