0 9598.71 0.00119242
-0.010101 8232.1 -12.285
-0.020202 8240.27 -24.5919
-0.030303 8243.53 -37.8677
-0.040404 8246.65 -51.152
-0.0505051 8246.26 -64.6413
-0.0606061 8245.71 -78.1413
-0.0707071 8242.79 -91.8106
-0.0808081 8239.73 -105.49
-0.0909091 8235.2 -119.283
-0.10101 8230.58 -133.085
-0.111111 8225.17 -146.96
-0.121212 8219.72 -160.84
-0.131313 8213.99 -174.765
-0.141414 8208.27 -188.695
-0.151515 8202.62 -202.651
-0.161616 8197.02 -216.609
-0.171717 8191.74 -230.578
-0.181818 8186.55 -244.548
-0.191919 8181.81 -258.517
-0.20202 8177.19 -272.484
-0.212121 8173.09 -286.439
-0.222222 8169.14 -300.388
-0.232323 8165.71 -314.316
-0.242424 8162.45 -328.236
-0.252525 8159.69 -342.127
-0.262626 8157.09 -356.005
-0.272727 8154.96 -369.848
-0.282828 8152.99 -383.675
-0.292929 8151.43 -397.462
-0.30303 8150.02 -411.23
-0.313131 8148.96 -424.954
-0.323232 8148.04 -438.656
-0.333333 8147.4 -452.311
-0.343434 8146.88 -465.94
-0.353535 8146.59 -479.52
-0.363636 8146.41 -493.072
-0.373737 8146.41 -506.573
-0.383838 8146.49 -520.042
-0.393939 8146.7 -533.459
-0.40404 8146.99 -546.841
-0.414141 8147.37 -560.17
-0.424242 8147.81 -573.46
-0.434343 8148.32 -586.696
-0.444444 8148.86 -599.889
-0.454545 8149.45 -613.027
-0.464646 8150.07 -626.119
-0.474747 8150.72 -639.155
-0.484848 8151.38 -652.14
-0.494949 8152.06 -665.068
-0.505051 8152.75 -677.941
-0.515152 8153.44 -690.756
-0.525253 8154.14 -703.51
-0.535354 8154.84 -716.208
-0.545455 8155.53 -728.837
-0.555556 8156.22 -741.409
-0.565657 8156.91 -753.908
-0.575758 8157.6 -766.349
-0.585859 8158.27 -778.71
-0.59596 8158.94 -791.013
-0.606061 8159.61 -803.229
-0.616162 8160.26 -815.386
-0.626263 8160.91 -827.449
-0.636364 8161.55 -839.454
-0.646465 8162.17 -851.356
-0.656566 8162.79 -863.201
-0.666667 8163.4 -874.934
-0.676768 8164 -886.609
-0.686869 8164.58 -898.164
-0.69697 8165.15 -909.663
-0.707071 8165.7 -921.031
-0.717172 8166.25 -932.343
-0.727273 8166.76 -943.516
-0.737374 8167.27 -954.634
-0.747475 8167.74 -965.601
-0.757576 8168.2 -976.515
-0.767677 8168.62 -987.268
-0.777778 8169.02 -997.97
-0.787879 8169.38 -1008.5
-0.79798 8169.72 -1018.98
-0.808081 8170 -1029.28
-0.818182 8170.26 -1039.53
-0.828283 8170.46 -1049.58
-0.838384 8170.64 -1059.6
-0.848485 8170.74 -1069.4
-0.858586 8170.82 -1079.17
-0.868687 8170.82 -1088.72
-0.878788 8170.81 -1098.24
-0.888889 8170.72 -1107.53
-0.89899 8170.62 -1116.79
-0.909091 8170.44 -1125.81
-0.919192 8170.25 -1134.81
-0.929293 8170.01 -1143.57
-0.939394 8169.76 -1152.3
-0.949495 8169.5 -1160.8
-0.959596 8169.23 -1169.28
-0.969697 8169 -1177.54
-0.979798 8168.77 -1185.78
-0.989899 8168.67 -1193.83
-1 8168.57 -1201.87
