0 -23350.1 -0.00239869
-0.010101 -23510.7 -1.04029
-0.020202 -23488.9 -2.07373
-0.030303 -23469 -2.99859
-0.040404 -23449.2 -3.92244
-0.0505051 -23431.6 -4.82194
-0.0606061 -23414.2 -5.7242
-0.0707071 -23399.3 -6.66972
-0.0808081 -23384.5 -7.62028
-0.0909091 -23372.1 -8.62876
-0.10101 -23360 -9.64312
-0.111111 -23350.1 -10.7104
-0.121212 -23340.5 -11.7836
-0.131313 -23332.9 -12.9007
-0.141414 -23325.6 -14.0237
-0.151515 -23320.1 -15.1832
-0.161616 -23314.8 -16.3487
-0.171717 -23311 -17.5456
-0.181818 -23307.4 -18.7488
-0.191919 -23305.1 -19.9802
-0.20202 -23302.9 -21.2179
-0.212121 -23301.8 -22.4809
-0.222222 -23300.8 -23.7502
-0.232323 -23300.5 -25.0418
-0.242424 -23300.4 -26.3394
-0.252525 -23300.9 -27.6557
-0.262626 -23301.5 -28.9773
-0.272727 -23302.4 -30.3138
-0.282828 -23303.5 -31.6547
-0.292929 -23304.8 -33.0068
-0.30303 -23306.2 -34.362
-0.313131 -23307.8 -35.7246
-0.323232 -23309.3 -37.0891
-0.333333 -23311 -38.4577
-0.343434 -23312.7 -39.8268
-0.353535 -23314.4 -41.1971
-0.363636 -23316.2 -42.5666
-0.373737 -23317.9 -43.9348
-0.383838 -23319.6 -45.301
-0.393939 -23321.3 -46.664
-0.40404 -23323 -48.0237
-0.414141 -23324.6 -49.3787
-0.424242 -23326.2 -50.7294
-0.434343 -23327.8 -52.0741
-0.444444 -23329.3 -53.4135
-0.454545 -23330.8 -54.7462
-0.464646 -23332.3 -56.0726
-0.474747 -23333.7 -57.3916
-0.484848 -23335.1 -58.7035
-0.494949 -23336.5 -60.0076
-0.505051 -23337.8 -61.3038
-0.515152 -23339.2 -62.592
-0.525253 -23340.5 -63.8715
-0.535354 -23341.8 -65.143
-0.545455 -23343.1 -66.405
-0.555556 -23344.4 -67.659
-0.565657 -23345.7 -68.9029
-0.575758 -23346.9 -70.1389
-0.585859 -23348.2 -71.3642
-0.59596 -23349.5 -72.5816
-0.606061 -23350.8 -73.7878
-0.616162 -23352.1 -74.9865
-0.626263 -23353.5 -76.1733
-0.636364 -23354.8 -77.353
-0.646465 -23356.2 -78.5204
-0.656566 -23357.6 -79.681
-0.666667 -23359 -80.829
-0.676768 -23360.4 -81.9706
-0.686869 -23361.9 -83.0996
-0.69697 -23363.4 -84.2226
-0.707071 -23364.9 -85.333
-0.717172 -23366.5 -86.4381
-0.727273 -23368 -87.5308
-0.737374 -23369.6 -88.6187
-0.747475 -23371.3 -89.6947
-0.757576 -23372.9 -90.7667
-0.767677 -23374.6 -91.8276
-0.777778 -23376.2 -92.8851
-0.787879 -23377.9 -93.9327
-0.79798 -23379.6 -94.9774
-0.808081 -23381.3 -96.0136
-0.818182 -23383.1 -97.0477
-0.828283 -23384.8 -98.0748
-0.838384 -23386.5 -99.1004
-0.848485 -23388.1 -100.121
-0.858586 -23389.8 -101.14
-0.868687 -23391.3 -102.156
-0.878788 -23392.9 -103.171
-0.888889 -23394.4 -104.185
-0.89899 -23395.8 -105.199
-0.909091 -23397.2 -106.212
-0.919192 -23398.5 -107.226
-0.929293 -23399.6 -108.241
-0.939394 -23400.6 -109.257
-0.949495 -23401.5 -110.277
-0.959596 -23402.3 -111.297
-0.969697 -23402.9 -112.328
-0.979798 -23403.4 -113.359
-0.989899 -23403.6 -114.35
-1 -23403.8 -115.339
