0 22008 0.00198738
-0.010101 21412.5 -5.64739
-0.020202 21400.9 -11.3105
-0.030303 21388.1 -17.5576
-0.040404 21375.3 -23.8099
-0.0505051 21362.3 -30.1869
-0.0606061 21349.4 -36.5674
-0.0707071 21336.9 -43.0048
-0.0808081 21324.6 -49.4438
-0.0909091 21313.2 -55.9003
-0.10101 21302 -62.3567
-0.111111 21292 -68.8126
-0.121212 21282.1 -75.2673
-0.131313 21273.6 -81.7136
-0.141414 21265.3 -88.1579
-0.151515 21258.3 -94.5893
-0.161616 21251.6 -101.017
-0.171717 21246 -107.429
-0.181818 21240.7 -113.836
-0.191919 21236.6 -120.222
-0.20202 21232.6 -126.602
-0.212121 21229.6 -132.959
-0.222222 21226.8 -139.307
-0.232323 21224.9 -145.628
-0.242424 21223.1 -151.941
-0.252525 21222 -158.225
-0.262626 21221 -164.498
-0.272727 21220.6 -170.743
-0.282828 21220.4 -176.976
-0.292929 21220.5 -183.18
-0.30303 21220.8 -189.372
-0.313131 21221.4 -195.535
-0.323232 21222.1 -201.686
-0.333333 21223 -207.809
-0.343434 21223.9 -213.918
-0.353535 21225 -220.002
-0.363636 21226.2 -226.07
-0.373737 21227.4 -232.114
-0.383838 21228.7 -238.142
-0.393939 21230.1 -244.146
-0.40404 21231.4 -250.133
-0.414141 21232.8 -256.096
-0.424242 21234.2 -262.043
-0.434343 21235.6 -267.965
-0.444444 21237 -273.869
-0.454545 21238.4 -279.75
-0.464646 21239.8 -285.61
-0.474747 21241.2 -291.447
-0.484848 21242.6 -297.263
-0.494949 21243.9 -303.055
-0.505051 21245.3 -308.823
-0.515152 21246.6 -314.568
-0.525253 21247.9 -320.287
-0.535354 21249.2 -325.982
-0.545455 21250.5 -331.649
-0.555556 21251.8 -337.291
-0.565657 21253.1 -342.903
-0.575758 21254.4 -348.49
-0.585859 21255.7 -354.044
-0.59596 21257 -359.573
-0.606061 21258.3 -365.064
-0.616162 21259.6 -370.531
-0.626263 21260.9 -375.957
-0.636364 21262.2 -381.358
-0.646465 21263.6 -386.715
-0.656566 21264.9 -392.046
-0.666667 21266.2 -397.328
-0.676768 21267.6 -402.585
-0.686869 21269 -407.789
-0.69697 21270.4 -412.967
-0.707071 21271.8 -418.087
-0.717172 21273.2 -423.181
-0.727273 21274.6 -428.212
-0.737374 21276 -433.217
-0.747475 21277.4 -438.153
-0.757576 21278.9 -443.063
-0.767677 21280.3 -447.898
-0.777778 21281.7 -452.709
-0.787879 21283.2 -457.437
-0.79798 21284.6 -462.142
-0.808081 21286 -466.757
-0.818182 21287.3 -471.349
-0.828283 21288.7 -475.846
-0.838384 21290 -480.32
-0.848485 21291.3 -484.692
-0.858586 21292.5 -489.043
-0.868687 21293.7 -493.285
-0.878788 21294.8 -497.508
-0.888889 21295.8 -501.614
-0.89899 21296.8 -505.705
-0.909091 21297.7 -509.673
-0.919192 21298.6 -513.627
-0.929293 21299.2 -517.455
-0.939394 21299.9 -521.271
-0.949495 21300.4 -524.96
-0.959596 21300.8 -528.64
-0.969697 21301.1 -532.196
-0.979798 21301.4 -535.747
-0.989899 21301.5 -539.221
-1 21301.5 -542.694
